0.0
0.0
0.0
0.0
0.0
0.0
0.0
0.0
0.0
0.0
0.0
0.0
0.0
0.0
0.0
0.0
0.0
0.0
0.0
0.0
0.0
0.0
0.0
0.0
0.0
0.0
0.0
0.0
0.0
0.0
0.0
0.0
0.0
0.0
0.0
0.0
0.0
0.0
0.0
0.0
0.0
0.0
0.0
0.0
0.0
0.0
0.0
0.0
0.0
0.0
0.0
0.0
0.0
0.0
0.0
0.0
0.0
0.0
0.0
0.0
0.0
0.0
0.0
0.0
0.0
0.0
0.0
0.0
0.0
0.0
0.0
0.0
0.0
0.0
0.0
0.0
0.0
0.0
0.0
0.0
0.0
0.0
0.0
0.0
0.0
0.0
0.0
0.0
0.0
0.0
0.0
0.0
0.0
0.0
0.0
0.0
0.0
0.0
0.0
0.0
0.0
0.0
0.0
0.0
0.0
0.0
0.0
0.0
0.0
0.0
0.0
0.0
0.0
0.0
0.0
0.0
0.0
0.0
0.0
0.0
0.0
0.0
0.0
0.0
0.0
0.0
0.0
0.0
0.0
0.0
0.0
0.0
0.0
0.0
0.0
0.0
0.0
0.0
0.0
0.0
0.0
0.0
0.0
0.0
0.0
0.0
0.0
0.0
0.0
0.0
0.0
0.0
0.0
0.0
0.0
0.0
0.0
0.0
0.0
0.0
0.0
0.0
0.0
0.0
0.0
0.0
0.0
0.0
0.0
0.0
0.0
0.0
0.0
0.0
0.0
0.0
0.0
0.0
0.0
0.0
0.0
0.0
0.0
0.0
0.0
0.0
0.0
0.0
0.0
0.0
0.0
0.0
0.0
0.0
0.0
0.0
0.0
0.0
0.0
0.0
0.0
0.0
0.0
0.0
0.0
0.0
0.0
0.0
0.0
0.0
0.0
0.0
0.0
0.0
0.0
0.0
0.0
0.0
0.0
0.0
0.0
0.0
0.0
0.0
0.0
0.0
0.0
0.0
0.0
0.0
0.0
0.0
0.0
0.0
0.0
0.0
0.0
0.0
0.0
0.0
0.0
0.0
0.0
0.0
0.0
0.0
0.0
0.0
0.0
0.0
0.0
0.0
0.0
0.0
0.0
0.0
0.0
0.0
0.0
0.0
0.0
0.0
0.0
0.0
0.0
0.207843137254902
0.0
0.0
0.0
0.0
0.0
0.0
0.0
0.0
0.0
0.0
0.1686274509803921
0.8627450980392157
0.0
0.0
0.0
0.0
0.0
0.0
0.0
0.0
0.0
0.0
0.0
0.03529411764705881
0.7098039215686274
1.0
0.9921568627450981
0.9921568627450981
0.6313725490196078
0.0
0.0
0.0
0.0
0.0
0.0
0.0
0.0
0.19215686274509802
0.9137254901960784
0.5372549019607843
0.0
0.0
0.0
0.0
0.0
0.0
0.0
0.0
0.0
0.19999999999999996
0.6313725490196078
0.7607843137254902
0.9882352941176471
0.9921568627450981
0.9882352941176471
0.9882352941176471
0.3411764705882353
0.0
0.0
0.0
0.0
0.0
0.0
0.0
0.11764705882352944
0.8941176470588236
0.9882352941176471
0.45882352941176474
0.0
0.0
0.0
0.0
0.0
0.0
0.0
0.0
0.06666666666666665
0.8941176470588236
0.9882352941176471
0.9882352941176471
0.7411764705882353
0.5372549019607843
0.9882352941176471
0.9137254901960784
0.12941176470588234
0.0
0.0
0.0
0.0
0.0
0.0
0.027450980392156876
0.607843137254902
0.9882352941176471
0.7647058823529411
0.06274509803921569
0.0
0.0
0.0
0.0
0.0
0.0
0.0
0.0
0.2588235294117647
0.9882352941176471
0.9882352941176471
0.5254901960784314
0.015686274509803977
0.09411764705882353
0.9882352941176471
0.7176470588235294
0.0
0.0
0.0
0.0
0.0
0.0
0.0
0.6274509803921569
0.9882352941176471
0.8901960784313725
0.11372549019607847
0.0
0.0
0.0
0.0
0.0
0.0
0.0
0.0
0.0
0.5411764705882354
0.9882352941176471
0.5333333333333333
0.015686274509803977
0.0
0.09411764705882353
0.9882352941176471
0.8431372549019608
0.08235294117647063
0.0
0.0
0.0
0.0
0.1686274509803921
0.8627450980392157
0.9921568627450981
0.9058823529411765
0.18823529411764706
0.0
0.0
0.0
0.0
0.0
0.0
0.0
0.0
0.0
0.0
1.0
0.8941176470588236
0.12549019607843137
0.0
0.0
0.09411764705882353
0.9921568627450981
0.8705882352941177
0.0980392156862745
0.0
0.0117647058823529
0.09411764705882353
0.42352941176470593
0.9137254901960784
0.9921568627450981
0.7019607843137254
0.16470588235294115
0.0
0.0
0.0
0.0
0.0
0.0
0.0
0.0
0.0
0.0
0.0
0.9921568627450981
0.9254901960784314
0.1725490196078432
0.0
0.0
0.07450980392156858
0.9254901960784314
0.9882352941176471
0.5294117647058824
0.388235294117647
0.6666666666666667
0.9882352941176471
0.9882352941176471
0.9882352941176471
0.8235294117647058
0.16470588235294115
0.0
0.0
0.0
0.0
0.0
0.0
0.0
0.0
0.0
0.0
0.0
0.0
0.9921568627450981
0.9882352941176471
0.2705882352941177
0.0
0.0
0.0
0.3058823529411765
0.9882352941176471
0.9882352941176471
0.9882352941176471
0.9921568627450981
0.9882352941176471
0.9137254901960784
0.5529411764705883
0.02352941176470591
0.0
0.0
0.0
0.0
0.0
0.0
0.0
0.0
0.0
0.0
0.0
0.0
0.0
0.9921568627450981
0.9882352941176471
0.2705882352941177
0.0
0.0
0.0
0.03529411764705881
0.3019607843137255
0.6274509803921569
0.792156862745098
0.38431372549019605
0.17647058823529416
0.12941176470588234
0.0
0.0
0.0
0.0
0.0
0.0
0.0
0.0
0.0
0.0
0.0
0.0
0.0
0.0
0.0
0.788235294117647
0.9882352941176471
0.2705882352941177
0.0
0.0
0.0
0.0
0.0
0.0
0.04313725490196074
0.0
0.0
0.0
0.0
0.0
0.0
0.0
0.0
0.0
0.0
0.0
0.0
0.0
0.0
0.0
0.0
0.0
0.0
0.4980392156862745
0.9019607843137255
0.24705882352941178
0.0
0.0
0.0
0.0
0.0
0.0
0.0
0.0
0.0
0.0
0.0
0.0
0.0
0.0
0.0
0.0
0.0
0.0
0.0
0.0
0.0
0.0
0.0
0.0
0.0
0.0
0.0
0.0
0.0
0.0
0.0
0.0
0.0
0.0
0.0
0.0
0.0
0.0
0.0
0.0
0.0
0.0
0.0
0.0
0.0
0.0
0.0
0.0
0.0
0.0
0.0
0.0
0.0
0.0
0.0
0.0
0.0
0.0
0.0
0.0
0.0
0.0
0.0
0.0
0.0
0.0
0.0
0.0
0.0
0.0
0.0
0.0
0.0
0.0
0.0
0.0
0.0
0.0
0.0
0.0
0.0
0.0
0.0
0.0
0.0
0.0
0.0
0.0
0.0
0.0
0.0
0.0
0.0
0.0
0.0
0.0
0.0
0.0
0.0
0.0
0.0
0.0
0.0
0.0
0.0
0.0
0.0
0.0
0.0
0.0
0.0
0.0
0.0
0.0
0.0
0.0
0.0
0.0
0.0
0.0
0.0
0.0
0.0
0.0
0.0
0.0
0.0
0.0
0.0
0.0
0.0
0.0
0.0
0.0
0.0
0.0
0.0
0.0
0.0
0.0
0.0
0.0
0.0
0.0
0.0
0.0
0.0
0.0
0.0
0.0
0.0
0.0
0.0
0.0
0.0
0.0
0.0
0.0
0.0
0.0
0.0
0.0
0.0
0.0
0.0
0.0
0.0
0.0
0.0
0.0
0.0
0.0
0.0
0.0
0.0
0.0
0.0
0.0
0.0
0.0
0.0
0.0
0.0
0.0
0.0
0.0
0.0
0.0
0.0
0.0
0.0
0.0
0.0
0.0
0.0
0.0
0.0
0.0
0.0
0.0
0.0
0.0
0.0
0.0
0.0
0.0
0.0
0.0
0.0
0.0
0.0
0.0
0.0
0.0
0.0
