0.0
0.0
0.0
0.0
0.0
0.0
0.0
0.0
0.0
0.0
0.0
0.0
0.0
0.0
0.0
0.0
0.0
0.0
0.0
0.0
0.0
0.0
0.0
0.0
0.0
0.0
0.0
0.0
0.0
0.0
0.0
0.0
0.0
0.0
0.0
0.0
0.0
0.0
0.0
0.0
0.0
0.0
0.0
0.0
0.0
0.0
0.0
0.0
0.0
0.0
0.0
0.0
0.0
0.0
0.0
0.0
0.0
0.0
0.0
0.0
0.0
0.0
0.0
0.0
0.0
0.0
0.0
0.0
0.0
0.0
0.0
0.0
0.0
0.0
0.0
0.0
0.0
0.0
0.0
0.0
0.0
0.0
0.0
0.0
0.0
0.0
0.0
0.0
0.0
0.0
0.0
0.0
0.0
0.0
0.0
0.0
0.0
0.0
0.0
0.0
0.0
0.0
0.0
0.0
0.0
0.0
0.0
0.0
0.0
0.0
0.0
0.0
0.0
0.0
0.0
0.0
0.0
0.0
0.0
0.0
0.0
0.0
0.0
0.0
0.0
0.0
0.0
0.0
0.0
0.0
0.0
0.0
0.0
0.0
0.0
0.0
0.0
0.0
0.0
0.0
0.0
0.0
0.0
0.0
0.0
0.0
0.0
0.0
0.0
0.0
0.0
0.0
0.0
0.0
0.0
0.0
0.0
0.0
0.0
0.0
0.0
0.0
0.0
0.0
0.0
0.0
0.0
0.0
0.0
0.0
0.0
0.0
0.0
0.0
0.0
0.0
0.0
0.0
0.0
0.0
0.0
0.0
0.0
0.0
0.0
0.0
0.0
0.0
0.0
0.0
0.0
0.0
0.0
0.0
0.0
0.0
0.0
0.0
0.0
0.0
0.0
0.0
0.0
0.0
0.0
0.0
0.0
0.0
0.0
0.0
0.0
0.0
0.0
0.0
0.0
0.0
0.0
0.0
0.0
0.0
0.0
0.0
0.0
0.0
0.0
0.0
0.0
0.0
0.0
0.0
0.0
0.0
0.0
0.0
0.0
0.0
0.0
0.5215686274509803
0.6470588235294117
0.7607843137254902
0.8392156862745098
0.8392156862745098
0.43137254901960786
0.0
0.0
0.0
0.0
0.0
0.0
0.0
0.0
0.0
0.0
0.0
0.0
0.0
0.0
0.0
0.0
0.0
0.0
0.03137254901960784
0.2666666666666667
0.2666666666666667
0.792156862745098
0.9843137254901961
0.9921568627450981
0.9921568627450981
0.9921568627450981
0.9921568627450981
0.9607843137254902
0.7333333333333334
0.11372549019607847
0.0
0.0
0.0
0.0
0.0
0.0
0.0
0.0
0.0
0.0
0.0
0.0
0.0
0.0
0.0
0.03529411764705881
0.5686274509803921
0.9921568627450981
0.9921568627450981
0.996078431372549
0.9921568627450981
0.9921568627450981
0.9921568627450981
0.8823529411764706
0.9921568627450981
0.9921568627450981
0.9921568627450981
0.5254901960784314
0.0
0.0
0.0
0.0
0.0
0.0
0.0
0.0
0.0
0.0
0.0
0.0
0.0
0.0
0.2313725490196078
0.7333333333333334
0.9921568627450981
0.9921568627450981
0.9921568627450981
0.9215686274509804
0.611764705882353
0.3137254901960784
0.3137254901960784
0.14901960784313728
0.3137254901960784
0.6941176470588235
0.9921568627450981
0.9764705882352941
0.3254901960784313
0.0
0.0
0.0
0.0
0.0
0.0
0.0
0.0
0.0
0.0
0.0
0.03529411764705881
0.24705882352941178
0.8980392156862745
0.9921568627450981
0.9921568627450981
0.9333333333333333
0.607843137254902
0.19215686274509802
0.0
0.0
0.0
0.0
0.0
0.16078431372549018
0.9921568627450981
0.9921568627450981
0.5215686274509803
0.0
0.0
0.0
0.0
0.0
0.0
0.0
0.0
0.0
0.0
0.0
0.34509803921568627
0.9921568627450981
0.9921568627450981
0.9843137254901961
0.8862745098039215
0.17647058823529416
0.0
0.0
0.0
0.0
0.019607843137254943
0.05490196078431375
0.44313725490196076
0.3686274509803922
0.9921568627450981
0.9921568627450981
0.9647058823529412
0.0
0.0
0.0
0.0
0.0
0.0
0.0
0.0
0.0
0.0
0.4745098039215686
0.9215686274509804
0.9921568627450981
0.8823529411764706
0.39607843137254906
0.0
0.0
0.0
0.0
0.0
0.196078431372549
0.6745098039215687
0.9921568627450981
0.9921568627450981
0.9921568627450981
0.9921568627450981
0.9921568627450981
0.7450980392156863
0.0
0.0
0.0
0.0
0.0
0.0
0.0
0.0
0.0
0.6705882352941177
0.996078431372549
0.996078431372549
0.8745098039215686
0.13725490196078427
0.0
0.0
0.0
0.0
0.0
0.0
0.6196078431372549
0.996078431372549
0.996078431372549
0.996078431372549
1.0
1.0
1.0
0.4745098039215686
0.0
0.0
0.0
0.0
0.0
0.0
0.0
0.0
0.6705882352941177
0.9921568627450981
0.9921568627450981
0.4745098039215686
0.03529411764705881
0.0
0.0
0.0
0.0
0.0
0.20392156862745103
0.9215686274509804
0.9882352941176471
0.9921568627450981
0.8823529411764706
0.1843137254901961
0.6980392156862745
0.9921568627450981
0.9921568627450981
0.47058823529411764
0.0
0.0
0.0
0.0
0.0
0.0
0.0
0.0
0.8235294117647058
0.8196078431372549
0.43529411764705883
0.015686274509803977
0.0
0.0
0.0
0.0
0.0
0.196078431372549
0.9450980392156862
0.9921568627450981
0.9921568627450981
0.23921568627450984
0.07450980392156858
0.27450980392156865
0.7960784313725491
0.9921568627450981
0.9725490196078431
0.29803921568627456
0.0
0.0
0.0
0.0
0.0
0.0
0.0
0.0
0.36078431372549025
0.08235294117647063
0.0
0.0
0.0
0.0
0.0
0.0
0.0
0.5254901960784314
0.996078431372549
0.9921568627450981
0.7960784313725491
0.07450980392156858
0.25098039215686274
0.8156862745098039
0.9921568627450981
0.9607843137254902
0.3647058823529412
0.0
0.0
0.0
0.0
0.0
0.0
0.0
0.0
0.0
0.0
0.0
0.0
0.0
0.0
0.0
0.0
0.0
0.0
0.388235294117647
0.996078431372549
0.9921568627450981
0.9921568627450981
0.8196078431372549
0.9490196078431372
0.9921568627450981
0.9529411764705882
0.3764705882352941
0.0
0.0
0.0
0.0
0.0
0.0
0.0
0.0
0.0
0.0
0.0
0.0
0.0
0.0
0.0
0.0
0.0
0.0
0.0
0.0
0.5098039215686274
0.7803921568627451
0.8588235294117648
0.9921568627450981
0.8274509803921568
0.6705882352941177
0.2196078431372549
0.0
0.0
0.0
0.0
0.0
0.0
0.0
0.0
0.0
0.0
0.0
0.0
0.0
0.0
0.0
0.0
0.0
0.0
0.0
0.0
0.0
0.0
0.0
0.11764705882352944
0.3137254901960784
0.06666666666666665
0.0
0.0
0.0
0.0
0.0
0.0
0.0
0.0
0.0
0.0
0.0
0.0
0.0
0.0
0.0
0.0
0.0
0.0
0.0
0.0
0.0
0.0
0.0
0.0
0.0
0.0
0.0
0.0
0.0
0.0
0.0
0.0
0.0
0.0
0.0
0.0
0.0
0.0
0.0
0.0
0.0
0.0
0.0
0.0
0.0
0.0
0.0
0.0
0.0
0.0
0.0
0.0
0.0
0.0
0.0
0.0
0.0
0.0
0.0
0.0
0.0
0.0
0.0
0.0
0.0
0.0
0.0
0.0
0.0
0.0
0.0
0.0
0.0
0.0
0.0
0.0
0.0
0.0
0.0
0.0
0.0
0.0
0.0
0.0
0.0
0.0
0.0
0.0
0.0
0.0
0.0
0.0
0.0
0.0
0.0
0.0
0.0
0.0
0.0
0.0
0.0
0.0
0.0
0.0
0.0
0.0
0.0
0.0
0.0
0.0
0.0
0.0
0.0
0.0
0.0
0.0
0.0
0.0
0.0
0.0
0.0
0.0
0.0
0.0
0.0
0.0
0.0
0.0
0.0
0.0
0.0
0.0
0.0
0.0
0.0
0.0
0.0
0.0
0.0
0.0
0.0
0.0
0.0
0.0
0.0
0.0
0.0
0.0
0.0
0.0
0.0
0.0
0.0
0.0
0.0
0.0
0.0
0.0
0.0
0.0
0.0
0.0
0.0
0.0
0.0
0.0
0.0
0.0
0.0
0.0
0.0
0.0
0.0
0.0
0.0
0.0
0.0
0.0
0.0
