0.0
0.0
0.0
0.0
0.0
0.0
0.0
0.0
0.0
0.0
0.0
0.0
0.0
0.0
0.0
0.0
0.0
0.0
0.0
0.0
0.0
0.0
0.0
0.0
0.0
0.0
0.0
0.0
0.0
0.0
0.0
0.0
0.0
0.0
0.0
0.0
0.0
0.0
0.0
0.0
0.0
0.0
0.0
0.0
0.0
0.0
0.0
0.0
0.0
0.0
0.0
0.0
0.0
0.0
0.0
0.0
0.0
0.0
0.0
0.0
0.0
0.0
0.0
0.0
0.0
0.0
0.0
0.0
0.0
0.0
0.0
0.0
0.0
0.0
0.0
0.0
0.0
0.0
0.0
0.0
0.0
0.0
0.0
0.0
0.0
0.0
0.0
0.0
0.0
0.0
0.0
0.0
0.0
0.0
0.0
0.0
0.0
0.0
0.0
0.0
0.0
0.0
0.0
0.0
0.0
0.0
0.0
0.0
0.0
0.0
0.0
0.0
0.0
0.0
0.0
0.0
0.0
0.0
0.0
0.0
0.0
0.0
0.0
0.0
0.0
0.0
0.0
0.0
0.0
0.0
0.0
0.0
0.0
0.1568627450980392
0.5647058823529412
0.3764705882352941
0.0
0.0
0.0
0.0
0.0
0.0
0.0
0.0
0.0
0.0
0.0
0.0
0.0
0.0
0.0
0.0
0.0
0.0
0.0
0.0
0.0
0.0
0.0
0.0
0.0
0.607843137254902
0.9921568627450981
0.9921568627450981
0.0
0.0
0.0
0.0
0.0
0.0
0.0
0.0
0.0
0.0
0.0
0.0
0.0
0.0
0.0
0.0
0.0
0.0
0.0
0.0
0.0
0.0
0.0
0.0
0.039215686274509776
0.9294117647058824
0.9921568627450981
0.9921568627450981
0.0
0.0
0.0
0.0
0.0
0.0
0.0
0.0
0.0
0.0
0.0
0.0
0.0
0.0
0.0
0.0
0.0
0.0
0.0
0.0
0.0
0.0
0.0
0.0
0.04705882352941182
0.9921568627450981
0.9921568627450981
0.9921568627450981
0.0
0.0
0.0
0.0
0.0
0.0
0.0
0.0
0.03137254901960784
0.2196078431372549
0.5764705882352941
0.6509803921568628
0.3686274509803922
0.2196078431372549
0.11372549019607847
0.0
0.0
0.0
0.0
0.0
0.0
0.0
0.0
0.0
0.03529411764705881
0.9098039215686274
0.9921568627450981
0.9921568627450981
0.0
0.0
0.0
0.0
0.0
0.0
0.0
0.0
0.4745098039215686
0.9921568627450981
0.9921568627450981
0.9921568627450981
0.9921568627450981
0.9921568627450981
0.8705882352941177
0.13725490196078427
0.0
0.0
0.0
0.0
0.0
0.0
0.0
0.0
0.03529411764705881
0.9098039215686274
0.9921568627450981
0.6509803921568628
0.0
0.0
0.0
0.0
0.0
0.0
0.0
0.0
0.9607843137254902
0.9921568627450981
0.9921568627450981
0.9529411764705882
0.9607843137254902
0.9921568627450981
0.9921568627450981
0.8666666666666667
0.14509803921568631
0.0
0.0
0.0
0.0
0.0
0.0
0.0
0.44313725490196076
0.9921568627450981
0.9921568627450981
0.5607843137254902
0.0
0.0
0.0
0.0
0.0
0.0
0.0
0.0
0.7333333333333334
0.9921568627450981
0.8235294117647058
0.02352941176470591
0.0862745098039216
0.388235294117647
0.8666666666666667
0.9921568627450981
0.8745098039215686
0.1568627450980392
0.0
0.0
0.0
0.0
0.0
0.0
0.7411764705882353
0.9921568627450981
0.9921568627450981
0.29803921568627456
0.0
0.0
0.0
0.0
0.0
0.0
0.0
0.0
0.43529411764705883
0.9921568627450981
0.9921568627450981
0.1725490196078432
0.0
0.0
0.14509803921568631
0.8745098039215686
0.9921568627450981
0.6901960784313725
0.0
0.0
0.0
0.0
0.0
0.0
0.9098039215686274
0.9921568627450981
0.9019607843137255
0.09019607843137256
0.0
0.0
0.0
0.0
0.0
0.0
0.0
0.0
0.1333333333333333
0.9921568627450981
0.9921568627450981
0.4745098039215686
0.0
0.0
0.0
0.41960784313725485
0.9921568627450981
0.9921568627450981
0.0
0.0
0.0
0.0
0.0
0.0
0.9098039215686274
0.9921568627450981
0.6901960784313725
0.0
0.0
0.0
0.0
0.0
0.0
0.0
0.0
0.0
0.05882352941176472
0.8274509803921568
0.996078431372549
0.9098039215686274
0.0
0.0
0.0
0.0
0.7411764705882353
0.996078431372549
0.49411764705882355
0.0
0.0
0.0
0.0
0.3529411764705882
0.996078431372549
1.0
0.6352941176470588
0.0
0.0
0.0
0.0
0.0
0.0
0.0
0.0
0.0
0.0
0.580392156862745
0.9921568627450981
0.9686274509803922
0.2431372549019608
0.0
0.0
0.0
0.4392156862745098
0.9921568627450981
0.9568627450980393
0.21176470588235297
0.0
0.0
0.0
0.6509803921568628
0.9921568627450981
0.9490196078431372
0.19215686274509802
0.0
0.0
0.0
0.0
0.0
0.0
0.0
0.0
0.0
0.0
0.26274509803921564
0.9921568627450981
0.9921568627450981
0.34509803921568627
0.0
0.0
0.0
0.18823529411764706
0.9450980392156862
0.996078431372549
0.4745098039215686
0.0
0.0
0.0862745098039216
0.8627450980392157
0.9921568627450981
0.8196078431372549
0.0
0.0
0.0
0.0
0.0
0.0
0.0
0.0
0.0
0.0
0.0
0.23921568627450984
0.9803921568627451
0.9921568627450981
0.5686274509803921
0.0
0.0
0.0
0.0
0.8313725490196078
0.996078431372549
0.7568627450980392
0.015686274509803977
0.0
0.2588235294117647
0.9921568627450981
0.9882352941176471
0.37254901960784315
0.0
0.0
0.0
0.0
0.0
0.0
0.0
0.0
0.0
0.0
0.0
0.0
0.8235294117647058
0.9921568627450981
0.7764705882352941
0.0
0.0
0.0
0.0
0.43529411764705883
0.996078431372549
0.9921568627450981
0.2666666666666667
0.05882352941176472
0.8745098039215686
0.9921568627450981
0.8549019607843137
0.0
0.0
0.0
0.0
0.0
0.0
0.0
0.0
0.0
0.0
0.0
0.0
0.0
0.4862745098039216
0.9921568627450981
0.7764705882352941
0.0
0.0
0.0
0.0
0.09411764705882353
0.996078431372549
0.9921568627450981
0.603921568627451
0.580392156862745
0.9921568627450981
0.9921568627450981
0.3686274509803922
0.0
0.0
0.0
0.0
0.0
0.0
0.0
0.0
0.0
0.0
0.0
0.0
0.0
0.3921568627450981
0.9921568627450981
0.7568627450980392
0.0
0.0
0.0
0.0
0.0
0.6
0.9921568627450981
0.9607843137254902
0.9921568627450981
0.9921568627450981
0.9803921568627451
0.08235294117647063
0.0
0.0
0.0
0.0
0.0
0.0
0.0
0.0
0.0
0.0
0.0
0.0
0.0
0.3254901960784313
0.9882352941176471
0.607843137254902
0.0
0.0
0.0
0.0
0.0
0.2784313725490196
0.9411764705882353
0.9921568627450981
0.9921568627450981
0.9568627450980393
0.5333333333333333
0.0
0.0
0.0
0.0
0.0
0.0
0.0
0.0
0.0
0.0
0.0
0.0
0.0
0.0
0.0
0.4745098039215686
0.5372549019607843
0.0
0.0
0.0
0.0
0.0
0.0
0.3764705882352941
0.9921568627450981
0.9921568627450981
0.6431372549019607
0.0
0.0
0.0
0.0
0.0
0.0
0.0
0.0
0.0
0.0
0.0
0.0
0.0
0.0
0.0
0.0
0.0
0.0
0.0
0.0
0.0
0.0
0.0
0.0
0.03529411764705881
0.12941176470588234
0.12941176470588234
0.04705882352941182
0.0
0.0
0.0
0.0
0.0
0.0
0.0
0.0
0.0
0.0
0.0
0.0
0.0
0.0
0.0
0.0
0.0
0.0
0.0
0.0
0.0
0.0
0.0
0.0
0.0
0.0
0.0
0.0
0.0
0.0
0.0
0.0
0.0
0.0
0.0
0.0
0.0
0.0
0.0
0.0
0.0
0.0
0.0
0.0
0.0
0.0
0.0
0.0
0.0
0.0
0.0
0.0
0.0
0.0
0.0
0.0
0.0
0.0
0.0
0.0
0.0
0.0
0.0
0.0
0.0
0.0
0.0
0.0
0.0
0.0
0.0
0.0
0.0
0.0
0.0
0.0
0.0
0.0
0.0
0.0
0.0
0.0
0.0
0.0
0.0
0.0
0.0
0.0
0.0
0.0
0.0
0.0
0.0
0.0
0.0
0.0
0.0
0.0
0.0
0.0
0.0
0.0
0.0
0.0
0.0
0.0
0.0
0.0
0.0
0.0
0.0
0.0
0.0
0.0
0.0
0.0
0.0
0.0
0.0
0.0
0.0
