0.0
0.0
0.0
0.0
0.0
0.0
0.0
0.0
0.0
0.0
0.0
0.0
0.0
0.0
0.0
0.0
0.0
0.0
0.0
0.0
0.0
0.0
0.0
0.0
0.0
0.0
0.0
0.0
0.0
0.0
0.0
0.0
0.0
0.0
0.0
0.0
0.0
0.0
0.0
0.0
0.0
0.0
0.0
0.0
0.0
0.0
0.0
0.0
0.0
0.0
0.0
0.0
0.0
0.0
0.0
0.0
0.0
0.0
0.0
0.0
0.0
0.0
0.0
0.0
0.0
0.0
0.0
0.0
0.0
0.0
0.0
0.0
0.0
0.0
0.0
0.0
0.0
0.0
0.0
0.0
0.0
0.0
0.0
0.0
0.0
0.0
0.0
0.0
0.0
0.0
0.0
0.0
0.0
0.0
0.0
0.0
0.0
0.0
0.0
0.0
0.0
0.0
0.0
0.0
0.0
0.0
0.0
0.0
0.0
0.0
0.0
0.0
0.0
0.0
0.0
0.0
0.0
0.0
0.0
0.0
0.0
0.0
0.0
0.0
0.0
0.0
0.0
0.0
0.0
0.0
0.0
0.0
0.0
0.0
0.0
0.0
0.0
0.0
0.0
0.0
0.0
0.0
0.0
0.0
0.0
0.0
0.0
0.0
0.0
0.0
0.0
0.0
0.0
0.0
0.0
0.0
0.0
0.0
0.0
0.0
0.0
0.0
0.0
0.0
0.0
0.0
0.0
0.0
0.0
0.0
0.0
0.0
0.0
0.0
0.0
0.0
0.0
0.0
0.0
0.0
0.0
0.0
0.0
0.0
0.0
0.0
0.0
0.0
0.0
0.0
0.0
0.0
0.0
0.0
0.0
0.0
0.0
0.0
0.0
0.0
0.0
0.0
0.0
0.0
0.0
0.0
0.0
0.0
0.0
0.0
0.0
0.2941176470588235
0.4392156862745098
0.4392156862745098
0.4392156862745098
0.4156862745098039
0.0
0.0
0.0
0.0
0.0
0.0
0.0
0.0
0.0
0.0
0.0
0.0
0.0
0.0
0.0
0.0
0.0
0.0
0.0
0.0
0.0
0.29803921568627456
0.7647058823529411
0.9686274509803922
0.9921568627450981
0.9921568627450981
0.9921568627450981
0.9647058823529412
0.18823529411764706
0.0
0.0
0.0
0.0
0.0
0.0
0.0
0.0
0.0
0.0
0.0
0.0
0.0
0.0
0.0
0.0
0.0
0.0
0.10196078431372546
0.7647058823529411
0.9647058823529412
0.9921568627450981
0.9921568627450981
0.9921568627450981
0.9921568627450981
0.9921568627450981
0.9921568627450981
0.9254901960784314
0.18823529411764706
0.0
0.0
0.0
0.0
0.0
0.0
0.0
0.0
0.0
0.0
0.0
0.0
0.0
0.0
0.0
0.0
0.10196078431372546
0.7843137254901961
0.9921568627450981
0.9921568627450981
0.9921568627450981
0.9921568627450981
0.9921568627450981
0.9921568627450981
0.9921568627450981
0.9921568627450981
0.9921568627450981
0.6666666666666667
0.0
0.0
0.0
0.0
0.0
0.0
0.0
0.0
0.0
0.0
0.0
0.0
0.0
0.0
0.0
0.10588235294117643
0.7843137254901961
0.9921568627450981
0.9921568627450981
0.9921568627450981
0.9333333333333333
0.5411764705882354
0.8117647058823529
0.9921568627450981
0.9921568627450981
0.9921568627450981
0.9921568627450981
0.5568627450980392
0.0
0.0
0.0
0.0
0.0
0.0
0.0
0.0
0.0
0.0
0.0
0.0
0.0
0.0
0.43529411764705883
0.8705882352941177
0.9921568627450981
0.9921568627450981
0.6431372549019607
0.17647058823529416
0.2941176470588235
0.9372549019607843
0.9921568627450981
0.9921568627450981
0.9921568627450981
0.9921568627450981
0.9921568627450981
0.9019607843137255
0.0
0.0
0.0
0.0
0.0
0.0
0.0
0.0
0.0
0.0
0.0
0.0
0.0
0.43529411764705883
0.9647058823529412
0.9921568627450981
0.9137254901960784
0.580392156862745
0.050980392156862786
0.05882352941176472
0.6745098039215687
0.9921568627450981
0.9921568627450981
0.8196078431372549
0.7333333333333334
0.9921568627450981
0.9921568627450981
0.9921568627450981
0.0
0.0
0.0
0.0
0.0
0.0
0.0
0.0
0.0
0.0
0.0
0.0
0.43137254901960786
0.9647058823529412
0.9921568627450981
0.9137254901960784
0.2666666666666667
0.0
0.0
0.6
0.9921568627450981
0.9921568627450981
0.8941176470588235
0.0862745098039216
0.07843137254901966
0.9921568627450981
0.9921568627450981
0.9921568627450981
0.0
0.0
0.0
0.0
0.0
0.0
0.0
0.0
0.0
0.0
0.0
0.4274509803921569
0.9686274509803922
0.9921568627450981
0.9921568627450981
0.3058823529411765
0.0
0.0
0.05490196078431375
0.7803921568627451
0.9921568627450981
0.9921568627450981
0.4862745098039216
0.0
0.4627450980392157
0.9921568627450981
0.9921568627450981
0.8745098039215686
0.0
0.0
0.0
0.0
0.0
0.0
0.0
0.0
0.0
0.20392156862745103
0.6941176470588235
0.9725490196078431
0.9921568627450981
0.9176470588235295
0.615686274509804
0.050980392156862786
0.0
0.0
0.2313725490196078
0.9921568627450981
0.9921568627450981
0.8823529411764706
0.10196078431372546
0.0
0.5882352941176471
0.9921568627450981
0.9921568627450981
0.584313725490196
0.0
0.0
0.0
0.0
0.0
0.0
0.0
0.0
0.09019607843137256
0.9764705882352941
0.9921568627450981
0.9921568627450981
0.9921568627450981
0.5411764705882354
0.0
0.0
0.0
0.0
0.3254901960784313
0.9921568627450981
0.9921568627450981
0.7450980392156863
0.0
0.07450980392156858
0.8705882352941177
0.9921568627450981
0.9921568627450981
0.6352941176470588
0.0
0.0
0.0
0.0
0.0
0.0
0.0
0.0
0.8274509803921568
0.9921568627450981
0.9921568627450981
0.9921568627450981
0.39607843137254906
0.04313725490196074
0.0
0.0
0.0
0.0
0.7411764705882353
0.9921568627450981
0.9921568627450981
0.6941176470588235
0.22352941176470587
0.6980392156862745
0.9921568627450981
0.9921568627450981
0.8980392156862745
0.16078431372549018
0.0
0.0
0.0
0.0
0.0
0.0
0.0
0.0
0.996078431372549
0.9921568627450981
0.9372549019607843
0.6549019607843137
0.03529411764705881
0.0
0.0
0.0
0.0
0.0
0.7411764705882353
0.9921568627450981
0.9921568627450981
0.9921568627450981
0.9921568627450981
0.9921568627450981
0.9921568627450981
0.8941176470588235
0.16470588235294115
0.0
0.0
0.0
0.0
0.0
0.0
0.0
0.0
0.0
0.996078431372549
0.9450980392156862
0.23921568627450984
0.0
0.0
0.0
0.0
0.0
0.0
0.0
0.4274509803921569
0.9921568627450981
0.9921568627450981
0.9921568627450981
0.9921568627450981
0.9921568627450981
0.8941176470588235
0.16470588235294115
0.0
0.0
0.0
0.0
0.0
0.0
0.0
0.0
0.0
0.0
0.40784313725490196
0.2196078431372549
0.0
0.0
0.0
0.0
0.0
0.0
0.0
0.0
0.09411764705882353
0.5098039215686274
0.9686274509803922
0.9411764705882353
0.8509803921568627
0.40784313725490196
0.1686274509803921
0.0
0.0
0.0
0.0
0.0
0.0
0.0
0.0
0.0
0.0
0.0
0.0
0.0
0.0
0.0
0.0
0.0
0.0
0.0
0.0
0.0
0.0
0.0
0.3019607843137255
0.14509803921568631
0.0
0.0
0.0
0.0
0.0
0.0
0.0
0.0
0.0
0.0
0.0
0.0
0.0
0.0
0.0
0.0
0.0
0.0
0.0
0.0
0.0
0.0
0.0
0.0
0.0
0.0
0.0
0.0
0.0
0.0
0.0
0.0
0.0
0.0
0.0
0.0
0.0
0.0
0.0
0.0
0.0
0.0
0.0
0.0
0.0
0.0
0.0
0.0
0.0
0.0
0.0
0.0
0.0
0.0
0.0
0.0
0.0
0.0
0.0
0.0
0.0
0.0
0.0
0.0
0.0
0.0
0.0
0.0
0.0
0.0
0.0
0.0
0.0
0.0
0.0
0.0
0.0
0.0
0.0
0.0
0.0
0.0
0.0
0.0
0.0
0.0
0.0
0.0
0.0
0.0
0.0
0.0
0.0
0.0
0.0
0.0
0.0
0.0
0.0
0.0
0.0
0.0
0.0
0.0
0.0
0.0
0.0
0.0
0.0
0.0
0.0
0.0
0.0
0.0
0.0
0.0
0.0
0.0
0.0
0.0
0.0
0.0
0.0
0.0
0.0
0.0
0.0
0.0
0.0
0.0
0.0
0.0
0.0
0.0
0.0
0.0
0.0
0.0
0.0
0.0
0.0
0.0
0.0
0.0
0.0
0.0
0.0
0.0
0.0
0.0
0.0
0.0
