0.0
0.0
0.0
0.0
0.0
0.0
0.0
0.0
0.0
0.0
0.0
0.0
0.0
0.0
0.0
0.0
0.0
0.0
0.0
0.0
0.0
0.0
0.0
0.0
0.0
0.0
0.0
0.0
0.0
0.0
0.0
0.0
0.0
0.0
0.0
0.0
0.0
0.0
0.0
0.0
0.0
0.0
0.0
0.0
0.0
0.0
0.0
0.0
0.0
0.0
0.0
0.0
0.0
0.0
0.0
0.0
0.0
0.0
0.0
0.0
0.0
0.0
0.0
0.0
0.0
0.0
0.0
0.0
0.0
0.0
0.0
0.0
0.0
0.0
0.0
0.0
0.0
0.0
0.0
0.0
0.0
0.0
0.0
0.0
0.0
0.0
0.0
0.0
0.0
0.0
0.0
0.0
0.0
0.0
0.0
0.0
0.0
0.0
0.0
0.0
0.0
0.0
0.0
0.0
0.0
0.0
0.0
0.0
0.0
0.0
0.0
0.0
0.0
0.0
0.0
0.0
0.0
0.0
0.0
0.0
0.0
0.0
0.0
0.0
0.0
0.0
0.0
0.0
0.0
0.0
0.0
0.0
0.0
0.0
0.0
0.0
0.0
0.0
0.0
0.0
0.0
0.0
0.0
0.0
0.0
0.0
0.0
0.0
0.0
0.0
0.0
0.0
0.0
0.0
0.0
0.0
0.0
0.0
0.0
0.0
0.0
0.0
0.0
0.0
0.0
0.0
0.0
0.0
0.0
0.0
0.0
0.0
0.0
0.0
0.0
0.0
0.0
0.0
0.0
0.0
0.0
0.0
0.0
0.3647058823529412
0.403921568627451
0.007843137254901933
0.0
0.0
0.0
0.0
0.0
0.0
0.0
0.0
0.0
0.0
0.0
0.0
0.0
0.0
0.0
0.0
0.0
0.0
0.0
0.0
0.0
0.0
0.0
0.2431372549019608
0.611764705882353
0.03529411764705881
0.5490196078431373
0.9490196078431372
0.5529411764705883
0.04705882352941182
0.0
0.0
0.0
0.0
0.0
0.0
0.0
0.0
0.0
0.0
0.0
0.0
0.0
0.0
0.0
0.0
0.0
0.0
0.0
0.019607843137254943
0.3764705882352941
0.9725490196078431
0.8823529411764706
0.050980392156862786
0.0
0.27450980392156865
0.792156862745098
0.8627450980392157
0.16470588235294115
0.0
0.0
0.0
0.0
0.0
0.0
0.0
0.0
0.0
0.0
0.0
0.0
0.0
0.0
0.0
0.0
0.0
0.08235294117647063
0.607843137254902
0.996078431372549
0.996078431372549
0.603921568627451
0.0
0.0
0.0
0.02352941176470591
0.6274509803921569
0.9803921568627451
0.29803921568627456
0.0
0.0
0.0
0.0
0.0
0.0
0.0
0.0
0.0
0.0
0.0
0.0
0.0
0.0
0.06274509803921569
0.33333333333333337
0.7372549019607844
0.9921568627450981
0.7215686274509804
0.9686274509803922
0.2196078431372549
0.0
0.0
0.0
0.0
0.015686274509803977
0.5450980392156863
0.9803921568627451
0.37254901960784315
0.0
0.0
0.0
0.0
0.0
0.0
0.0
0.0
0.0
0.0
0.07843137254901966
0.4274509803921569
0.6235294117647059
0.8470588235294118
0.996078431372549
0.6862745098039216
0.32156862745098036
0.3411764705882353
0.996078431372549
0.0
0.0
0.0
0.0
0.0
0.0
0.0
0.596078431372549
0.8745098039215686
0.1686274509803921
0.0
0.0
0.0
0.0
0.0
0.0
0.0
0.0
0.0
0.09019607843137256
0.9333333333333333
0.7411764705882353
0.48235294117647054
0.22745098039215683
0.0117647058823529
0.0
0.5137254901960784
0.7450980392156863
0.0
0.0
0.0
0.0
0.0
0.0
0.0
0.11372549019607847
0.9019607843137255
0.5450980392156863
0.0
0.0
0.0
0.0
0.0
0.0
0.0
0.0
0.0
0.1686274509803921
0.9843137254901961
0.33333333333333337
0.0
0.0
0.0
0.0
0.5137254901960784
0.6901960784313725
0.0
0.0
0.0
0.0
0.0
0.0
0.0
0.0
0.5411764705882354
0.7843137254901961
0.0
0.0
0.0
0.0
0.0
0.0
0.0
0.0
0.0
0.39607843137254906
1.0
0.027450980392156876
0.0
0.0
0.0
0.0
0.21568627450980393
0.9058823529411765
0.0
0.0
0.0
0.0
0.0
0.0
0.0
0.0
0.5411764705882354
0.9058823529411765
0.0
0.0
0.0
0.0
0.0
0.0
0.0
0.0
0.0
0.4862745098039216
0.996078431372549
0.027450980392156876
0.0
0.0
0.0
0.0
0.21568627450980393
0.996078431372549
0.14901960784313728
0.0
0.0
0.0
0.0
0.0
0.0
0.02352941176470591
0.8470588235294118
0.7568627450980392
0.0
0.0
0.0
0.0
0.0
0.0
0.0
0.0
0.0
0.7490196078431373
0.7529411764705882
0.0039215686274509665
0.0
0.0
0.0
0.0
0.027450980392156876
0.8352941176470589
0.5686274509803921
0.0
0.0
0.0
0.0
0.0
0.0
0.1215686274509804
0.996078431372549
0.34509803921568627
0.0
0.0
0.0
0.0
0.0
0.0
0.0
0.0
0.09019607843137256
0.9882352941176471
0.4117647058823529
0.0
0.0
0.0
0.0
0.0
0.0
0.388235294117647
0.9333333333333333
0.0980392156862745
0.0
0.0
0.0
0.0
0.0039215686274509665
0.6313725490196078
0.7686274509803921
0.0039215686274509665
0.0
0.0
0.0
0.0
0.0
0.0
0.0
0.0
0.2313725490196078
0.996078431372549
0.1215686274509804
0.0
0.0
0.0
0.0
0.0
0.0
0.0
0.8156862745098039
0.6745098039215687
0.06666666666666665
0.0
0.0
0.039215686274509776
0.4549019607843138
0.9764705882352941
0.3176470588235294
0.0
0.0
0.0
0.0
0.0
0.0
0.0
0.0
0.0
0.39607843137254906
0.9490196078431372
0.09019607843137256
0.0
0.0
0.0
0.0
0.0
0.0
0.0
0.207843137254902
0.8705882352941177
0.8274509803921568
0.25098039215686274
0.2431372549019608
0.7019607843137254
0.9882352941176471
0.5686274509803921
0.0
0.0
0.0
0.0
0.0
0.0
0.0
0.0
0.0
0.0
0.6784313725490196
0.7137254901960784
0.0
0.0
0.0
0.0
0.0
0.0
0.0
0.0
0.0
0.0862745098039216
0.7098039215686274
0.9843137254901961
0.9921568627450981
0.8
0.3686274509803922
0.0
0.0
0.0
0.0
0.0
0.0
0.0
0.0
0.0
0.0
0.0
0.49411764705882355
0.20392156862745103
0.0
0.0
0.0
0.0
0.0
0.0
0.0
0.0
0.0
0.0
0.0
0.18039215686274512
0.2313725490196078
0.0
0.0
0.0
0.0
0.0
0.0
0.0
0.0
0.0
0.0
0.0
0.0
0.0
0.0
0.0
0.0
0.0
0.0
0.0
0.0
0.0
0.0
0.0
0.0
0.0
0.0
0.0
0.0
0.0
0.0
0.0
0.0
0.0
0.0
0.0
0.0
0.0
0.0
0.0
0.0
0.0
0.0
0.0
0.0
0.0
0.0
0.0
0.0
0.0
0.0
0.0
0.0
0.0
0.0
0.0
0.0
0.0
0.0
0.0
0.0
0.0
0.0
0.0
0.0
0.0
0.0
0.0
0.0
0.0
0.0
0.0
0.0
0.0
0.0
0.0
0.0
0.0
0.0
0.0
0.0
0.0
0.0
0.0
0.0
0.0
0.0
0.0
0.0
0.0
0.0
0.0
0.0
0.0
0.0
0.0
0.0
0.0
0.0
0.0
0.0
0.0
0.0
0.0
0.0
0.0
0.0
0.0
0.0
0.0
0.0
0.0
0.0
0.0
0.0
0.0
0.0
0.0
0.0
0.0
0.0
0.0
0.0
0.0
0.0
0.0
0.0
0.0
0.0
0.0
0.0
0.0
0.0
0.0
0.0
0.0
0.0
0.0
0.0
0.0
0.0
0.0
0.0
0.0
0.0
0.0
0.0
0.0
0.0
0.0
0.0
0.0
0.0
0.0
0.0
0.0
0.0
0.0
0.0
0.0
0.0
0.0
0.0
0.0
0.0
0.0
0.0
0.0
0.0
0.0
0.0
0.0
0.0
0.0
0.0
0.0
0.0
0.0
