0.0
0.0
0.0
0.0
0.0
0.0
0.0
0.0
0.0
0.0
0.0
0.0
0.0
0.0
0.0
0.0
0.0
0.0
0.0
0.0
0.0
0.0
0.0
0.0
0.0
0.0
0.0
0.0
0.0
0.0
0.0
0.0
0.0
0.0
0.0
0.0
0.0
0.0
0.0
0.0
0.0
0.0
0.0
0.0
0.0
0.0
0.0
0.0
0.0
0.0
0.0
0.0
0.0
0.0
0.0
0.0
0.0
0.0
0.0
0.0
0.0
0.0
0.0
0.0
0.0
0.0
0.0
0.0
0.0
0.0
0.0
0.0
0.0
0.0
0.0
0.0
0.0
0.0
0.0
0.0
0.0
0.0
0.0
0.0
0.0
0.0
0.0
0.0
0.0
0.0
0.0
0.0
0.0
0.0
0.0
0.0
0.0
0.0
0.0
0.0
0.0
0.0
0.0
0.0
0.0
0.0
0.0
0.0
0.0
0.0
0.0
0.0
0.0
0.0
0.0
0.0
0.0
0.0
0.0
0.0
0.0
0.0
0.0
0.0
0.0
0.0
0.0
0.0
0.0
0.0
0.0
0.0
0.0
0.0
0.0
0.0
0.0
0.0
0.0
0.0
0.0
0.0
0.0
0.0
0.0
0.0
0.0
0.0
0.0
0.0
0.0
0.0
0.0
0.0
0.0
0.0
0.0
0.0
0.0
0.0
0.0
0.0
0.0
0.0
0.0
0.0
0.0
0.0
0.0
0.0
0.0
0.0
0.0
0.0
0.0
0.0
0.0
0.0
0.0
0.0
0.0
0.0
0.0
0.0
0.0
0.0
0.0
0.0
0.03137254901960784
0.23529411764705888
0.15294117647058825
0.0
0.0
0.0
0.0
0.0
0.0
0.0
0.0
0.0
0.0
0.0
0.0
0.0
0.0
0.0
0.007843137254901933
0.05882352941176472
0.05882352941176472
0.05882352941176472
0.05882352941176472
0.03529411764705881
0.0
0.0
0.0
0.019607843137254943
0.5137254901960784
0.9882352941176471
0.8627450980392157
0.1843137254901961
0.0
0.0
0.0
0.0
0.0
0.0
0.0
0.0
0.0
0.0
0.0
0.0
0.0
0.0
0.39607843137254906
0.9882352941176471
0.9882352941176471
0.9882352941176471
0.9882352941176471
0.584313725490196
0.0
0.0
0.0
0.2941176470588235
0.9882352941176471
0.9882352941176471
0.9882352941176471
0.8941176470588236
0.19215686274509802
0.0
0.0
0.0
0.0
0.0
0.0
0.0
0.0
0.0
0.0
0.019607843137254943
0.2941176470588235
0.807843137254902
0.9529411764705882
0.9882352941176471
0.9882352941176471
0.9882352941176471
0.9882352941176471
0.7019607843137254
0.050980392156862786
0.0
0.0
0.03529411764705881
0.7333333333333334
0.9882352941176471
0.9882352941176471
0.9882352941176471
0.5764705882352941
0.0
0.0
0.0
0.0
0.0
0.0
0.0
0.0
0.0
0.03137254901960784
0.5137254901960784
0.9882352941176471
0.9882352941176471
0.9882352941176471
0.9882352941176471
0.9882352941176471
0.9882352941176471
0.9882352941176471
0.9450980392156862
0.15294117647058825
0.0
0.0
0.0
0.2901960784313725
0.9882352941176471
0.9882352941176471
0.9882352941176471
0.9882352941176471
0.0
0.0
0.0
0.0
0.0
0.0
0.0
0.0
0.0
0.5450980392156863
0.9882352941176471
0.9882352941176471
0.9882352941176471
0.9882352941176471
0.9882352941176471
0.9882352941176471
0.9882352941176471
0.9882352941176471
0.584313725490196
0.0
0.0
0.0
0.0
0.11764705882352944
0.9882352941176471
0.9882352941176471
0.9882352941176471
0.6745098039215687
0.0
0.0
0.0
0.0
0.0
0.0
0.0
0.0
0.388235294117647
0.9764705882352941
0.9882352941176471
0.9882352941176471
0.9882352941176471
0.3254901960784313
0.05490196078431375
0.9372549019607843
0.9882352941176471
0.9882352941176471
0.584313725490196
0.0
0.0
0.0
0.0
0.11764705882352944
0.9882352941176471
0.9882352941176471
0.9882352941176471
0.607843137254902
0.0
0.0
0.0
0.0
0.0
0.0
0.0
0.0
0.4117647058823529
0.9882352941176471
0.9882352941176471
0.9882352941176471
0.3137254901960784
0.06666666666666665
0.0
0.8313725490196078
0.9882352941176471
0.9882352941176471
0.584313725490196
0.0
0.0
0.0
0.0
0.22352941176470587
0.9882352941176471
0.9882352941176471
0.9882352941176471
0.5372549019607843
0.0
0.0
0.0
0.0
0.0
0.0
0.0
0.0
0.4117647058823529
0.9882352941176471
0.9882352941176471
0.9882352941176471
0.11372549019607847
0.0
0.0
0.3529411764705882
0.9882352941176471
0.9882352941176471
0.584313725490196
0.0
0.0
0.0
0.0
0.6980392156862745
0.9882352941176471
0.9882352941176471
0.9882352941176471
0.403921568627451
0.0
0.0
0.0
0.0
0.0
0.0
0.0
0.0
0.7568627450980392
0.9921568627450981
0.9921568627450981
0.5215686274509803
0.0
0.0
0.0
0.207843137254902
0.8980392156862745
0.9921568627450981
1.0
0.1725490196078432
0.0
0.0
0.0
0.7019607843137254
0.9921568627450981
0.9921568627450981
0.9921568627450981
0.40784313725490196
0.0
0.0
0.0
0.0
0.0
0.0
0.0
0.0
0.5450980392156863
0.9882352941176471
0.9882352941176471
0.9058823529411765
0.09411764705882353
0.0
0.0
0.0
0.6196078431372549
0.9882352941176471
0.9921568627450981
0.7058823529411764
0.08235294117647063
0.11372549019607847
0.40784313725490196
0.9372549019607843
0.9882352941176471
0.9882352941176471
0.7019607843137254
0.07058823529411762
0.0
0.0
0.0
0.0
0.0
0.0
0.0
0.0
0.6470588235294117
0.9882352941176471
0.9882352941176471
0.9882352941176471
0.11372549019607847
0.0
0.0
0.0
0.1686274509803921
0.9607843137254902
0.9921568627450981
0.9882352941176471
0.7607843137254902
0.803921568627451
0.9882352941176471
0.9882352941176471
0.9882352941176471
0.9647058823529412
0.21568627450980393
0.0
0.0
0.0
0.0
0.0
0.0
0.0
0.0
0.0
0.7137254901960784
0.9882352941176471
0.9882352941176471
0.7647058823529411
0.05882352941176472
0.0
0.0
0.0
0.0
0.30980392156862746
0.9921568627450981
0.9882352941176471
0.9882352941176471
0.9882352941176471
0.9882352941176471
0.9882352941176471
0.9882352941176471
0.36078431372549025
0.0
0.0
0.0
0.0
0.0
0.0
0.0
0.0
0.0
0.0
0.4117647058823529
0.9882352941176471
0.9882352941176471
0.5176470588235293
0.0
0.0
0.0
0.0
0.0
0.0
0.35686274509803917
0.6941176470588235
0.7098039215686274
0.9882352941176471
0.9882352941176471
0.7803921568627451
0.388235294117647
0.007843137254901933
0.0
0.0
0.0
0.0
0.0
0.0
0.0
0.0
0.0
0.0
0.4117647058823529
0.9882352941176471
0.9882352941176471
0.7960784313725491
0.06666666666666665
0.0
0.0
0.0
0.0
0.0
0.0
0.0
0.019607843137254943
0.2901960784313725
0.2901960784313725
0.0862745098039216
0.0
0.0
0.0
0.0
0.0
0.0
0.0
0.0
0.0
0.0
0.0
0.0
0.4117647058823529
0.9882352941176471
0.9882352941176471
0.5176470588235293
0.0
0.0
0.0
0.0
0.0
0.0
0.0
0.0
0.0
0.0
0.0
0.0
0.0
0.0
0.0
0.0
0.0
0.0
0.0
0.0
0.0
0.0
0.0
0.0
0.02352941176470591
0.19215686274509802
0.2588235294117647
0.03137254901960784
0.0
0.0
0.0
0.0
0.0
0.0
0.0
0.0
0.0
0.0
0.0
0.0
0.0
0.0
0.0
0.0
0.0
0.0
0.0
0.0
0.0
0.0
0.0
0.0
0.0
0.0
0.0
0.0
0.0
0.0
0.0
0.0
0.0
0.0
0.0
0.0
0.0
0.0
0.0
0.0
0.0
0.0
0.0
0.0
0.0
0.0
0.0
0.0
0.0
0.0
0.0
0.0
0.0
0.0
0.0
0.0
0.0
0.0
0.0
0.0
0.0
0.0
0.0
0.0
0.0
0.0
0.0
0.0
0.0
0.0
0.0
0.0
0.0
0.0
0.0
0.0
0.0
0.0
0.0
0.0
0.0
0.0
0.0
0.0
0.0
0.0
0.0
0.0
0.0
0.0
0.0
0.0
0.0
0.0
0.0
0.0
0.0
0.0
0.0
0.0
0.0
0.0
0.0
0.0
0.0
0.0
0.0
0.0
0.0
0.0
0.0
0.0
0.0
0.0
0.0
0.0
0.0
0.0
0.0
0.0
0.0
0.0
0.0
0.0
0.0
0.0
0.0
0.0
0.0
0.0
0.0
0.0
0.0
0.0
0.0
0.0
0.0
0.0
0.0
0.0
0.0
0.0
0.0
0.0
0.0
0.0
0.0
0.0
0.0
0.0
0.0
0.0
0.0
0.0
0.0
0.0
0.0
0.0
0.0
