0.0
0.0
0.0
0.0
0.0
0.0
0.0
0.0
0.0
0.0
0.0
0.0
0.0
0.0
0.0
0.0
0.0
0.0
0.0
0.0
0.0
0.0
0.0
0.0
0.0
0.0
0.0
0.0
0.0
0.0
0.0
0.0
0.0
0.0
0.0
0.0
0.0
0.0
0.0
0.0
0.0
0.0
0.0
0.0
0.0
0.0
0.0
0.0
0.0
0.0
0.0
0.0
0.0
0.0
0.0
0.0
0.0
0.0
0.0
0.0
0.0
0.0
0.0
0.0
0.0
0.0
0.0
0.0
0.0
0.0
0.0
0.0
0.0
0.0
0.0
0.0
0.0
0.0
0.0
0.0
0.0
0.0
0.0
0.0
0.0
0.0
0.0
0.0
0.0
0.0
0.0
0.0
0.0
0.0
0.0
0.0
0.0
0.0
0.0
0.0
0.0
0.0
0.0
0.0
0.0
0.0
0.0
0.0
0.0
0.0
0.0
0.0
0.0
0.0
0.0
0.0
0.0
0.0
0.0
0.0
0.0
0.0
0.0
0.0
0.0
0.0
0.0
0.0
0.0
0.0
0.0
0.0
0.0
0.0
0.0
0.0
0.0
0.0
0.0
0.0
0.0
0.0
0.0
0.0
0.0
0.0
0.0
0.0
0.0
0.0
0.0
0.0
0.0
0.0
0.0
0.0
0.0
0.0
0.0
0.0
0.0
0.0
0.0
0.0
0.0
0.0
0.0
0.0
0.0
0.0
0.0
0.0
0.0
0.0
0.0
0.0
0.0
0.0
0.0
0.0
0.0
0.0
0.0
0.0
0.0
0.0
0.0
0.0
0.0
0.0
0.0
0.0
0.0
0.0
0.0
0.0
0.0
0.0
0.0
0.0
0.0
0.0
0.0
0.0
0.0
0.0
0.0
0.0
0.0
0.0
0.0
0.0
0.0
0.0
0.0
0.0
0.0
0.0
0.0
0.0
0.0
0.0
0.0
0.0
0.0
0.0
0.0
0.0
0.0
0.0
0.0
0.0
0.0
0.0
0.0
0.007843137254901933
0.06274509803921569
0.06274509803921569
0.06274509803921569
0.015686274509803977
0.0
0.0
0.03137254901960784
0.22745098039215683
0.6470588235294117
0.6627450980392157
0.5098039215686274
0.07058823529411762
0.0
0.0
0.0
0.0
0.0
0.0
0.0
0.0
0.0
0.0
0.0
0.0
0.0
0.039215686274509776
0.26274509803921564
0.7843137254901961
0.996078431372549
0.996078431372549
1.0
0.603921568627451
0.06666666666666665
0.05882352941176472
0.6274509803921569
0.996078431372549
0.9921568627450981
0.8627450980392157
0.996078431372549
0.8313725490196078
0.0
0.0
0.0
0.0
0.0
0.0
0.0
0.0
0.0
0.0
0.0
0.0
0.2313725490196078
0.7450980392156863
0.996078431372549
0.8901960784313725
0.7529411764705882
0.7529411764705882
0.7764705882352941
0.996078431372549
0.8274509803921568
0.8
0.9568627450980391
0.6784313725490196
0.2549019607843137
0.019607843137254943
0.603921568627451
0.996078431372549
0.0
0.0
0.0
0.0
0.0
0.0
0.0
0.0
0.0
0.0
0.10196078431372546
0.4627450980392157
0.9803921568627452
0.9764705882352941
0.5764705882352941
0.11764705882352944
0.0
0.0
0.03529411764705881
0.6666666666666667
0.996078431372549
0.8745098039215686
0.4745098039215686
0.0
0.0
0.0
0.07843137254901966
0.9372549019607843
0.0
0.0
0.0
0.0
0.0
0.0
0.0
0.0
0.0
0.24705882352941178
0.8470588235294118
0.996078431372549
0.6745098039215687
0.1686274509803921
0.0
0.0
0.0
0.0
0.0
0.7058823529411764
0.996078431372549
0.28627450980392155
0.0
0.0
0.0
0.0
0.0
0.6862745098039216
0.0
0.0
0.0
0.0
0.0
0.0
0.0
0.0
0.2313725490196078
0.9568627450980391
0.996078431372549
0.6313725490196078
0.04313725490196074
0.0
0.0
0.0
0.0
0.0
0.0
0.7843137254901961
0.9372549019607843
0.02352941176470591
0.0
0.0
0.0
0.0
0.0
0.603921568627451
0.0
0.0
0.0
0.0
0.0
0.0
0.0
0.0
0.8509803921568627
0.996078431372549
0.996078431372549
0.33333333333333337
0.0
0.0
0.0
0.0
0.0
0.0
0.05882352941176472
0.9137254901960784
0.6313725490196078
0.0
0.0
0.0
0.0
0.0
0.0
0.788235294117647
0.0
0.0
0.0
0.0
0.0
0.0
0.0
0.0
0.6352941176470588
0.9803921568627452
0.6862745098039216
0.10196078431372546
0.0
0.0
0.0
0.0
0.0
0.0
0.603921568627451
0.996078431372549
0.21176470588235297
0.0
0.0
0.0
0.0
0.0
0.17647058823529416
0.9725490196078431
0.0
0.0
0.0
0.0
0.0
0.0
0.0
0.0
0.04705882352941182
0.8862745098039215
0.1843137254901961
0.0
0.0
0.0
0.0
0.0
0.0
0.05882352941176472
0.9333333333333333
0.8862745098039215
0.04705882352941182
0.0
0.0
0.0
0.0
0.02352941176470591
0.6941176470588235
0.9411764705882353
0.0
0.0
0.0
0.0
0.0
0.0
0.0
0.0
0.09411764705882353
0.996078431372549
0.1215686274509804
0.0
0.0
0.0
0.0
0.0
0.05882352941176472
0.6745098039215687
0.9725490196078431
0.8549019607843137
0.7176470588235294
0.1843137254901961
0.0
0.0
0.10196078431372546
0.7176470588235294
0.9372549019607843
0.2313725490196078
0.0
0.0
0.0
0.0
0.0
0.0
0.0
0.0
0.0862745098039216
0.9803921568627452
0.1215686274509804
0.0
0.0
0.0
0.0
0.08235294117647063
0.7725490196078432
0.9411764705882353
0.21176470588235297
0.015686274509803977
0.5490196078431373
0.9450980392156862
0.9686274509803922
0.9686274509803922
0.9764705882352941
0.9137254901960784
0.1333333333333333
0.0
0.0
0.0
0.0
0.0
0.0
0.0
0.0
0.0
0.0
0.7843137254901961
0.39607843137254906
0.0
0.0
0.0862745098039216
0.35686274509803917
0.9294117647058824
0.807843137254902
0.050980392156862786
0.0
0.0
0.0
0.09019607843137256
0.47058823529411764
0.5411764705882354
0.44313725490196076
0.06666666666666665
0.0
0.0
0.0
0.0
0.0
0.0
0.0
0.0
0.0
0.0
0.0
0.4156862745098039
0.8431372549019608
0.4549019607843138
0.5882352941176471
0.9294117647058824
0.9137254901960784
0.6235294117647059
0.08235294117647063
0.0
0.0
0.0
0.0
0.0
0.0
0.0
0.0
0.0
0.0
0.0
0.0
0.0
0.0
0.0
0.0
0.0
0.0
0.0
0.0
0.0
0.403921568627451
0.6627450980392157
0.6627450980392157
0.4980392156862745
0.05882352941176472
0.0
0.0
0.0
0.0
0.0
0.0
0.0
0.0
0.0
0.0
0.0
0.0
0.0
0.0
0.0
0.0
0.0
0.0
0.0
0.0
0.0
0.0
0.0
0.0
0.0
0.0
0.0
0.0
0.0
0.0
0.0
0.0
0.0
0.0
0.0
0.0
0.0
0.0
0.0
0.0
0.0
0.0
0.0
0.0
0.0
0.0
0.0
0.0
0.0
0.0
0.0
0.0
0.0
0.0
0.0
0.0
0.0
0.0
0.0
0.0
0.0
0.0
0.0
0.0
0.0
0.0
0.0
0.0
0.0
0.0
0.0
0.0
0.0
0.0
0.0
0.0
0.0
0.0
0.0
0.0
0.0
0.0
0.0
0.0
0.0
0.0
0.0
0.0
0.0
0.0
0.0
0.0
0.0
0.0
0.0
0.0
0.0
0.0
0.0
0.0
0.0
0.0
0.0
0.0
0.0
0.0
0.0
0.0
0.0
0.0
0.0
0.0
0.0
0.0
0.0
0.0
0.0
0.0
0.0
0.0
0.0
0.0
0.0
0.0
0.0
0.0
0.0
0.0
0.0
0.0
0.0
0.0
0.0
0.0
0.0
0.0
0.0
0.0
0.0
0.0
0.0
0.0
0.0
0.0
0.0
0.0
0.0
0.0
0.0
0.0
0.0
0.0
0.0
0.0
0.0
0.0
0.0
0.0
0.0
0.0
0.0
0.0
0.0
0.0
0.0
0.0
0.0
0.0
0.0
0.0
0.0
0.0
0.0
0.0
0.0
0.0
0.0
0.0
0.0
0.0
0.0
0.0
0.0
0.0
0.0
