0.0
0.0
0.0
0.0
0.0
0.0
0.0
0.0
0.0
0.0
0.0
0.0
0.0
0.0
0.0
0.0
0.0
0.0
0.0
0.0
0.0
0.0
0.0
0.0
0.0
0.0
0.0
0.0
0.0
0.0
0.0
0.0
0.0
0.0
0.0
0.0
0.0
0.0
0.0
0.0
0.0
0.0
0.0
0.0
0.0
0.0
0.0
0.0
0.0
0.0
0.0
0.0
0.0
0.0
0.0
0.0
0.0
0.0
0.0
0.0
0.0
0.0
0.0
0.0
0.0
0.0
0.0
0.0
0.0
0.0
0.0
0.0
0.0
0.0
0.0
0.0
0.0
0.0
0.0
0.0
0.0
0.0
0.0
0.0
0.0
0.0
0.0
0.0
0.0
0.0
0.0
0.0
0.0
0.0
0.0
0.0
0.0
0.0
0.0
0.0
0.0
0.0
0.0
0.0
0.0
0.0
0.0
0.0
0.0
0.0
0.0
0.0
0.0
0.0
0.0
0.0
0.0
0.0
0.0
0.0
0.0
0.0
0.0
0.0
0.0
0.0
0.0
0.0
0.0
0.0
0.0
0.0
0.0
0.0
0.0
0.0
0.0
0.0
0.0
0.0
0.0
0.0
0.0
0.0
0.0
0.0
0.0
0.0
0.0
0.0
0.0
0.0
0.0
0.0
0.0
0.0
0.0
0.0
0.0
0.0
0.0
0.0
0.0
0.0
0.0
0.0
0.0
0.0
0.0
0.0
0.0
0.0
0.0
0.0
0.0
0.0
0.0
0.0
0.0
0.0
0.0
0.0
0.0
0.0
0.0
0.0
0.0
0.0
0.0
0.0
0.0
0.0
0.0
0.0
0.0
0.0
0.0
0.0
0.0
0.0
0.0
0.0
0.0
0.0
0.0
0.0
0.0
0.0
0.0
0.0
0.0
0.0
0.0
0.10196078431372546
0.36078431372549025
0.36078431372549025
0.12941176470588234
0.0
0.0
0.0
0.0
0.0
0.0
0.0
0.0
0.0
0.0
0.0
0.0
0.0
0.0
0.0
0.0
0.0
0.0
0.0
0.0
0.0
0.0
0.19215686274509802
0.9019607843137255
0.9843137254901961
0.996078431372549
0.996078431372549
0.9843137254901961
0.7058823529411764
0.0
0.0
0.0
0.0
0.0
0.0
0.0
0.0
0.0
0.0
0.0
0.0
0.0
0.0
0.0
0.0
0.0
0.0
0.0
0.04313725490196074
0.4666666666666667
0.9294117647058824
0.996078431372549
0.9333333333333333
0.5568627450980392
0.6745098039215687
0.9607843137254902
0.9764705882352941
0.207843137254902
0.0
0.0
0.0
0.0
0.0
0.0
0.0
0.0
0.0
0.0
0.0
0.0
0.0
0.0
0.0
0.0
0.0
0.5333333333333333
0.8352941176470589
0.996078431372549
0.996078431372549
0.5686274509803921
0.0980392156862745
0.0
0.0
0.6392156862745098
0.996078431372549
0.37254901960784315
0.0
0.0
0.0
0.0
0.0
0.0
0.0
0.0
0.0
0.0
0.0
0.0
0.0
0.0
0.0
0.12549019607843137
0.7058823529411764
0.9921568627450981
0.996078431372549
0.7372549019607844
0.34901960784313724
0.007843137254901933
0.0
0.0
0.23529411764705888
0.8470588235294118
0.996078431372549
0.8392156862745098
0.0
0.0
0.0
0.0
0.0
0.0
0.0
0.0
0.0
0.0
0.0
0.0
0.0
0.0
0.4392156862745098
0.8392156862745098
0.996078431372549
0.9529411764705882
0.5882352941176471
0.05490196078431375
0.0
0.0
0.02352941176470591
0.41960784313725485
0.8117647058823529
0.996078431372549
0.996078431372549
0.8235294117647058
0.0
0.0
0.0
0.0
0.0
0.0
0.0
0.0
0.0
0.0
0.0
0.0
0.15294117647058825
0.592156862745098
0.9843137254901961
0.9686274509803922
0.6745098039215687
0.14901960784313728
0.0
0.0
0.0
0.13725490196078427
0.6549019607843137
0.996078431372549
0.996078431372549
0.996078431372549
0.996078431372549
0.35686274509803917
0.0
0.0
0.0
0.0
0.0
0.0
0.0
0.0
0.0
0.0
0.0
0.11764705882352944
0.7137254901960784
0.996078431372549
0.8823529411764706
0.3176470588235294
0.0
0.0
0.0
0.0
0.03529411764705881
0.6666666666666667
0.996078431372549
0.8941176470588235
0.7372549019607844
0.996078431372549
0.7960784313725491
0.015686274509803977
0.0
0.0
0.0
0.0
0.0
0.0
0.0
0.0
0.0
0.007843137254901933
0.196078431372549
0.9176470588235295
0.9882352941176471
0.807843137254902
0.09019607843137256
0.0
0.0
0.0
0.0
0.039215686274509776
0.6431372549019607
0.9921568627450981
0.8313725490196078
0.1333333333333333
0.5725490196078431
0.996078431372549
0.3254901960784313
0.0
0.0
0.0
0.0
0.0
0.0
0.0
0.0
0.0
0.0
0.4862745098039216
0.996078431372549
0.996078431372549
0.6705882352941177
0.0
0.0
0.0
0.0
0.0
0.1568627450980392
0.8941176470588235
0.996078431372549
0.7294117647058824
0.0
0.4117647058823529
0.996078431372549
0.8156862745098039
0.03529411764705881
0.0
0.0
0.0
0.0
0.0
0.0
0.0
0.0
0.0
0.5019607843137255
0.9843137254901961
0.9333333333333333
0.37254901960784315
0.0117647058823529
0.0
0.0
0.0
0.05490196078431375
0.5254901960784314
0.8823529411764706
0.9411764705882353
0.2705882352941177
0.02352941176470591
0.5254901960784314
0.9607843137254902
0.7686274509803921
0.05490196078431375
0.0
0.0
0.0
0.0
0.0
0.0
0.0
0.0
0.0
0.0
1.0
0.7450980392156863
0.1333333333333333
0.0
0.0
0.0
0.0
0.06274509803921569
0.8549019607843137
0.996078431372549
0.9921568627450981
0.38431372549019605
0.0
0.21176470588235297
0.996078431372549
0.9176470588235295
0.207843137254902
0.0
0.0
0.0
0.0
0.0
0.0
0.0
0.0
0.0
0.0
0.0
0.33725490196078434
0.1725490196078432
0.0
0.0
0.0
0.0
0.0
0.07843137254901966
0.996078431372549
0.996078431372549
0.6862745098039216
0.0
0.47058823529411764
0.9254901960784314
0.6980392156862745
0.16078431372549018
0.0
0.0
0.0
0.0
0.0
0.0
0.0
0.0
0.0
0.0
0.0
0.0
0.0
0.0
0.0
0.0
0.0
0.0
0.0
0.07843137254901966
0.996078431372549
0.996078431372549
0.6470588235294117
0.7843137254901961
0.9882352941176471
0.7176470588235294
0.16078431372549018
0.0
0.0
0.0
0.0
0.0
0.0
0.0
0.0
0.0
0.0
0.0
0.0
0.0
0.0
0.0
0.0
0.0
0.0
0.0
0.0
0.019607843137254943
0.4901960784313726
0.9568627450980391
0.9882352941176471
0.8627450980392157
0.5333333333333333
0.04705882352941182
0.0
0.0
0.0
0.0
0.0
0.0
0.0
0.0
0.0
0.0
0.0
0.0
0.0
0.0
0.0
0.0
0.0
0.0
0.0
0.0
0.0
0.0
0.0
0.0
0.2705882352941177
0.0
0.0
0.0
0.0
0.0
0.0
0.0
0.0
0.0
0.0
0.0
0.0
0.0
0.0
0.0
0.0
0.0
0.0
0.0
0.0
0.0
0.0
0.0
0.0
0.0
0.0
0.0
0.0
0.0
0.0
0.0
0.0
0.0
0.0
0.0
0.0
0.0
0.0
0.0
0.0
0.0
0.0
0.0
0.0
0.0
0.0
0.0
0.0
0.0
0.0
0.0
0.0
0.0
0.0
0.0
0.0
0.0
0.0
0.0
0.0
0.0
0.0
0.0
0.0
0.0
0.0
0.0
0.0
0.0
0.0
0.0
0.0
0.0
0.0
0.0
0.0
0.0
0.0
0.0
0.0
0.0
0.0
0.0
0.0
0.0
0.0
0.0
0.0
0.0
0.0
0.0
0.0
0.0
0.0
0.0
0.0
0.0
0.0
0.0
0.0
0.0
0.0
0.0
0.0
0.0
0.0
0.0
0.0
0.0
0.0
0.0
0.0
0.0
0.0
0.0
0.0
0.0
0.0
0.0
0.0
0.0
0.0
0.0
0.0
0.0
0.0
0.0
0.0
0.0
0.0
0.0
0.0
0.0
0.0
0.0
0.0
0.0
0.0
0.0
0.0
0.0
0.0
0.0
0.0
0.0
0.0
0.0
0.0
0.0
0.0
0.0
0.0
0.0
0.0
