0.0
0.0
0.0
0.0
0.0
0.0
0.0
0.0
0.0
0.0
0.0
0.0
0.0
0.0
0.0
0.0
0.0
0.0
0.0
0.0
0.0
0.0
0.0
0.0
0.0
0.0
0.0
0.0
0.0
0.0
0.0
0.0
0.0
0.0
0.0
0.0
0.0
0.0
0.0
0.0
0.0
0.0
0.0
0.0
0.0
0.0
0.0
0.0
0.0
0.0
0.0
0.0
0.0
0.0
0.0
0.0
0.0
0.0
0.0
0.0
0.0
0.0
0.0
0.0
0.0
0.0
0.0
0.0
0.0
0.0
0.0
0.0
0.0
0.0
0.0
0.0
0.0
0.0
0.0
0.0
0.0
0.0
0.0
0.0
0.0
0.0
0.0
0.0
0.0
0.0
0.0
0.0
0.0
0.0
0.0
0.0
0.0
0.0
0.0
0.0
0.0
0.0
0.0
0.0
0.0
0.0
0.0
0.0
0.0
0.0
0.0
0.0
0.0
0.0
0.0
0.0
0.0
0.0
0.0
0.0
0.0
0.0
0.0
0.0
0.0
0.0
0.0
0.0
0.0
0.0
0.0
0.0
0.0
0.0
0.0
0.0
0.0
0.0
0.0
0.0
0.0
0.0
0.0
0.0
0.0
0.0
0.0
0.0
0.0
0.0
0.0
0.0
0.0
0.0
0.0
0.0
0.0
0.0
0.0
0.0
0.0
0.0
0.0
0.0
0.0
0.0
0.0
0.0
0.0
0.0
0.0
0.0
0.0
0.0
0.0
0.0
0.0
0.0
0.0
0.0
0.0
0.0
0.0
0.0
0.0
0.0
0.0
0.0
0.0
0.0
0.0
0.0
0.0
0.0
0.0
0.0
0.0
0.0
0.0
0.0
0.0
0.0
0.0
0.0039215686274509665
0.36078431372549025
0.584313725490196
0.2431372549019608
0.0
0.0
0.0
0.0
0.0
0.0
0.0
0.0
0.0
0.0
0.0
0.0
0.0
0.0
0.0
0.0
0.0
0.0
0.0
0.0
0.0
0.0
0.0
0.0
0.3254901960784313
0.9921568627450981
0.9921568627450981
0.4117647058823529
0.0
0.0
0.0
0.0
0.0
0.0
0.0
0.0
0.0
0.0
0.0
0.0
0.0
0.0
0.11764705882352944
0.12549019607843137
0.0
0.0
0.0
0.0
0.0
0.0
0.0
0.0
0.5098039215686274
0.9921568627450981
0.9921568627450981
0.48235294117647054
0.0
0.0
0.0
0.0
0.0
0.0
0.0
0.0
0.0
0.0
0.0
0.0
0.0
0.3529411764705882
0.9764705882352941
0.9921568627450981
0.0
0.0
0.0
0.0
0.0
0.0
0.0
0.0
0.5098039215686274
0.9921568627450981
0.9921568627450981
0.8941176470588236
0.0
0.0
0.0
0.0
0.0
0.0
0.0
0.0
0.0
0.0
0.0
0.0
0.596078431372549
0.9686274509803922
0.9921568627450981
0.6705882352941177
0.0
0.0
0.0
0.0
0.0
0.0
0.0
0.0
0.607843137254902
0.9921568627450981
0.9921568627450981
0.8
0.0
0.0
0.0
0.0
0.0
0.0
0.0
0.0
0.0
0.07058823529411762
0.196078431372549
0.388235294117647
0.9647058823529412
0.9921568627450981
0.9921568627450981
0.4117647058823529
0.0
0.0
0.0
0.0
0.0
0.0
0.0
0.0
0.7607843137254902
0.9921568627450981
0.9921568627450981
0.4117647058823529
0.0
0.0
0.0
0.0
0.0
0.0
0.0
0.06666666666666665
0.2196078431372549
0.7215686274509804
0.9921568627450981
0.9921568627450981
0.9921568627450981
0.788235294117647
0.30980392156862746
0.007843137254901933
0.0
0.0
0.0
0.0
0.0
0.0
0.0
0.0
0.6392156862745098
0.9921568627450981
0.9921568627450981
0.4117647058823529
0.0
0.0
0.0
0.0
0.0
0.06274509803921569
0.611764705882353
0.807843137254902
0.9921568627450981
0.9921568627450981
0.9921568627450981
0.5882352941176471
0.2666666666666667
0.019607843137254943
0.0
0.0
0.0
0.0
0.0
0.0
0.0
0.0
0.0
0.0
0.5098039215686274
0.9921568627450981
0.9921568627450981
0.4117647058823529
0.0
0.0
0.0
0.1843137254901961
0.3764705882352941
0.8117647058823529
0.9921568627450981
0.9921568627450981
0.9921568627450981
0.9019607843137255
0.5450980392156863
0.03137254901960784
0.0
0.0
0.0
0.0
0.0
0.0
0.0
0.0
0.0
0.0
0.0
0.0
0.5098039215686274
0.9921568627450981
0.9921568627450981
0.4117647058823529
0.0
0.04313725490196074
0.611764705882353
0.9254901960784314
0.9921568627450981
0.9921568627450981
0.9921568627450981
0.9058823529411765
0.7019607843137254
0.22352941176470587
0.0
0.0
0.0
0.0
0.0
0.0
0.0
0.0
0.0
0.0
0.0
0.0
0.0
0.0
0.9058823529411765
0.9921568627450981
0.9921568627450981
0.8823529411764706
0.803921568627451
0.8313725490196078
0.9921568627450981
0.9921568627450981
0.9921568627450981
0.9137254901960784
0.30980392156862746
0.13725490196078427
0.0
0.0
0.0
0.0
0.0
0.0
0.0
0.0
0.0
0.0
0.0
0.0
0.0
0.0
0.0
0.0
1.0
0.9921568627450981
0.9921568627450981
0.9921568627450981
0.9921568627450981
0.9921568627450981
0.9333333333333333
0.6509803921568628
0.5450980392156863
0.12549019607843137
0.0
0.0
0.0
0.0
0.0
0.0
0.0
0.0
0.0
0.0
0.0
0.0
0.0
0.0
0.0
0.0
0.0
0.0
1.0
0.9921568627450981
0.9921568627450981
0.9921568627450981
0.9921568627450981
0.9411764705882353
0.2823529411764706
0.0
0.0
0.0
0.0
0.0
0.0
0.0
0.0
0.0
0.0
0.0
0.0
0.0
0.0
0.0
0.0
0.0
0.0
0.0
0.0
0.0
0.37254901960784315
0.8117647058823529
0.7372549019607844
0.11764705882352944
0.11764705882352944
0.10196078431372546
0.0
0.0
0.0
0.0
0.0
0.0
0.0
0.0
0.0
0.0
0.0
0.0
0.0
0.0
0.0
0.0
0.0
0.0
0.0
0.0
0.0
0.0
0.0
0.050980392156862786
0.04313725490196074
0.0
0.0
0.0
0.0
0.0
0.0
0.0
0.0
0.0
0.0
0.0
0.0
0.0
0.0
0.0
0.0
0.0
0.0
0.0
0.0
0.0
0.0
0.0
0.0
0.0
0.0
0.0
0.0
0.0
0.0
0.0
0.0
0.0
0.0
0.0
0.0
0.0
0.0
0.0
0.0
0.0
0.0
0.0
0.0
0.0
0.0
0.0
0.0
0.0
0.0
0.0
0.0
0.0
0.0
0.0
0.0
0.0
0.0
0.0
0.0
0.0
0.0
0.0
0.0
0.0
0.0
0.0
0.0
0.0
0.0
0.0
0.0
0.0
0.0
0.0
0.0
0.0
0.0
0.0
0.0
0.0
0.0
0.0
0.0
0.0
0.0
0.0
0.0
0.0
0.0
0.0
0.0
0.0
0.0
0.0
0.0
0.0
0.0
0.0
0.0
0.0
0.0
0.0
0.0
0.0
0.0
0.0
0.0
0.0
0.0
0.0
0.0
0.0
0.0
0.0
0.0
0.0
0.0
0.0
0.0
0.0
0.0
0.0
0.0
0.0
0.0
0.0
0.0
0.0
0.0
0.0
0.0
0.0
0.0
0.0
0.0
0.0
0.0
0.0
0.0
0.0
0.0
0.0
0.0
0.0
0.0
0.0
0.0
0.0
0.0
0.0
0.0
0.0
0.0
0.0
0.0
0.0
0.0
0.0
0.0
0.0
0.0
0.0
0.0
0.0
0.0
0.0
0.0
0.0
0.0
0.0
0.0
0.0
0.0
0.0
0.0
0.0
0.0
0.0
0.0
0.0
0.0
0.0
0.0
0.0
0.0
0.0
0.0
0.0
0.0
0.0
0.0
0.0
0.0
0.0
0.0
0.0
0.0
0.0
0.0
0.0
0.0
0.0
0.0
0.0
0.0
0.0
0.0
0.0
0.0
0.0
0.0
0.0
0.0
