0.0
0.0
0.0
0.0
0.0
0.0
0.0
0.0
0.0
0.0
0.0
0.0
0.0
0.0
0.0
0.0
0.0
0.0
0.0
0.0
0.0
0.0
0.0
0.0
0.0
0.0
0.0
0.0
0.0
0.0
0.0
0.0
0.0
0.0
0.0
0.0
0.0
0.0
0.0
0.0
0.0
0.0
0.0
0.0
0.0
0.0
0.0
0.0
0.0
0.0
0.0
0.0
0.0
0.0
0.0
0.0
0.0
0.0
0.0
0.0
0.0
0.0
0.0
0.0
0.0
0.0
0.0
0.0
0.0
0.0
0.0
0.0
0.0
0.0
0.0
0.0
0.0
0.0
0.0
0.0
0.0
0.0
0.0
0.0
0.0
0.0
0.0
0.0
0.0
0.0
0.0
0.0
0.0
0.0
0.0
0.0
0.0
0.0
0.0
0.0
0.0
0.0
0.0
0.0
0.0
0.0
0.0
0.0
0.0
0.0
0.0
0.0
0.0
0.0
0.0
0.0
0.0
0.0
0.0
0.0
0.0
0.0
0.0
0.0
0.0
0.0
0.0
0.0
0.0
0.0
0.0
0.0
0.0
0.0
0.0
0.0
0.0
0.0
0.0
0.0
0.0
0.0
0.0
0.0
0.0
0.0
0.0
0.0
0.0
0.0
0.0
0.0117647058823529
0.14901960784313728
0.5019607843137255
0.5568627450980392
0.7450980392156863
0.42352941176470593
0.12941176470588234
0.0
0.0
0.0
0.0
0.0
0.0
0.0
0.0
0.0
0.0
0.0
0.0
0.0
0.0
0.0
0.0
0.0
0.0
0.0
0.0
0.02352941176470591
0.5176470588235293
0.9921568627450981
0.9921568627450981
0.9921568627450981
0.9921568627450981
0.996078431372549
0.9019607843137255
0.10588235294117643
0.0
0.0
0.0
0.0
0.0
0.0
0.0
0.0
0.0
0.0
0.0
0.0
0.0
0.0
0.0
0.0
0.0
0.0
0.0
0.8
0.9921568627450981
0.9921568627450981
0.8156862745098039
0.38431372549019605
0.3294117647058824
0.8862745098039215
0.9921568627450981
0.584313725490196
0.0
0.0
0.0
0.0
0.0
0.0
0.0
0.0
0.0
0.0
0.0
0.0
0.0
0.0
0.0
0.0
0.0
0.007843137254901933
0.5372549019607843
0.9843137254901961
0.9764705882352941
0.4274509803921569
0.03137254901960784
0.0
0.0
0.28627450980392155
0.9921568627450981
0.584313725490196
0.0
0.0
0.0
0.0
0.0
0.0
0.0
0.0
0.0
0.0
0.0
0.0
0.0
0.0
0.0
0.0
0.0
0.3686274509803922
0.9921568627450981
0.9490196078431372
0.4392156862745098
0.0
0.0
0.0
0.0
0.2588235294117647
0.9921568627450981
0.584313725490196
0.0
0.0
0.0
0.0
0.0
0.0
0.0
0.0
0.0
0.0
0.0
0.0
0.0
0.0
0.0
0.0
0.10588235294117643
0.9254901960784314
0.9921568627450981
0.18039215686274512
0.0
0.0
0.0
0.0
0.0
0.38431372549019605
0.9921568627450981
0.4666666666666667
0.0
0.0
0.0
0.0
0.0
0.0
0.0
0.0
0.0
0.0
0.0
0.0
0.0
0.0
0.0
0.0
0.7215686274509804
0.9921568627450981
0.596078431372549
0.03137254901960784
0.0
0.0
0.0
0.0
0.0
0.8431372549019608
0.9568627450980391
0.1725490196078432
0.0
0.0
0.0
0.0
0.0
0.0
0.0
0.0
0.0
0.0
0.0
0.0
0.0
0.0
0.0
0.4
0.9764705882352941
0.7803921568627451
0.050980392156862786
0.0
0.0
0.0
0.0
0.0
0.2196078431372549
0.996078431372549
0.6666666666666667
0.0
0.0
0.0
0.0
0.0
0.0
0.0
0.0
0.0
0.0
0.0
0.0
0.0
0.0
0.0
0.0
0.7607843137254902
0.9372549019607843
0.23529411764705888
0.0
0.0
0.0
0.0
0.0
0.04313725490196074
0.8313725490196078
0.996078431372549
0.20392156862745103
0.0
0.0
0.0
0.0
0.0
0.0
0.0
0.0
0.0
0.0
0.0
0.0
0.0
0.0
0.0
0.0
1.0
0.7490196078431373
0.0
0.0
0.0
0.0
0.0
0.0
0.5764705882352941
0.996078431372549
0.5450980392156863
0.0
0.0
0.0
0.0
0.0
0.09019607843137256
0.10588235294117643
0.0
0.0
0.0
0.0
0.0
0.0
0.0
0.0
0.0
0.0
0.996078431372549
0.6666666666666667
0.0
0.0
0.0
0.0
0.0
0.2549019607843137
0.9764705882352941
0.9372549019607843
0.0
0.0
0.06274509803921569
0.14901960784313728
0.35686274509803917
0.6784313725490196
0.9176470588235295
0.9254901960784314
0.5686274509803921
0.18823529411764706
0.0
0.0
0.0
0.0
0.0
0.0
0.0
0.0
0.996078431372549
0.8274509803921568
0.0039215686274509665
0.027450980392156876
0.0
0.0
0.027450980392156876
0.7411764705882353
0.9921568627450981
0.5019607843137255
0.40784313725490196
0.596078431372549
0.8627450980392157
0.9921568627450981
0.9921568627450981
0.9921568627450981
0.9921568627450981
0.9568627450980391
0.9843137254901961
0.9098039215686274
0.0
0.0
0.0
0.0
0.0
0.0
0.0
0.0
0.996078431372549
0.4784313725490196
0.28627450980392155
0.6941176470588235
0.0
0.02352941176470591
0.7843137254901961
0.9921568627450981
0.9921568627450981
0.9921568627450981
0.996078431372549
0.9921568627450981
0.9921568627450981
0.9921568627450981
0.8274509803921568
0.5294117647058824
0.3294117647058824
0.0117647058823529
0.8470588235294118
0.8823529411764706
0.0
0.0
0.0
0.0
0.0
0.0
0.0
0.0
0.996078431372549
0.6235294117647059
0.8666666666666667
0.35686274509803917
0.0
0.6196078431372549
0.9921568627450981
0.9921568627450981
0.9921568627450981
0.9921568627450981
0.807843137254902
0.7529411764705882
0.2901960784313725
0.07058823529411762
0.03137254901960784
0.0
0.0
0.48235294117647054
0.9803921568627452
0.41960784313725485
0.0
0.0
0.0
0.0
0.0
0.0
0.0
0.0
0.8313725490196078
0.9921568627450981
0.7960784313725491
0.06274509803921569
0.0
0.7490196078431373
0.9176470588235295
0.5607843137254902
0.37254901960784315
0.1843137254901961
0.0
0.0
0.0
0.0
0.0
0.0
0.3019607843137255
0.9686274509803922
0.4274509803921569
0.04705882352941182
0.0
0.0
0.0
0.0
0.0
0.0
0.0
0.0
0.1843137254901961
0.5647058823529412
0.1725490196078432
0.0
0.0
0.0
0.0
0.0
0.0
0.0
0.0
0.0
0.0
0.0
0.0
0.4392156862745098
0.9058823529411765
0.388235294117647
0.0
0.0
0.0
0.0
0.0
0.0
0.0
0.0
0.0
0.0
0.0
0.0
0.0
0.0
0.0
0.0
0.0
0.0
0.0
0.0
0.0
0.0
0.0
0.0
0.615686274509804
0.8588235294117648
0.403921568627451
0.015686274509803977
0.0
0.0
0.0
0.0
0.0
0.0
0.0
0.0
0.0
0.0
0.0
0.0
0.0
0.0
0.0
0.0
0.0
0.0
0.0
0.0
0.0
0.0
0.0
0.0
0.27450980392156865
0.08235294117647063
0.0
0.0
0.0
0.0
0.0
0.0
0.0
0.0
0.0
0.0
0.0
0.0
0.0
0.0
0.0
0.0
0.0
0.0
0.0
0.0
0.0
0.0
0.0
0.0
0.0
0.0
0.0
0.0
0.0
0.0
0.0
0.0
0.0
0.0
0.0
0.0
0.0
0.0
0.0
0.0
0.0
0.0
0.0
0.0
0.0
0.0
0.0
0.0
0.0
0.0
0.0
0.0
0.0
0.0
0.0
0.0
0.0
0.0
0.0
0.0
0.0
0.0
0.0
0.0
0.0
0.0
0.0
0.0
0.0
0.0
0.0
0.0
0.0
0.0
0.0
0.0
0.0
0.0
0.0
0.0
0.0
0.0
0.0
0.0
0.0
0.0
0.0
0.0
0.0
0.0
0.0
0.0
0.0
0.0
0.0
0.0
0.0
0.0
0.0
0.0
0.0
0.0
0.0
0.0
0.0
0.0
0.0
0.0
0.0
0.0
0.0
0.0
0.0
0.0
0.0
0.0
0.0
0.0
0.0
0.0
0.0
0.0
0.0
0.0
0.0
0.0
0.0
0.0
0.0
0.0
0.0
0.0
0.0
0.0
0.0
0.0
0.0
0.0
0.0
0.0
0.0
0.0
0.0
0.0
0.0
0.0
