0.0
0.0
0.0
0.0
0.0
0.0
0.0
0.0
0.0
0.0
0.0
0.0
0.0
0.0
0.0
0.0
0.0
0.0
0.0
0.0
0.0
0.0
0.0
0.0
0.0
0.0
0.0
0.0
0.0
0.0
0.0
0.0
0.0
0.0
0.0
0.0
0.0
0.0
0.0
0.0
0.0
0.0
0.0
0.0
0.0
0.0
0.0
0.0
0.0
0.0
0.0
0.0
0.0
0.0
0.0
0.0
0.0
0.0
0.0
0.0
0.0
0.0
0.0
0.0
0.0
0.0
0.0
0.0
0.0
0.0
0.0
0.0
0.0
0.0
0.0
0.0
0.0
0.0
0.0
0.0
0.0
0.0
0.0
0.0
0.0
0.0
0.0
0.0
0.0
0.0
0.0
0.0
0.0
0.0
0.0
0.0
0.0
0.0
0.0
0.0
0.0
0.0
0.0
0.0
0.0
0.0
0.0
0.0
0.0
0.0
0.0
0.0
0.0
0.0
0.0
0.0
0.0
0.0
0.0
0.0
0.0
0.0
0.0
0.0
0.0
0.0
0.0
0.0
0.0
0.0
0.0
0.0
0.0
0.0
0.0
0.0
0.0
0.0
0.0
0.0
0.0
0.0
0.0
0.0
0.0
0.0
0.0
0.0
0.0
0.0
0.0
0.0
0.0
0.0
0.0
0.0
0.0
0.0
0.0
0.0
0.0
0.0
0.0
0.0
0.0
0.0
0.0
0.0
0.0
0.0
0.0
0.0
0.0
0.0
0.0
0.0
0.0
0.0
0.0
0.0
0.0
0.0
0.0
0.0
0.0
0.0
0.0
0.0
0.0
0.0
0.0
0.0
0.0
0.0
0.0
0.0
0.0
0.0
0.0
0.0
0.0
0.0
0.0
0.0
0.0
0.0
0.0
0.0
0.0
0.0
0.0
0.0
0.2549019607843137
0.7058823529411764
0.23529411764705888
0.0
0.0
0.0
0.0
0.0
0.0
0.0
0.0
0.0
0.0
0.0
0.0
0.0
0.0
0.0
0.0
0.1568627450980392
0.7215686274509804
0.6784313725490196
0.019607843137254943
0.0
0.0
0.0
0.0
0.0
0.5098039215686274
0.996078431372549
0.9372549019607843
0.08235294117647063
0.0
0.0
0.0
0.0
0.0
0.0
0.0
0.0
0.0
0.0
0.0
0.0
0.0
0.0
0.0
0.3647058823529412
0.996078431372549
0.996078431372549
0.3686274509803922
0.0
0.0
0.0
0.0
0.0
0.5098039215686274
0.996078431372549
0.8392156862745098
0.03137254901960784
0.0
0.0
0.0
0.0
0.0
0.0
0.0
0.0
0.0
0.0
0.0
0.0
0.0
0.0
0.0
0.47058823529411764
0.996078431372549
0.9176470588235295
0.06666666666666665
0.0
0.0
0.0
0.0
0.0
0.5098039215686274
0.996078431372549
0.7843137254901961
0.0
0.0
0.0
0.0
0.0
0.0
0.0
0.0
0.0
0.0
0.0
0.0
0.0
0.0
0.0
0.0
0.3647058823529412
0.996078431372549
0.7490196078431373
0.0
0.0
0.0
0.0
0.0
0.0
0.2588235294117647
0.996078431372549
0.7843137254901961
0.0
0.03137254901960784
0.11764705882352944
0.207843137254902
0.6588235294117647
0.44705882352941173
0.15294117647058825
0.0
0.0
0.0
0.0
0.0
0.0
0.0
0.0
0.0
0.3647058823529412
0.996078431372549
0.6745098039215687
0.0
0.0
0.0
0.0
0.0
0.0
0.44313725490196076
0.996078431372549
0.9529411764705882
0.788235294117647
0.8392156862745098
0.996078431372549
0.996078431372549
0.996078431372549
0.996078431372549
0.7529411764705882
0.0
0.0
0.0
0.0
0.0
0.0
0.0
0.0
0.0
0.207843137254902
0.996078431372549
0.603921568627451
0.0
0.0
0.0
0.0
0.0
0.0
0.5098039215686274
0.996078431372549
0.996078431372549
0.996078431372549
0.996078431372549
0.9098039215686274
0.8509803921568627
0.8941176470588235
0.996078431372549
0.996078431372549
0.0
0.0
0.0
0.0
0.0
0.0
0.0
0.0
0.0
0.09019607843137256
0.996078431372549
0.7647058823529411
0.0
0.0
0.0
0.0
0.1843137254901961
0.6549019607843137
0.9098039215686274
0.996078431372549
0.9647058823529412
0.36078431372549025
0.18039215686274512
0.07450980392156858
0.0
0.15294117647058825
0.9294117647058824
0.7803921568627451
0.0
0.0
0.0
0.0
0.0
0.0
0.0
0.0
0.0
0.3647058823529412
0.996078431372549
0.6549019607843137
0.0
0.0
0.08235294117647063
0.5882352941176471
0.9686274509803922
0.996078431372549
0.996078431372549
0.996078431372549
0.7843137254901961
0.0
0.0
0.0
0.0
0.0
0.10588235294117643
0.05882352941176472
0.0
0.0
0.0
0.0
0.0
0.0
0.0
0.0
0.0
0.19215686274509802
0.996078431372549
0.8862745098039215
0.0
0.1843137254901961
0.8431372549019608
0.996078431372549
0.996078431372549
0.7803921568627451
0.5686274509803921
0.996078431372549
0.7843137254901961
0.0
0.0
0.0
0.0
0.0
0.0
0.0
0.0
0.0
0.0
0.0
0.0
0.0
0.0
0.0
0.0
0.32156862745098036
0.996078431372549
0.8392156862745098
0.592156862745098
0.9686274509803922
0.996078431372549
0.8980392156862745
0.3647058823529412
0.02352941176470591
0.1843137254901961
0.996078431372549
0.7843137254901961
0.0
0.0
0.0
0.0
0.0
0.0
0.0
0.0
0.0
0.0
0.0
0.0
0.0
0.0
0.0
0.0
0.5450980392156863
0.996078431372549
0.996078431372549
0.996078431372549
0.996078431372549
0.6352941176470588
0.06274509803921569
0.0
0.0
0.08235294117647063
0.9176470588235295
0.9725490196078431
0.10196078431372546
0.0
0.0
0.0
0.0
0.0
0.0
0.0
0.0
0.0
0.0
0.0
0.0
0.0
0.0
0.09411764705882353
0.8666666666666667
0.996078431372549
0.996078431372549
0.9764705882352941
0.3647058823529412
0.02352941176470591
0.0
0.0
0.0
0.0
0.8549019607843137
0.996078431372549
0.196078431372549
0.0
0.0
0.0
0.0
0.0
0.0
0.0
0.0
0.0
0.0
0.0
0.0
0.0
0.0
0.7333333333333334
0.996078431372549
0.996078431372549
0.8705882352941177
0.16078431372549018
0.0
0.0
0.0
0.0
0.0
0.0
0.7686274509803921
0.996078431372549
0.24705882352941178
0.0
0.0
0.0
0.0
0.0
0.0
0.0
0.0
0.0
0.0
0.0
0.0
0.0
0.0
0.8156862745098039
0.996078431372549
0.9686274509803922
0.12941176470588234
0.0
0.0
0.0
0.0
0.0
0.0
0.0
0.03529411764705881
0.06274509803921569
0.007843137254901933
0.0
0.0
0.0
0.0
0.0
0.0
0.0
0.0
0.0
0.0
0.0
0.0
0.0
0.0
0.02352941176470591
0.3764705882352941
0.14117647058823535
0.0
0.0
0.0
0.0
0.0
0.0
0.0
0.0
0.0
0.0
0.0
0.0
0.0
0.0
0.0
0.0
0.0
0.0
0.0
0.0
0.0
0.0
0.0
0.0
0.0
0.0
0.0
0.0
0.0
0.0
0.0
0.0
0.0
0.0
0.0
0.0
0.0
0.0
0.0
0.0
0.0
0.0
0.0
0.0
0.0
0.0
0.0
0.0
0.0
0.0
0.0
0.0
0.0
0.0
0.0
0.0
0.0
0.0
0.0
0.0
0.0
0.0
0.0
0.0
0.0
0.0
0.0
0.0
0.0
0.0
0.0
0.0
0.0
0.0
0.0
0.0
0.0
0.0
0.0
0.0
0.0
0.0
0.0
0.0
0.0
0.0
0.0
0.0
0.0
0.0
0.0
0.0
0.0
0.0
0.0
0.0
0.0
0.0
0.0
0.0
0.0
0.0
0.0
0.0
0.0
0.0
0.0
0.0
0.0
0.0
0.0
0.0
0.0
0.0
0.0
0.0
0.0
0.0
0.0
0.0
0.0
0.0
0.0
0.0
0.0
0.0
0.0
0.0
0.0
0.0
0.0
0.0
0.0
0.0
0.0
0.0
0.0
0.0
0.0
0.0
0.0
0.0
0.0
0.0
0.0
0.0
0.0
0.0
0.0
0.0
0.0
0.0
0.0
0.0
0.0
0.0
0.0
0.0
0.0
