0.0
0.0
0.0
0.0
0.0
0.0
0.0
0.0
0.0
0.0
0.0
0.0
0.0
0.0
0.0
0.0
0.0
0.0
0.0
0.0
0.0
0.0
0.0
0.0
0.0
0.0
0.0
0.0
0.0
0.0
0.0
0.0
0.0
0.0
0.0
0.0
0.0
0.0
0.0
0.0
0.0
0.0
0.0
0.0
0.0
0.0
0.0
0.0
0.0
0.0
0.0
0.0
0.0
0.0
0.0
0.0
0.0
0.0
0.0
0.0
0.0
0.0
0.0
0.0
0.0
0.0
0.0
0.0
0.0
0.0
0.0
0.0
0.0
0.0
0.0
0.0
0.0
0.0
0.0
0.0
0.0
0.0
0.0
0.0
0.0
0.0
0.0
0.0
0.0
0.0
0.0
0.0
0.0
0.0
0.0
0.0
0.0
0.0
0.0
0.0
0.0
0.0
0.0
0.0
0.0
0.0
0.0
0.0
0.0
0.0
0.0
0.0
0.0
0.0
0.0
0.0
0.0
0.0
0.0
0.0
0.0
0.0
0.0
0.0
0.0
0.0
0.0
0.0
0.027450980392156876
0.39607843137254906
0.9098039215686274
1.0
0.996078431372549
0.7843137254901961
0.0
0.0
0.0
0.0
0.0
0.0
0.0
0.0
0.0
0.0
0.0
0.0
0.0
0.0
0.0
0.0
0.0
0.0
0.0
0.0
0.0
0.0
0.1725490196078432
0.9921568627450981
0.9921568627450981
0.9921568627450981
0.9921568627450981
0.7803921568627451
0.0
0.0
0.0
0.0
0.0
0.0
0.0
0.0
0.0
0.0
0.0
0.0
0.0
0.0
0.0
0.0
0.0
0.0
0.0
0.0
0.0
0.16078431372549018
0.8549019607843137
0.9921568627450981
0.9921568627450981
0.9921568627450981
0.9921568627450981
0.7803921568627451
0.0
0.0
0.0
0.0
0.0
0.0
0.0
0.0
0.0
0.0
0.0
0.0
0.0
0.0
0.0
0.0
0.0
0.0
0.0
0.0
0.0
0.4980392156862745
0.9921568627450981
0.9921568627450981
0.6823529411764706
0.8627450980392157
0.9921568627450981
0.7803921568627451
0.0
0.0
0.0
0.0
0.0
0.0
0.0
0.0
0.0
0.0
0.0
0.0
0.0
0.0
0.0
0.0
0.0
0.0
0.0
0.0
0.37254901960784315
0.9647058823529412
0.9921568627450981
0.9921568627450981
0.2941176470588235
0.8509803921568627
0.9921568627450981
0.7803921568627451
0.0
0.0
0.0
0.0
0.0
0.0
0.0
0.0
0.0
0.0
0.0
0.0
0.0
0.0
0.0
0.0
0.0
0.0
0.0
0.0
0.4862745098039216
0.9921568627450981
0.9921568627450981
0.7411764705882353
0.19999999999999996
0.8313725490196078
0.9921568627450981
0.7803921568627451
0.0
0.0
0.0
0.0
0.0
0.0
0.0
0.0
0.0
0.0
0.7411764705882353
0.5882352941176471
0.21176470588235297
0.0
0.0
0.0
0.0
0.0
0.0
0.0862745098039216
0.9647058823529412
0.9921568627450981
0.9333333333333333
0.03137254901960784
0.44705882352941173
0.9921568627450981
0.9921568627450981
0.21176470588235297
0.0
0.0
0.0
0.0
0.0
0.0
0.0
0.0
0.0
0.2901960784313725
0.9372549019607843
0.9921568627450981
0.8941176470588235
0.17647058823529416
0.0
0.0
0.0
0.0
0.0
0.09411764705882353
0.9921568627450981
0.9921568627450981
0.9294117647058824
0.05882352941176472
0.8627450980392157
0.9921568627450981
0.9411764705882353
0.1568627450980392
0.0
0.0
0.0
0.0
0.0
0.0
0.0
0.0
0.0
0.39607843137254906
0.9921568627450981
0.9921568627450981
0.9921568627450981
0.23921568627450984
0.0
0.0
0.0
0.0
0.0
0.09411764705882353
0.9921568627450981
0.9921568627450981
0.9294117647058824
0.4549019607843138
0.9921568627450981
0.9921568627450981
0.5686274509803921
0.0
0.0
0.0
0.0
0.0
0.0
0.0
0.0
0.0
0.0
0.39607843137254906
0.9921568627450981
0.9921568627450981
0.9921568627450981
0.23921568627450984
0.0
0.0
0.0
0.0
0.0
0.09411764705882353
0.9921568627450981
0.9921568627450981
0.9882352941176471
0.9450980392156862
0.9921568627450981
0.7803921568627451
0.050980392156862786
0.0
0.0
0.0
0.0
0.0
0.0
0.0
0.0
0.0
0.0
0.39607843137254906
0.9921568627450981
0.9921568627450981
0.9921568627450981
0.23921568627450984
0.0
0.0
0.0
0.0
0.0
0.09411764705882353
0.9921568627450981
0.9921568627450981
0.9921568627450981
0.9921568627450981
0.9686274509803922
0.3254901960784313
0.0
0.0
0.0
0.0
0.0
0.0
0.0
0.0
0.0
0.0
0.0
0.39607843137254906
0.9921568627450981
0.9921568627450981
0.9921568627450981
0.23921568627450984
0.0
0.0
0.0
0.0
0.0
0.388235294117647
0.9921568627450981
0.9921568627450981
0.9921568627450981
0.9921568627450981
0.7490196078431373
0.0
0.0
0.0
0.0
0.0
0.0
0.0
0.0
0.0
0.0
0.0
0.0
0.04705882352941182
0.807843137254902
0.9921568627450981
0.6705882352941177
0.027450980392156876
0.0
0.0
0.0
0.0
0.0
0.16470588235294115
0.9921568627450981
0.9921568627450981
0.9921568627450981
0.9921568627450981
0.21568627450980393
0.0
0.0
0.0
0.0
0.0
0.0
0.0
0.0
0.0
0.0
0.0
0.0
0.0
0.38431372549019605
0.9921568627450981
0.6509803921568628
0.015686274509803977
0.0
0.0
0.0
0.0
0.0
0.09411764705882353
0.9921568627450981
0.9921568627450981
0.9921568627450981
0.6862745098039216
0.050980392156862786
0.0
0.0
0.0
0.0
0.0
0.0
0.0
0.0
0.0
0.0
0.0
0.0
0.0
0.1843137254901961
0.9921568627450981
0.9921568627450981
0.23921568627450984
0.0
0.0
0.0
0.0
0.14117647058823535
0.22745098039215683
0.9921568627450981
0.9921568627450981
0.9921568627450981
0.5372549019607843
0.0
0.0
0.0
0.0
0.0
0.0
0.0
0.0
0.0
0.0
0.0
0.0
0.0
0.0
0.027450980392156876
0.4980392156862745
0.9843137254901961
0.7529411764705882
0.0
0.0
0.0
0.0
0.4509803921568627
0.9019607843137255
0.9921568627450981
0.9921568627450981
0.9921568627450981
0.5372549019607843
0.0
0.0
0.0
0.0
0.0
0.0
0.0
0.0
0.0
0.0
0.0
0.0
0.0
0.0
0.0
0.0
0.9372549019607843
0.9294117647058824
0.6352941176470588
0.6352941176470588
0.6352941176470588
0.6352941176470588
0.9607843137254902
0.9921568627450981
0.9921568627450981
0.9921568627450981
0.9921568627450981
0.5529411764705883
0.39607843137254906
0.0
0.0
0.0
0.0
0.0
0.0
0.0
0.0
0.0
0.0
0.0
0.0
0.0
0.0
0.0
0.0
0.5019607843137255
0.9921568627450981
0.9921568627450981
0.9921568627450981
0.9921568627450981
0.9921568627450981
0.9921568627450981
0.7843137254901961
0.6823529411764706
0.9921568627450981
0.9921568627450981
0.8549019607843137
0.15294117647058825
0.0
0.0
0.0
0.0
0.0
0.0
0.0
0.0
0.0
0.0
0.0
0.0
0.0
0.0
0.0
0.027450980392156876
0.17647058823529416
0.17647058823529416
0.17647058823529416
0.17647058823529416
0.17647058823529416
0.17647058823529416
0.09019607843137256
0.050980392156862786
0.592156862745098
0.9921568627450981
0.9411764705882353
0.6470588235294117
0.0
0.0
0.0
0.0
0.0
0.0
0.0
0.0
0.0
0.0
0.0
0.0
0.0
0.0
0.0
0.0
0.0
0.0
0.0
0.0
0.0
0.0
0.0
0.0
0.027450980392156876
0.6627450980392157
0.38431372549019605
0.0
0.0
0.0
0.0
0.0
0.0
0.0
0.0
0.0
0.0
0.0
0.0
0.0
0.0
0.0
0.0
0.0
0.0
0.0
0.0
0.0
0.0
0.0
0.0
0.0
0.0
0.0
0.0
0.0
0.0
0.0
0.0
0.0
0.0
0.0
0.0
0.0
0.0
0.0
0.0
0.0
0.0
0.0
0.0
0.0
0.0
0.0
0.0
0.0
0.0
0.0
0.0
0.0
0.0
0.0
0.0
0.0
0.0
0.0
0.0
0.0
0.0
0.0
0.0
0.0
0.0
0.0
0.0
0.0
0.0
0.0
0.0
0.0
0.0
0.0
0.0
0.0
0.0
0.0
0.0
0.0
0.0
0.0
0.0
0.0
0.0
0.0
0.0
0.0
0.0
0.0
0.0
0.0
0.0
0.0
0.0
0.0
0.0
0.0
0.0
0.0
0.0
0.0
0.0
0.0
0.0
0.0
0.0
0.0
0.0
0.0
0.0
0.0
0.0
0.0
0.0
0.0
0.0
0.0
0.0
0.0
