0.0
0.0
0.0
0.0
0.0
0.0
0.0
0.0
0.0
0.0
0.0
0.0
0.0
0.0
0.0
0.0
0.0
0.0
0.0
0.0
0.0
0.0
0.0
0.0
0.0
0.0
0.0
0.0
0.0
0.0
0.0
0.0
0.0
0.0
0.0
0.0
0.0
0.0
0.0
0.0
0.0
0.0
0.0
0.0
0.0
0.0
0.0
0.0
0.0
0.0
0.0
0.0
0.0
0.0
0.0
0.0
0.0
0.0
0.0
0.0
0.0
0.0
0.0
0.0
0.0
0.0
0.0
0.0
0.0
0.0
0.0
0.0
0.0
0.0
0.0
0.0
0.0
0.0
0.0
0.0
0.0
0.0
0.0
0.0
0.0
0.0
0.0
0.0
0.0
0.0
0.0
0.0
0.0
0.0
0.0
0.0
0.0
0.0
0.0
0.0
0.0
0.0
0.0
0.0
0.0
0.0
0.0
0.0
0.0
0.0
0.0
0.0
0.0
0.0
0.0
0.0
0.0
0.0
0.0
0.0
0.0
0.0
0.0
0.0
0.0
0.0
0.0
0.0
0.0
0.0
0.0
0.0
0.0
0.0
0.0
0.0
0.0
0.0
0.0
0.0
0.0
0.0
0.0
0.0
0.0
0.0
0.0
0.0
0.0
0.0
0.0
0.0
0.0
0.0
0.0
0.0
0.0
0.0
0.0
0.0
0.0
0.0
0.0
0.0
0.0
0.0
0.0
0.0
0.0
0.0
0.0
0.0
0.0
0.0
0.0
0.0
0.0
0.0
0.0
0.0
0.0
0.0
0.0
0.0
0.0
0.0
0.0
0.0
0.0
0.0
0.0
0.0
0.0
0.0
0.0
0.0
0.0
0.0
0.0
0.0
0.0
0.0
0.0
0.0
0.0
0.0
0.0
0.0
0.0
0.0
0.0
0.0
0.0
0.0
0.0
0.0
0.0
0.0
0.0
0.0
0.0
0.0
0.0
0.0
0.0
0.0
0.0
0.0
0.0
0.0
0.0
0.0
0.0
0.0
0.0
0.0
0.0
0.0
0.0
0.0
0.0
0.0
0.0
0.0
0.0
0.0
0.0
0.0
0.0
0.0
0.0
0.0
0.0
0.0
0.0
0.0
0.0
0.0
0.0
0.0
0.03137254901960784
0.13725490196078427
0.13725490196078427
0.13725490196078427
0.07843137254901966
0.0
0.0
0.12941176470588234
0.6745098039215687
0.6745098039215687
0.6745098039215687
0.6745098039215687
0.6745098039215687
0.6745098039215687
0.6745098039215687
0.3294117647058824
0.0
0.0
0.0
0.0
0.0
0.0
0.0
0.0
0.0
0.0
0.02352941176470591
0.05490196078431375
0.5490196078431373
0.9921568627450981
0.9921568627450981
0.9921568627450981
0.8196078431372549
0.11372549019607847
0.05490196078431375
0.5254901960784314
0.9921568627450981
0.9921568627450981
0.9647058823529412
0.9725490196078431
0.9843137254901961
0.9921568627450981
0.9921568627450981
0.9176470588235295
0.027450980392156876
0.0
0.0
0.0
0.0
0.0
0.0
0.0
0.0
0.0
0.6549019607843137
0.9921568627450981
0.9921568627450981
0.9921568627450981
0.9921568627450981
0.9921568627450981
0.9921568627450981
0.9921568627450981
0.9921568627450981
0.9921568627450981
0.9921568627450981
0.6862745098039216
0.23921568627450984
0.28627450980392155
0.584313725490196
0.9921568627450981
0.9921568627450981
0.9921568627450981
0.4549019607843138
0.0
0.0
0.0
0.0
0.0
0.0
0.0
0.0
0.19999999999999996
0.9490196078431372
0.9921568627450981
0.9921568627450981
0.6235294117647059
0.3686274509803922
0.9921568627450981
0.9921568627450981
0.9921568627450981
0.9921568627450981
0.9921568627450981
0.6509803921568628
0.0117647058823529
0.0
0.0
0.1843137254901961
0.9019607843137255
0.9921568627450981
0.9921568627450981
0.9803921568627452
0.0
0.0
0.0
0.0
0.0
0.0
0.0
0.0
0.4627450980392157
0.9921568627450981
0.9921568627450981
0.8
0.03529411764705881
0.007843137254901933
0.5607843137254902
0.9921568627450981
0.9921568627450981
0.9921568627450981
0.8235294117647058
0.039215686274509776
0.0
0.0
0.0
0.0
0.21568627450980393
0.8901960784313725
0.9921568627450981
0.9921568627450981
0.0
0.0
0.0
0.0
0.0
0.0
0.0
0.0
0.603921568627451
0.9921568627450981
0.9921568627450981
0.7764705882352941
0.0
0.015686274509803977
0.6431372549019607
0.9921568627450981
0.9921568627450981
0.9921568627450981
0.8549019607843137
0.09411764705882353
0.0
0.0
0.0
0.0
0.19999999999999996
0.9372549019607843
0.9921568627450981
0.9921568627450981
0.0
0.0
0.0
0.0
0.0
0.0
0.0
0.0
0.996078431372549
0.9921568627450981
0.9921568627450981
0.7764705882352941
0.027450980392156876
0.5254901960784314
0.9921568627450981
0.9921568627450981
0.9921568627450981
0.9921568627450981
0.9921568627450981
0.4509803921568627
0.0
0.0
0.0
0.06274509803921569
0.6784313725490196
0.9921568627450981
0.9921568627450981
0.8901960784313725
0.0
0.0
0.0
0.0
0.0
0.0
0.0
0.0
1.0
0.9921568627450981
0.9921568627450981
0.8
0.5215686274509803
0.9921568627450981
0.9921568627450981
0.9921568627450981
0.8941176470588235
0.9725490196078431
0.9921568627450981
0.9568627450980391
0.33725490196078434
0.0
0.04705882352941182
0.4
0.9921568627450981
0.9921568627450981
0.9921568627450981
0.4549019607843138
0.0
0.0
0.0
0.0
0.0
0.0
0.0
0.0
0.9843137254901961
0.9921568627450981
0.9921568627450981
0.9921568627450981
0.9921568627450981
0.9921568627450981
0.9921568627450981
0.44313725490196076
0.04705882352941182
0.7960784313725491
0.9921568627450981
0.9921568627450981
0.9803921568627452
0.5647058823529412
0.7411764705882353
0.9921568627450981
0.9921568627450981
0.9921568627450981
0.6392156862745098
0.196078431372549
0.0
0.0
0.0
0.0
0.0
0.0
0.0
0.0
0.4627450980392157
0.9921568627450981
0.9921568627450981
0.9921568627450981
0.9921568627450981
0.9647058823529412
0.5058823529411764
0.0117647058823529
0.0
0.14117647058823535
0.6
0.9921568627450981
0.9921568627450981
0.9921568627450981
0.9921568627450981
0.9921568627450981
0.9921568627450981
0.9137254901960784
0.19215686274509802
0.0
0.0
0.0
0.0
0.0
0.0
0.0
0.0
0.0
0.27450980392156865
0.9607843137254902
0.9921568627450981
0.9921568627450981
0.9372549019607843
0.2666666666666667
0.0
0.0
0.0
0.0
0.0117647058823529
0.050980392156862786
0.36078431372549025
0.5882352941176471
0.5882352941176471
0.1215686274509804
0.050980392156862786
0.04313725490196074
0.0
0.0
0.0
0.0
0.0
0.0
0.0
0.0
0.0
0.0
0.0
0.1215686274509804
0.42352941176470593
0.1333333333333333
0.11372549019607847
0.0
0.0
0.0
0.0
0.0
0.0
0.0
0.0
0.0
0.0
0.0
0.0
0.0
0.0
0.0
0.0
0.0
0.0
0.0
0.0
0.0
0.0
0.0
0.0
0.0
0.0
0.0
0.0
0.0
0.0
0.0
0.0
0.0
0.0
0.0
0.0
0.0
0.0
0.0
0.0
0.0
0.0
0.0
0.0
0.0
0.0
0.0
0.0
0.0
0.0
0.0
0.0
0.0
0.0
0.0
0.0
0.0
0.0
0.0
0.0
0.0
0.0
0.0
0.0
0.0
0.0
0.0
0.0
0.0
0.0
0.0
0.0
0.0
0.0
0.0
0.0
0.0
0.0
0.0
0.0
0.0
0.0
0.0
0.0
0.0
0.0
0.0
0.0
0.0
0.0
0.0
0.0
0.0
0.0
0.0
0.0
0.0
0.0
0.0
0.0
0.0
0.0
0.0
0.0
0.0
0.0
0.0
0.0
0.0
0.0
0.0
0.0
0.0
0.0
0.0
0.0
0.0
0.0
0.0
0.0
0.0
0.0
0.0
0.0
0.0
0.0
0.0
0.0
0.0
0.0
0.0
0.0
0.0
0.0
0.0
0.0
0.0
0.0
0.0
0.0
0.0
0.0
0.0
0.0
0.0
0.0
0.0
0.0
0.0
0.0
0.0
0.0
0.0
0.0
0.0
0.0
0.0
0.0
0.0
0.0
0.0
0.0
0.0
0.0
0.0
0.0
0.0
0.0
0.0
0.0
0.0
0.0
0.0
0.0
0.0
0.0
0.0
0.0
0.0
0.0
0.0
0.0
0.0
0.0
0.0
0.0
0.0
0.0
0.0
0.0
0.0
0.0
0.0
0.0
0.0
0.0
0.0
0.0
0.0
0.0
0.0
0.0
0.0
0.0
0.0
0.0
0.0
0.0
0.0
0.0
0.0
0.0
0.0
0.0
