0.0
0.0
0.0
0.0
0.0
0.0
0.0
0.0
0.0
0.0
0.0
0.0
0.0
0.0
0.0
0.0
0.0
0.0
0.0
0.0
0.0
0.0
0.0
0.0
0.0
0.0
0.0
0.0
0.0
0.0
0.0
0.0
0.0
0.0
0.0
0.0
0.0
0.0
0.0
0.0
0.0
0.0
0.0
0.0
0.0
0.0
0.0
0.0
0.0
0.0
0.0
0.0
0.0
0.0
0.0
0.0
0.0
0.0
0.0
0.0
0.0
0.0
0.0
0.0
0.0
0.0
0.0
0.0
0.0
0.0
0.0
0.0
0.0
0.0
0.0
0.0
0.0
0.0
0.0
0.0
0.0
0.0
0.0
0.0
0.0
0.0
0.0
0.0
0.0
0.0
0.0
0.0
0.0
0.0
0.0
0.0
0.0
0.0
0.0
0.0
0.0
0.0
0.0
0.0
0.0
0.0
0.0
0.0
0.0
0.0
0.0
0.0
0.0
0.0
0.0
0.0
0.0
0.0
0.0
0.0
0.0
0.0
0.0
0.0
0.0
0.0
0.0
0.0
0.0
0.0
0.0
0.0
0.0
0.0
0.0
0.0
0.0
0.0
0.0
0.0
0.0
0.0
0.0
0.0
0.0
0.0
0.0
0.0
0.0
0.0
0.0
0.0
0.0
0.0
0.0
0.0
0.0
0.0
0.0
0.0
0.0
0.0
0.0
0.0
0.0
0.0
0.0
0.0
0.0
0.0
0.0
0.0
0.0
0.0
0.0
0.0
0.0
0.0
0.0
0.0
0.0
0.0
0.0
0.0
0.0
0.0
0.027450980392156876
0.1725490196078432
0.0
0.0
0.0
0.0
0.0
0.0
0.0
0.0
0.0
0.0
0.0
0.0
0.0
0.0
0.0
0.0
0.0
0.0
0.0
0.0
0.0
0.0
0.0
0.0
0.0
0.5098039215686274
0.7725490196078432
0.9450980392156862
0.7411764705882353
0.5882352941176471
0.039215686274509776
0.0
0.0
0.0
0.0
0.0
0.0
0.0
0.0
0.0
0.0
0.0
0.0
0.0
0.0
0.0
0.0
0.0
0.0
0.0
0.0
0.0
0.5215686274509803
0.9882352941176471
0.9921568627450981
0.9294117647058824
0.8980392156862745
0.9921568627450981
0.8352941176470589
0.596078431372549
0.0
0.0
0.0
0.0
0.0
0.0
0.0
0.0
0.0
0.0
0.0
0.0
0.0
0.0
0.0
0.0
0.0
0.0
0.0
0.1568627450980392
0.9411764705882353
0.9921568627450981
0.9450980392156862
0.2549019607843137
0.30980392156862746
0.9921568627450981
0.9921568627450981
0.9921568627450981
0.0
0.0
0.0
0.0
0.0
0.0
0.0
0.0
0.0
0.0
0.007843137254901933
0.5019607843137255
0.9529411764705882
0.9529411764705882
0.9529411764705882
0.9529411764705882
0.8
0.007843137254901933
0.007843137254901933
0.8196078431372549
0.9921568627450981
0.7411764705882353
0.2313725490196078
0.0
0.0117647058823529
0.7960784313725491
0.9921568627450981
0.9921568627450981
0.0
0.0
0.0
0.0
0.0
0.0
0.0
0.0
0.0
0.015686274509803977
0.5019607843137255
0.9921568627450981
0.9921568627450981
0.9529411764705882
0.9019607843137255
0.9921568627450981
0.9921568627450981
0.6862745098039216
0.6901960784313725
0.9921568627450981
0.9921568627450981
0.22352941176470587
0.0
0.0
0.0
0.5294117647058824
0.9921568627450981
0.9921568627450981
0.0
0.0
0.0
0.0
0.0
0.0
0.0
0.0
0.0117647058823529
0.4980392156862745
0.9921568627450981
0.9921568627450981
0.8588235294117648
0.2666666666666667
0.0117647058823529
0.6431372549019607
0.9921568627450981
0.9921568627450981
0.9921568627450981
0.9921568627450981
0.9215686274509804
0.015686274509803977
0.0
0.0
0.0
0.615686274509804
0.9921568627450981
0.9921568627450981
0.0
0.0
0.0
0.0
0.0
0.0
0.0
0.0
0.039215686274509776
0.8117647058823529
0.9921568627450981
0.9294117647058824
0.14117647058823535
0.0
0.0
0.03137254901960784
0.7372549019607844
0.9921568627450981
0.9921568627450981
0.9921568627450981
0.44705882352941173
0.0
0.0
0.0
0.0
0.788235294117647
0.9921568627450981
0.9921568627450981
0.0
0.0
0.0
0.0
0.0
0.0
0.0
0.0
0.21176470588235297
0.9921568627450981
0.9921568627450981
0.5725490196078431
0.0
0.0
0.0
0.0
0.6274509803921569
0.9921568627450981
0.9921568627450981
0.9921568627450981
0.44705882352941173
0.0
0.0
0.0
0.0
0.788235294117647
0.9921568627450981
0.9921568627450981
0.0
0.0
0.0
0.0
0.0
0.0
0.0
0.0
0.7058823529411764
0.9921568627450981
0.9137254901960784
0.16078431372549018
0.0
0.0
0.0117647058823529
0.6313725490196078
0.9333333333333333
0.9921568627450981
0.9921568627450981
0.9921568627450981
0.9215686274509804
0.19215686274509802
0.0
0.0
0.3921568627450981
0.9607843137254902
0.9921568627450981
0.603921568627451
0.0
0.0
0.0
0.0
0.0
0.0
0.0
0.0
0.996078431372549
0.9921568627450981
0.7843137254901961
0.0
0.0
0.0
0.6509803921568628
0.9921568627450981
0.9921568627450981
0.9921568627450981
0.9921568627450981
0.9921568627450981
0.9921568627450981
0.9254901960784314
0.44313725490196076
0.44313725490196076
0.8392156862745098
0.9921568627450981
0.9921568627450981
0.1098039215686275
0.0
0.0
0.0
0.0
0.0
0.0
0.0
0.0
0.996078431372549
0.9921568627450981
0.9882352941176471
0.6274509803921569
0.6745098039215687
0.9764705882352941
0.9921568627450981
0.9882352941176471
0.5764705882352941
0.019607843137254943
0.019607843137254943
0.196078431372549
0.9058823529411765
0.9921568627450981
0.9921568627450981
0.9921568627450981
0.9921568627450981
0.9921568627450981
0.7686274509803921
0.03529411764705881
0.0
0.0
0.0
0.0
0.0
0.0
0.0
0.0
1.0
0.9921568627450981
0.9921568627450981
0.9921568627450981
0.9921568627450981
0.9921568627450981
0.9372549019607843
0.5764705882352941
0.0
0.0
0.0
0.0
0.0
0.40784313725490196
0.6980392156862745
0.9176470588235295
0.8784313725490196
0.5058823529411764
0.05882352941176472
0.0
0.0
0.0
0.0
0.0
0.0
0.0
0.0
0.0
0.9098039215686274
0.9921568627450981
0.9921568627450981
0.9921568627450981
0.9294117647058824
0.611764705882353
0.17647058823529416
0.0
0.0
0.0
0.0
0.0
0.0
0.0
0.04313725490196074
0.1215686274509804
0.0
0.0
0.0
0.0
0.0
0.0
0.0
0.0
0.0
0.0
0.0
0.0
0.18039215686274512
0.6705882352941177
0.4274509803921569
0.9215686274509804
0.2666666666666667
0.0
0.0
0.0
0.0
0.0
0.0
0.0
0.0
0.0
0.0
0.0
0.0
0.0
0.0
0.0
0.0
0.0
0.0
0.0
0.0
0.0
0.0
0.0
0.0
0.0
0.04313725490196074
0.14901960784313728
0.0
0.0
0.0
0.0
0.0
0.0
0.0
0.0
0.0
0.0
0.0
0.0
0.0
0.0
0.0
0.0
0.0
0.0
0.0
0.0
0.0
0.0
0.0
0.0
0.0
0.0
0.0
0.0
0.0
0.0
0.0
0.0
0.0
0.0
0.0
0.0
0.0
0.0
0.0
0.0
0.0
0.0
0.0
0.0
0.0
0.0
0.0
0.0
0.0
0.0
0.0
0.0
0.0
0.0
0.0
0.0
0.0
0.0
0.0
0.0
0.0
0.0
0.0
0.0
0.0
0.0
0.0
0.0
0.0
0.0
0.0
0.0
0.0
0.0
0.0
0.0
0.0
0.0
0.0
0.0
0.0
0.0
0.0
0.0
0.0
0.0
0.0
0.0
0.0
0.0
0.0
0.0
0.0
0.0
0.0
0.0
0.0
0.0
0.0
0.0
0.0
0.0
0.0
0.0
0.0
0.0
0.0
0.0
0.0
0.0
0.0
0.0
0.0
0.0
0.0
0.0
0.0
0.0
0.0
0.0
0.0
0.0
0.0
0.0
0.0
0.0
0.0
0.0
0.0
0.0
0.0
0.0
0.0
0.0
0.0
0.0
0.0
0.0
0.0
0.0
0.0
0.0
0.0
0.0
0.0
0.0
0.0
0.0
0.0
0.0
0.0
0.0
0.0
0.0
0.0
0.0
0.0
0.0
0.0
0.0
0.0
0.0
0.0
0.0
0.0
0.0
0.0
0.0
0.0
0.0
0.0
0.0
0.0
0.0
0.0
0.0
0.0
0.0
0.0
0.0
0.0
0.0
0.0
0.0
0.0
0.0
0.0
0.0
