0.0
0.0
0.0
0.0
0.0
0.0
0.0
0.0
0.0
0.0
0.0
0.0
0.0
0.0
0.0
0.0
0.0
0.0
0.0
0.0
0.0
0.0
0.0
0.0
0.0
0.0
0.0
0.0
0.0
0.0
0.0
0.0
0.0
0.0
0.0
0.0
0.0
0.0
0.0
0.0
0.0
0.0
0.0
0.0
0.0
0.0
0.0
0.0
0.0
0.0
0.0
0.0
0.0
0.0
0.0
0.0
0.0
0.0
0.0
0.0
0.0
0.0
0.0
0.0
0.0
0.0
0.0
0.0
0.0
0.0
0.0
0.0
0.0
0.0
0.0
0.0
0.0
0.0
0.0
0.0
0.0
0.0
0.0
0.0
0.0
0.0
0.0
0.0
0.0
0.0
0.0
0.0
0.0
0.0
0.0
0.0
0.0
0.0
0.0
0.0
0.0
0.0
0.0
0.0
0.0
0.0
0.0
0.0
0.0
0.0
0.0
0.0
0.0
0.0
0.0
0.0
0.0
0.0
0.0
0.0
0.0
0.0
0.0
0.0
0.0
0.0
0.0
0.0
0.0
0.0
0.0
0.0
0.0
0.0
0.0
0.0
0.0
0.0
0.0
0.0
0.0
0.0
0.0
0.0
0.0
0.0
0.0
0.0
0.0
0.0
0.0
0.0
0.0
0.0
0.0
0.0
0.0
0.4901960784313726
0.7529411764705882
0.4862745098039216
0.027450980392156876
0.0
0.0
0.0
0.0
0.0
0.0
0.0
0.0
0.0
0.0
0.0
0.0
0.0
0.0
0.0
0.0
0.0
0.0
0.0
0.0
0.0
0.0
0.0
0.0
0.8431372549019608
0.996078431372549
0.996078431372549
0.4117647058823529
0.0
0.0
0.0
0.0
0.0
0.0
0.0
0.0
0.0
0.0
0.0
0.0
0.0
0.0
0.0
0.0
0.0
0.09019607843137256
0.6549019607843137
0.6745098039215687
0.5647058823529412
0.0
0.0
0.0
0.14509803921568631
0.9843137254901961
0.996078431372549
0.9372549019607843
0.28627450980392155
0.0
0.0
0.0
0.0
0.0
0.0
0.0
0.0
0.0
0.0
0.0
0.0
0.0
0.0
0.0
0.10196078431372546
0.8
0.996078431372549
0.996078431372549
0.9568627450980391
0.22745098039215683
0.0
0.0
0.0
0.5019607843137255
0.996078431372549
0.996078431372549
0.8117647058823529
0.05882352941176472
0.0
0.0
0.0
0.0
0.0
0.0
0.0
0.0
0.0
0.0
0.0
0.0
0.0
0.0
0.7294117647058824
0.996078431372549
0.996078431372549
0.996078431372549
0.996078431372549
0.3019607843137255
0.0
0.0
0.0
0.03137254901960784
0.8509803921568627
0.996078431372549
0.996078431372549
0.584313725490196
0.0
0.0
0.0
0.0
0.0
0.0
0.0
0.0
0.0
0.0
0.0
0.0
0.0
0.44705882352941173
0.9764705882352941
0.996078431372549
0.996078431372549
0.996078431372549
0.996078431372549
0.7137254901960784
0.0
0.0
0.0
0.0
0.1725490196078432
0.996078431372549
0.996078431372549
0.9607843137254902
0.1215686274509804
0.0
0.0
0.0
0.0
0.0
0.0
0.0
0.0
0.0
0.0
0.0
0.10588235294117643
0.8705882352941177
0.996078431372549
0.996078431372549
0.9764705882352941
0.996078431372549
0.996078431372549
0.8784313725490196
0.11372549019607847
0.0
0.0
0.0
0.007843137254901933
0.6549019607843137
0.996078431372549
0.996078431372549
0.592156862745098
0.0039215686274509665
0.0
0.0
0.0
0.0
0.0
0.0
0.0
0.0
0.0
0.0
0.2549019607843137
0.996078431372549
0.996078431372549
0.9568627450980391
0.06274509803921569
0.9568627450980391
0.996078431372549
0.996078431372549
0.27450980392156865
0.0
0.0
0.0
0.0
0.1725490196078432
0.9725490196078431
0.996078431372549
0.996078431372549
0.06666666666666665
0.0
0.0
0.0
0.0
0.0
0.0
0.0
0.0
0.0
0.0
0.6745098039215687
0.996078431372549
0.996078431372549
0.5764705882352941
0.0
0.5568627450980392
0.996078431372549
0.996078431372549
0.7450980392156863
0.027450980392156876
0.0
0.0
0.0
0.0
0.7215686274509804
0.996078431372549
0.996078431372549
0.36078431372549025
0.0
0.0
0.0
0.0
0.0
0.0
0.0
0.0
0.0
0.0
0.6745098039215687
0.996078431372549
0.996078431372549
0.5764705882352941
0.0
0.23529411764705888
0.996078431372549
1.0
0.996078431372549
0.5725490196078431
0.02352941176470591
0.0
0.0
0.0
0.5058823529411764
0.996078431372549
0.996078431372549
0.5294117647058824
0.0
0.0
0.0
0.0
0.0
0.0
0.0
0.0
0.0
0.0
0.6745098039215687
0.996078431372549
0.996078431372549
0.5764705882352941
0.0
0.02352941176470591
0.5725490196078431
0.996078431372549
0.996078431372549
0.996078431372549
0.580392156862745
0.007843137254901933
0.0
0.0
0.3647058823529412
0.996078431372549
0.996078431372549
0.5294117647058824
0.0
0.0
0.0
0.0
0.0
0.0
0.0
0.0
0.0
0.0
0.6745098039215687
0.996078431372549
0.996078431372549
0.5764705882352941
0.0
0.0
0.027450980392156876
0.5725490196078431
0.996078431372549
1.0
0.996078431372549
0.584313725490196
0.0
0.0
0.6470588235294117
0.996078431372549
0.996078431372549
0.5294117647058824
0.0
0.0
0.0
0.0
0.0
0.0
0.0
0.0
0.0
0.06274509803921569
0.8196078431372549
0.996078431372549
0.996078431372549
0.1568627450980392
0.0
0.0
0.0
0.02352941176470591
0.580392156862745
0.996078431372549
0.996078431372549
0.9921568627450981
0.9098039215686274
0.9098039215686274
0.9725490196078431
0.996078431372549
0.996078431372549
0.1098039215686275
0.0
0.0
0.0
0.0
0.0
0.0
0.0
0.0
0.0
0.14117647058823535
0.996078431372549
0.996078431372549
0.8196078431372549
0.05490196078431375
0.0
0.0
0.0
0.0
0.007843137254901933
0.584313725490196
0.9921568627450981
0.996078431372549
0.996078431372549
0.996078431372549
0.996078431372549
0.996078431372549
0.792156862745098
0.03529411764705881
0.0
0.0
0.0
0.0
0.0
0.0
0.0
0.0
0.0
0.4156862745098039
0.996078431372549
0.996078431372549
0.6470588235294117
0.0
0.0
0.0
0.0
0.0
0.0
0.0
0.3803921568627451
0.8705882352941177
0.8823529411764706
0.8823529411764706
0.8823529411764706
0.8823529411764706
0.3176470588235294
0.0
0.0
0.0
0.0
0.0
0.0
0.0
0.0
0.0
0.015686274509803977
0.6784313725490196
0.996078431372549
0.996078431372549
0.6470588235294117
0.0
0.0
0.0
0.0
0.0
0.0
0.0
0.0
0.0
0.0
0.0
0.0
0.0
0.0
0.0
0.0
0.0
0.0
0.0
0.0
0.0
0.0
0.0
0.07058823529411762
0.996078431372549
0.996078431372549
0.996078431372549
0.3137254901960784
0.0
0.0
0.0
0.0
0.0
0.0
0.0
0.0
0.0
0.0
0.0
0.0
0.0
0.0
0.0
0.0
0.0
0.0
0.0
0.0
0.0
0.0
0.0
0.22352941176470587
0.996078431372549
0.996078431372549
0.9058823529411765
0.12549019607843137
0.0
0.0
0.0
0.0
0.0
0.0
0.0
0.0
0.0
0.0
0.0
0.0
0.0
0.0
0.0
0.0
0.0
0.0
0.0
0.0
0.0
0.0
0.0
0.5372549019607843
0.996078431372549
0.996078431372549
0.7176470588235294
0.0
0.0
0.0
0.0
0.0
0.0
0.0
0.0
0.0
0.0
0.0
0.0
0.0
0.0
0.0
0.0
0.0
0.0
0.0
0.0
0.0
0.0
0.0
0.0
0.07058823529411762
0.8156862745098039
0.996078431372549
0.28627450980392155
0.0
0.0
0.0
0.0
0.0
0.0
0.0
0.0
0.0
0.0
0.0
0.0
0.0
0.0
0.0
0.0
0.0
0.0
0.0
0.0
0.0
0.0
0.0
0.0
0.0
0.0
0.0
0.0
0.0
0.0
0.0
0.0
0.0
0.0
0.0
0.0
0.0
0.0
0.0
0.0
0.0
0.0
0.0
0.0
0.0
0.0
0.0
0.0
0.0
0.0
0.0
0.0
0.0
0.0
0.0
0.0
0.0
0.0
0.0
0.0
0.0
0.0
0.0
0.0
0.0
0.0
0.0
0.0
0.0
0.0
0.0
0.0
0.0
0.0
0.0
0.0
0.0
0.0
0.0
0.0
0.0
0.0
0.0
0.0
0.0
0.0
0.0
0.0
0.0
0.0
0.0
0.0
0.0
0.0
0.0
0.0
0.0
0.0
0.0
0.0
0.0
0.0
0.0
