0.0
0.0
0.0
0.0
0.0
0.0
0.0
0.0
0.0
0.0
0.0
0.0
0.0
0.0
0.0
0.0
0.0
0.0
0.0
0.0
0.0
0.0
0.0
0.0
0.0
0.0
0.0
0.0
0.0
0.0
0.0
0.0
0.0
0.0
0.0
0.0
0.0
0.0
0.0
0.0
0.0
0.0
0.0
0.0
0.0
0.0
0.0
0.0
0.0
0.0
0.0
0.0
0.0
0.0
0.0
0.0
0.0
0.0
0.0
0.0
0.0
0.0
0.0
0.0
0.0
0.0
0.0
0.0
0.0
0.0
0.0
0.0
0.0
0.0
0.0
0.0
0.0
0.0
0.0
0.0
0.0
0.0
0.0
0.0
0.0
0.0
0.0
0.0
0.0
0.0
0.0
0.0
0.0
0.0
0.0
0.0
0.0
0.0
0.0
0.0
0.0
0.0
0.0
0.0
0.0
0.0
0.0
0.0
0.0
0.0
0.0
0.0
0.0
0.0
0.0
0.0
0.0
0.0
0.0
0.0
0.0
0.0
0.0
0.0
0.0
0.0
0.0
0.0
0.0
0.0
0.0
0.0
0.0
0.0
0.0
0.0
0.0
0.0
0.0
0.0
0.0
0.0
0.0
0.0
0.0
0.0
0.0
0.0
0.0
0.0
0.0
0.0
0.0
0.0
0.0
0.0
0.0
0.0
0.05882352941176472
0.5568627450980392
0.7019607843137254
0.027450980392156876
0.0
0.0
0.0
0.0
0.0
0.0
0.0
0.0
0.0
0.0
0.0
0.0
0.0
0.0
0.0
0.0
0.0
0.0
0.0
0.0
0.0
0.0
0.0
0.2313725490196078
0.8117647058823529
0.996078431372549
0.996078431372549
0.9450980392156862
0.17647058823529416
0.0
0.0
0.0
0.0
0.0
0.0
0.0
0.0
0.0
0.0
0.0
0.0
0.0
0.0
0.0
0.0
0.0
0.0
0.0
0.0
0.0
0.07843137254901966
0.7607843137254902
0.6901960784313725
0.388235294117647
0.607843137254902
0.9921568627450981
0.7019607843137254
0.04705882352941182
0.0
0.0
0.0
0.0
0.0
0.0
0.0
0.0
0.0
0.0
0.0
0.0
0.0
0.0
0.0
0.0
0.0
0.0
0.0
0.0
0.12549019607843137
0.3686274509803922
0.007843137254901933
0.0
0.0
0.580392156862745
0.996078431372549
0.34901960784313724
0.0
0.0
0.0
0.0
0.0
0.0
0.0
0.0
0.0
0.0
0.0
0.0
0.0
0.0
0.0
0.0
0.015686274509803977
0.15294117647058825
0.0
0.0
0.0
0.0
0.0
0.0
0.0
0.12941176470588234
0.996078431372549
0.8352941176470589
0.0
0.0
0.0
0.0
0.0
0.0
0.0
0.0
0.0
0.0
0.0
0.0
0.0
0.0
0.0
0.0
0.39607843137254906
0.9490196078431372
0.4901960784313726
0.0
0.0
0.0
0.0
0.0
0.0
0.12941176470588234
0.996078431372549
0.996078431372549
0.0
0.0
0.0
0.0
0.0
0.0
0.0
0.0
0.0
0.0
0.05882352941176472
0.05490196078431375
0.0
0.0
0.0
0.0
0.49411764705882355
0.996078431372549
0.6352941176470588
0.0
0.0
0.0
0.0
0.0
0.0
0.12941176470588234
0.996078431372549
0.996078431372549
0.0
0.0
0.0
0.0
0.0
0.0
0.0
0.0
0.03529411764705881
0.5215686274509803
0.9529411764705882
0.9372549019607843
0.16470588235294115
0.0
0.0
0.0
0.7647058823529411
0.996078431372549
0.5450980392156863
0.0
0.0
0.0
0.0
0.0
0.0
0.2196078431372549
0.996078431372549
0.9058823529411765
0.0
0.0
0.0
0.0
0.0
0.0
0.0
0.0
0.15294117647058825
0.996078431372549
0.9921568627450981
0.38431372549019605
0.05490196078431375
0.0
0.0
0.0
0.9176470588235295
0.996078431372549
0.21176470588235297
0.0
0.0
0.0
0.0
0.0
0.0
0.7098039215686274
0.996078431372549
0.41960784313725485
0.0
0.0
0.0
0.0
0.0
0.0
0.0
0.0
0.5490196078431373
0.996078431372549
0.5764705882352941
0.0
0.0
0.0
0.0
0.36078431372549025
0.9921568627450981
0.996078431372549
0.21176470588235297
0.0
0.0
0.0
0.0
0.0
0.41960784313725485
0.996078431372549
0.9725490196078431
0.1333333333333333
0.0
0.0
0.0
0.0
0.0
0.0
0.0
0.0
0.5764705882352941
0.996078431372549
0.5490196078431373
0.0
0.0
0.0
0.12941176470588234
0.9215686274509804
0.996078431372549
0.996078431372549
0.5764705882352941
0.015686274509803977
0.0
0.0
0.0
0.2705882352941177
0.9411764705882353
0.996078431372549
0.6196078431372549
0.0
0.0
0.0
0.0
0.0
0.0
0.0
0.0
0.0
0.9215686274509804
0.996078431372549
0.207843137254902
0.0
0.0
0.019607843137254943
0.6823529411764706
0.996078431372549
0.807843137254902
0.8588235294117648
0.996078431372549
0.603921568627451
0.388235294117647
0.388235294117647
0.611764705882353
0.9372549019607843
0.996078431372549
0.7843137254901961
0.1843137254901961
0.0
0.0
0.0
0.0
0.0
0.0
0.0
0.0
0.0
0.592156862745098
0.996078431372549
0.1725490196078432
0.0
0.08235294117647063
0.5098039215686274
0.996078431372549
0.996078431372549
0.2823529411764706
0.207843137254902
0.8901960784313725
0.9921568627450981
0.996078431372549
0.996078431372549
0.996078431372549
0.9725490196078431
0.8901960784313725
0.21568627450980393
0.0
0.0
0.0
0.0
0.0
0.0
0.0
0.0
0.0
0.0
0.5764705882352941
0.996078431372549
0.8470588235294118
0.5098039215686274
0.9176470588235295
1.0
0.996078431372549
0.6549019607843137
0.027450980392156876
0.0
0.0
0.33725490196078434
0.7411764705882353
0.7411764705882353
0.6941176470588235
0.23529411764705888
0.0
0.0
0.0
0.0
0.0
0.0
0.0
0.0
0.0
0.0
0.0
0.0
0.16078431372549018
0.8862745098039215
0.996078431372549
0.996078431372549
0.996078431372549
0.9803921568627452
0.3294117647058824
0.039215686274509776
0.0
0.0
0.0
0.0
0.0
0.0
0.0
0.0
0.0
0.0
0.0
0.0
0.0
0.0
0.0
0.0
0.0
0.0
0.0
0.0
0.0
0.3254901960784313
0.44705882352941173
0.44705882352941173
0.44705882352941173
0.2431372549019608
0.0
0.0
0.0
0.0
0.0
0.0
0.0
0.0
0.0
0.0
0.0
0.0
0.0
0.0
0.0
0.0
0.0
0.0
0.0
0.0
0.0
0.0
0.0
0.0
0.0
0.0
0.0
0.0
0.0
0.0
0.0
0.0
0.0
0.0
0.0
0.0
0.0
0.0
0.0
0.0
0.0
0.0
0.0
0.0
0.0
0.0
0.0
0.0
0.0
0.0
0.0
0.0
0.0
0.0
0.0
0.0
0.0
0.0
0.0
0.0
0.0
0.0
0.0
0.0
0.0
0.0
0.0
0.0
0.0
0.0
0.0
0.0
0.0
0.0
0.0
0.0
0.0
0.0
0.0
0.0
0.0
0.0
0.0
0.0
0.0
0.0
0.0
0.0
0.0
0.0
0.0
0.0
0.0
0.0
0.0
0.0
0.0
0.0
0.0
0.0
0.0
0.0
0.0
0.0
0.0
0.0
0.0
0.0
0.0
0.0
0.0
0.0
0.0
0.0
0.0
0.0
0.0
0.0
0.0
0.0
0.0
0.0
0.0
0.0
0.0
0.0
0.0
0.0
0.0
0.0
0.0
0.0
0.0
0.0
0.0
0.0
0.0
0.0
0.0
0.0
0.0
0.0
0.0
0.0
0.0
0.0
0.0
0.0
0.0
0.0
0.0
0.0
0.0
0.0
0.0
0.0
0.0
0.0
0.0
0.0
0.0
0.0
0.0
0.0
0.0
0.0
0.0
0.0
0.0
0.0
0.0
0.0
0.0
0.0
0.0
0.0
0.0
0.0
0.0
0.0
0.0
0.0
0.0
0.0
0.0
0.0
0.0
0.0
0.0
0.0
0.0
0.0
0.0
0.0
0.0
0.0
0.0
0.0
0.0
0.0
0.0
0.0
0.0
0.0
0.0
0.0
0.0
0.0
0.0
0.0
0.0
0.0
0.0
0.0
