0.0
0.0
0.0
0.0
0.0
0.0
0.0
0.0
0.0
0.0
0.0
0.0
0.0
0.0
0.0
0.0
0.0
0.0
0.0
0.0
0.0
0.0
0.0
0.0
0.0
0.0
0.0
0.0
0.0
0.0
0.0
0.0
0.0
0.0
0.0
0.0
0.0
0.0
0.0
0.0
0.0
0.0
0.0
0.0
0.0
0.0
0.0
0.0
0.0
0.0
0.0
0.0
0.0
0.0
0.0
0.0
0.0
0.0
0.0
0.0
0.0
0.0
0.0
0.0
0.0
0.0
0.0
0.0
0.0
0.0
0.0
0.0
0.0
0.0
0.0
0.0
0.0
0.0
0.0
0.0
0.0
0.0
0.0
0.0
0.0
0.0
0.0
0.0
0.0
0.0
0.0
0.0
0.0
0.0
0.0
0.0
0.0
0.0
0.0
0.0
0.0
0.0
0.0
0.0
0.0
0.0
0.0
0.0
0.0
0.0
0.0
0.0
0.0
0.0
0.0
0.0
0.0
0.0
0.0
0.0
0.0
0.0
0.0
0.0
0.0
0.0
0.0
0.0
0.0
0.0
0.0
0.0
0.0
0.0
0.0
0.0
0.0
0.0
0.0
0.0
0.0
0.0
0.0
0.0
0.0
0.0
0.0
0.0
0.0
0.0
0.0
0.0
0.0
0.0
0.0
0.0
0.0
0.0
0.0
0.0
0.0
0.0
0.0
0.0
0.0
0.0
0.0
0.0
0.0
0.0
0.0
0.0
0.0
0.0
0.0
0.0
0.0
0.0
0.0
0.0
0.0
0.0
0.0
0.0
0.0
0.0
0.0
0.0
0.0
0.0
0.0
0.0
0.0
0.0
0.0
0.0
0.0
0.0
0.0
0.0
0.0
0.0
0.0
0.0
0.0
0.0
0.0
0.0
0.0
0.0
0.0
0.0
0.0
0.0
0.0
0.0
0.0
0.0
0.0
0.0
0.0
0.0
0.0
0.0
0.0
0.0
0.0
0.0
0.0
0.0
0.0
0.0
0.0
0.0
0.0
0.0
0.0
0.0
0.0
0.0
0.0
0.0
0.0
0.0
0.0
0.0
0.0
0.0
0.0
0.0
0.0
0.0
0.0
0.0
0.0
0.0
0.0
0.0
0.0
0.0
0.0
0.0
0.0
0.0
0.07058823529411762
0.18823529411764706
0.3803921568627451
0.5529411764705883
0.8
0.8549019607843137
0.5529411764705883
0.43529411764705883
0.14509803921568631
0.0
0.0
0.0
0.0
0.0
0.0
0.0
0.0
0.0
0.0
0.0
0.0
0.0
0.0
0.0
0.0
0.027450980392156876
0.07450980392156858
0.3921568627450981
0.7843137254901961
0.996078431372549
0.996078431372549
0.996078431372549
0.996078431372549
0.996078431372549
0.9686274509803922
0.996078431372549
0.9529411764705882
0.3137254901960784
0.0
0.0
0.0
0.0
0.0
0.0
0.0
0.0
0.0
0.0
0.0
0.0
0.0
0.18823529411764706
0.5019607843137255
0.8
0.996078431372549
0.996078431372549
0.996078431372549
0.788235294117647
0.47058823529411764
0.8392156862745098
0.996078431372549
0.7411764705882353
0.1843137254901961
0.6627450980392157
0.996078431372549
0.9607843137254902
0.1843137254901961
0.0
0.0
0.0
0.0
0.0
0.0
0.0
0.0
0.0
0.0
0.0117647058823529
0.33333333333333337
0.9529411764705882
0.996078431372549
0.996078431372549
0.8627450980392157
0.5529411764705883
0.03529411764705881
0.015686274509803977
0.09019607843137256
0.9058823529411765
0.9294117647058824
0.07058823529411762
0.0
0.0117647058823529
0.33725490196078434
0.9607843137254902
0.8313725490196078
0.0
0.0
0.0
0.0
0.0
0.0
0.0
0.0
0.0
0.019607843137254943
0.5568627450980392
0.996078431372549
0.9333333333333333
0.7176470588235294
0.2549019607843137
0.05882352941176472
0.0
0.0
0.0
0.4666666666666667
0.996078431372549
0.38431372549019605
0.0
0.0
0.0
0.0
0.807843137254902
0.996078431372549
0.0
0.0
0.0
0.0
0.0
0.0
0.0
0.0
0.0
0.5607843137254902
0.996078431372549
0.996078431372549
0.1686274509803921
0.0
0.0
0.0
0.0
0.0
0.0
0.5176470588235293
0.9686274509803922
0.0862745098039216
0.0
0.0
0.0
0.0
0.48235294117647054
0.996078431372549
0.0
0.0
0.0
0.0
0.0
0.0
0.0
0.0
0.4980392156862745
0.996078431372549
0.996078431372549
0.9215686274509804
0.05490196078431375
0.0
0.0
0.0
0.0
0.0
0.0
0.8901960784313725
0.9607843137254902
0.0
0.0
0.0
0.0
0.0
0.4862745098039216
1.0
0.0
0.0
0.0
0.0
0.0
0.0
0.0
0.0
0.9568627450980391
0.996078431372549
0.9058823529411765
0.07843137254901966
0.0
0.0
0.0
0.0
0.0
0.0
0.0
0.8313725490196078
0.9764705882352941
0.1725490196078432
0.0
0.0
0.0
0.0
0.8117647058823529
0.996078431372549
0.0
0.0
0.0
0.0
0.0
0.0
0.0
0.0
0.9607843137254902
0.4392156862745098
0.12941176470588234
0.0
0.0
0.0
0.0
0.0
0.0
0.0
0.0
0.3686274509803922
0.996078431372549
0.49411764705882355
0.0039215686274509665
0.0
0.0
0.18823529411764706
0.9607843137254902
0.6901960784313725
0.0
0.0
0.0
0.0
0.0
0.0
0.0
0.0
0.0
0.0
0.0
0.0
0.0
0.0
0.0
0.0
0.0
0.0
0.0
0.10588235294117643
0.9294117647058824
0.996078431372549
0.4862745098039216
0.29803921568627456
0.42352941176470593
0.8588235294117648
0.9607843137254902
0.18039215686274512
0.0
0.0
0.0
0.0
0.0
0.0
0.0
0.0
0.0
0.0
0.0
0.0
0.0
0.0
0.0
0.0
0.0
0.0
0.0
0.0
0.22352941176470587
0.8627450980392157
0.996078431372549
0.996078431372549
0.996078431372549
0.9529411764705882
0.30980392156862746
0.0
0.0
0.0
0.0
0.0
0.0
0.0
0.0
0.0
0.0
0.0
0.0
0.0
0.0
0.0
0.0
0.0
0.0
0.0
0.0
0.0
0.0
0.05490196078431375
0.5254901960784314
0.5490196078431373
0.5490196078431373
0.1568627450980392
0.0
0.0
0.0
0.0
0.0
0.0
0.0
0.0
0.0
0.0
0.0
0.0
0.0
0.0
0.0
0.0
0.0
0.0
0.0
0.0
0.0
0.0
0.0
0.0
0.0
0.0
0.0
0.0
0.0
0.0
0.0
0.0
0.0
0.0
0.0
0.0
0.0
0.0
0.0
0.0
0.0
0.0
0.0
0.0
0.0
0.0
0.0
0.0
0.0
0.0
0.0
0.0
0.0
0.0
0.0
0.0
0.0
0.0
0.0
0.0
0.0
0.0
0.0
0.0
0.0
0.0
0.0
0.0
0.0
0.0
0.0
0.0
0.0
0.0
0.0
0.0
0.0
0.0
0.0
0.0
0.0
0.0
0.0
0.0
0.0
0.0
0.0
0.0
0.0
0.0
0.0
0.0
0.0
0.0
0.0
0.0
0.0
0.0
0.0
0.0
0.0
0.0
0.0
0.0
0.0
0.0
0.0
0.0
0.0
0.0
0.0
0.0
0.0
0.0
0.0
0.0
0.0
0.0
0.0
0.0
0.0
0.0
0.0
0.0
0.0
0.0
0.0
0.0
0.0
0.0
0.0
0.0
0.0
0.0
0.0
0.0
0.0
0.0
0.0
0.0
0.0
0.0
0.0
0.0
0.0
0.0
0.0
0.0
0.0
0.0
0.0
0.0
0.0
0.0
0.0
0.0
0.0
0.0
0.0
0.0
0.0
0.0
0.0
0.0
0.0
0.0
0.0
0.0
0.0
0.0
0.0
0.0
0.0
0.0
0.0
0.0
0.0
0.0
0.0
0.0
0.0
0.0
0.0
0.0
0.0
0.0
0.0
0.0
0.0
0.0
0.0
0.0
0.0
0.0
0.0
0.0
0.0
0.0
0.0
0.0
0.0
0.0
0.0
