0.0
0.0
0.0
0.0
0.0
0.0
0.0
0.0
0.0
0.0
0.0
0.0
0.0
0.0
0.0
0.0
0.0
0.0
0.0
0.0
0.0
0.0
0.0
0.0
0.0
0.0
0.0
0.0
0.0
0.0
0.0
0.0
0.0
0.0
0.0
0.0
0.0
0.0
0.0
0.0
0.0
0.0
0.0
0.0
0.0
0.0
0.0
0.0
0.0
0.0
0.0
0.0
0.0
0.0
0.0
0.0
0.0
0.0
0.0
0.0
0.0
0.0
0.0
0.0
0.0
0.0
0.0
0.0
0.0
0.0
0.0
0.0
0.0
0.0
0.0
0.0
0.0
0.0
0.0
0.0
0.0
0.0
0.0
0.0
0.0
0.0
0.0
0.0
0.0
0.0
0.0
0.0
0.0
0.0
0.0
0.0
0.0
0.0
0.0
0.0
0.0
0.0
0.0
0.0
0.0
0.0
0.0
0.0
0.0
0.0
0.0
0.0
0.0
0.0
0.0
0.0
0.0
0.0
0.0
0.0
0.0
0.0
0.0
0.0
0.0
0.0
0.0
0.0
0.0
0.0
0.0
0.0
0.0
0.0
0.0
0.0
0.0
0.0
0.0
0.0
0.0
0.0
0.0
0.0
0.0
0.0
0.0
0.0
0.0
0.0
0.0
0.0
0.0
0.0
0.0
0.0
0.0
0.0
0.0
0.0
0.0
0.0
0.0
0.0
0.0
0.0
0.0
0.0
0.0
0.0
0.0
0.0
0.0
0.0
0.0
0.0
0.0
0.0
0.0
0.0
0.0
0.0
0.0
0.0
0.0
0.0
0.0
0.0
0.0
0.0
0.0
0.0
0.0
0.0
0.0
0.0
0.0
0.0
0.0
0.0
0.0
0.0
0.0
0.0
0.0
0.0
0.0
0.0
0.0
0.0
0.0
0.0
0.0
0.0
0.0
0.0862745098039216
0.0862745098039216
0.0862745098039216
0.06274509803921569
0.0
0.0
0.0
0.0
0.0
0.0
0.0
0.0
0.0
0.0
0.0
0.0
0.0
0.0
0.0
0.0
0.02352941176470591
0.18823529411764706
0.0
0.0
0.0
0.0
0.0
0.10588235294117643
0.9921568627450981
0.9882352941176471
0.9882352941176471
0.9058823529411765
0.21568627450980393
0.0
0.0
0.0
0.0
0.0
0.0
0.0
0.0
0.0
0.0
0.0
0.0
0.0
0.0
0.14117647058823535
0.807843137254902
0.9490196078431372
0.8274509803921568
0.8313725490196078
0.207843137254902
0.0
0.2784313725490196
0.4862745098039216
0.9921568627450981
0.9882352941176471
0.9882352941176471
0.9882352941176471
0.5764705882352941
0.0
0.0
0.0
0.0
0.0
0.0
0.0
0.0
0.0
0.0
0.0
0.0
0.0
0.6509803921568628
0.9921568627450981
0.9921568627450981
0.9921568627450981
0.9921568627450981
0.996078431372549
0.5411764705882354
0.015686274509803977
0.0
0.0
0.2431372549019608
0.5529411764705883
0.9803921568627452
0.9921568627450981
0.8196078431372549
0.0
0.0
0.0
0.0
0.0
0.0
0.0
0.0
0.0
0.0
0.0
0.0
0.17647058823529416
0.9921568627450981
0.9882352941176471
0.8235294117647058
0.6588235294117647
0.6588235294117647
0.9921568627450981
0.9882352941176471
0.08235294117647063
0.0
0.0
0.0
0.0
0.6
0.9882352941176471
0.9882352941176471
0.0
0.0
0.0
0.0
0.0
0.0
0.0
0.0
0.0862745098039216
0.16078431372549018
0.32156862745098036
0.9098039215686274
0.9098039215686274
0.9098039215686274
0.7686274509803921
0.07450980392156858
0.0
0.0
0.9921568627450981
0.8235294117647058
0.04313725490196074
0.0
0.0
0.0
0.0
0.5294117647058824
0.9882352941176471
0.607843137254902
0.0
0.0
0.0
0.0
0.0
0.0
0.0
0.0
0.5450980392156863
0.7411764705882353
0.9294117647058824
0.9882352941176471
0.9882352941176471
0.0
0.0
0.0
0.0
0.0
0.9921568627450981
0.6588235294117647
0.0
0.0
0.0
0.0
0.0862745098039216
0.9294117647058824
0.9882352941176471
0.3019607843137255
0.0
0.0
0.0
0.0
0.0
0.0
0.0
0.0
0.9921568627450981
0.9882352941176471
0.9882352941176471
0.8862745098039215
0.2313725490196078
0.0
0.0
0.0
0.0
0.0
0.9921568627450981
0.4862745098039216
0.0
0.0
0.0
0.0
0.33333333333333337
0.9882352941176471
0.7803921568627451
0.027450980392156876
0.0
0.0
0.0
0.0
0.0
0.0
0.0
0.0
0.996078431372549
0.9372549019607843
0.06666666666666665
0.0
0.0
0.0
0.0
0.0
0.0
0.41960784313725485
0.9686274509803922
0.3803921568627451
0.0
0.0
0.0
0.0980392156862745
0.8901960784313725
0.9803921568627452
0.4509803921568627
0.0
0.0
0.0
0.0
0.0
0.0
0.0
0.0
0.0
0.8549019607843137
0.9058823529411765
0.06274509803921569
0.0
0.0
0.0
0.0
0.0
0.0
0.4156862745098039
0.8823529411764706
0.08235294117647063
0.0
0.0
0.14117647058823535
0.788235294117647
0.9882352941176471
0.7686274509803921
0.0
0.0
0.0
0.0
0.0
0.0
0.0
0.0
0.0
0.0
0.611764705882353
0.9882352941176471
0.08235294117647063
0.0
0.0
0.0
0.0
0.0
0.0
0.4509803921568627
0.9803921568627452
0.2901960784313725
0.0862745098039216
0.18823529411764706
0.8745098039215686
0.9921568627450981
0.9607843137254902
0.2823529411764706
0.0
0.0
0.0
0.0
0.0
0.0
0.0
0.0
0.0
0.0
0.9921568627450981
0.592156862745098
0.027450980392156876
0.0
0.0
0.0
0.0
0.0
0.0
0.8274509803921568
0.9372549019607843
0.9098039215686274
0.9882352941176471
0.9882352941176471
0.9882352941176471
0.9921568627450981
0.5529411764705883
0.0
0.0
0.0
0.0
0.0
0.0
0.0
0.0
0.0
0.0
0.0
0.9921568627450981
0.3137254901960784
0.0
0.0
0.0
0.0
0.0
0.0
0.0
0.8274509803921568
0.9921568627450981
0.9882352941176471
0.9882352941176471
0.9882352941176471
0.9882352941176471
0.33725490196078434
0.04313725490196074
0.0
0.0
0.0
0.0
0.0
0.0
0.0
0.0
0.0
0.0
0.0
0.41960784313725485
0.10588235294117643
0.0
0.0
0.0
0.0
0.0
0.0
0.0
0.7607843137254902
1.0
0.9921568627450981
0.8392156862745098
0.5490196078431373
0.2431372549019608
0.0
0.0
0.0
0.0
0.0
0.0
0.0
0.0
0.0
0.0
0.0
0.0
0.0
0.0
0.0
0.0
0.0
0.0
0.0
0.0
0.0
0.0
0.10588235294117643
0.6588235294117647
0.5176470588235293
0.019607843137254943
0.0
0.0
0.0
0.0
0.0
0.0
0.0
0.0
0.0
0.0
0.0
0.0
0.0
0.0
0.0
0.0
0.0
0.0
0.0
0.0
0.0
0.0
0.0
0.0
0.0
0.0
0.0
0.0
0.0
0.0
0.0
0.0
0.0
0.0
0.0
0.0
0.0
0.0
0.0
0.0
0.0
0.0
0.0
0.0
0.0
0.0
0.0
0.0
0.0
0.0
0.0
0.0
0.0
0.0
0.0
0.0
0.0
0.0
0.0
0.0
0.0
0.0
0.0
0.0
0.0
0.0
0.0
0.0
0.0
0.0
0.0
0.0
0.0
0.0
0.0
0.0
0.0
0.0
0.0
0.0
0.0
0.0
0.0
0.0
0.0
0.0
0.0
0.0
0.0
0.0
0.0
0.0
0.0
0.0
0.0
0.0
0.0
0.0
0.0
0.0
0.0
0.0
0.0
0.0
0.0
0.0
0.0
0.0
0.0
0.0
0.0
0.0
0.0
0.0
0.0
0.0
0.0
0.0
0.0
0.0
0.0
0.0
0.0
0.0
0.0
0.0
0.0
0.0
0.0
0.0
0.0
0.0
0.0
0.0
0.0
0.0
0.0
0.0
0.0
0.0
0.0
0.0
0.0
0.0
0.0
0.0
0.0
0.0
0.0
0.0
0.0
0.0
0.0
0.0
0.0
0.0
0.0
0.0
0.0
0.0
0.0
0.0
0.0
0.0
0.0
0.0
0.0
0.0
0.0
0.0
0.0
0.0
0.0
0.0
0.0
0.0
0.0
0.0
0.0
