0.0
0.0
0.0
0.0
0.0
0.0
0.0
0.0
0.0
0.0
0.0
0.0
0.0
0.0
0.0
0.0
0.0
0.0
0.0
0.0
0.0
0.0
0.0
0.0
0.0
0.0
0.0
0.0
0.0
0.0
0.0
0.0
0.0
0.0
0.0
0.0
0.0
0.0
0.0
0.0
0.0
0.0
0.0
0.0
0.0
0.0
0.0
0.0
0.0
0.0
0.0
0.0
0.0
0.0
0.0
0.0
0.0
0.0
0.0
0.0
0.0
0.0
0.0
0.0
0.0
0.0
0.0
0.0
0.0
0.0
0.0
0.0
0.0
0.0
0.0
0.0
0.0
0.0
0.0
0.0
0.0
0.0
0.0
0.0
0.0
0.0
0.0
0.0
0.0
0.0
0.0
0.0
0.0
0.0
0.0
0.0
0.0
0.0
0.0
0.0
0.0
0.0
0.0
0.0
0.0
0.0
0.0
0.0
0.0
0.0
0.0
0.0
0.0
0.0
0.0
0.0
0.0
0.0
0.0
0.0
0.0
0.0
0.0
0.0
0.0
0.0
0.0
0.0
0.0
0.0
0.0
0.0
0.0
0.0
0.0
0.0
0.0
0.0
0.0
0.0
0.0
0.0
0.0
0.0
0.0
0.0
0.0
0.0
0.0
0.0
0.0
0.0
0.0
0.0
0.0
0.0
0.0
0.0
0.0
0.0
0.0
0.0
0.0
0.0
0.0
0.0
0.0
0.0
0.0
0.0
0.0
0.0
0.0
0.0
0.0
0.0
0.0
0.0
0.0
0.0
0.0
0.0
0.0
0.0
0.0
0.0
0.0
0.0
0.0
0.0
0.0
0.0
0.0
0.0
0.0
0.0
0.0
0.0
0.0
0.0
0.0
0.0
0.0
0.2313725490196078
0.49411764705882355
0.7686274509803921
0.7686274509803921
0.592156862745098
0.4509803921568627
0.35686274509803917
0.0039215686274509665
0.0
0.0
0.0
0.0
0.0
0.0
0.0
0.0
0.0
0.0
0.0
0.0
0.0
0.0
0.0
0.0
0.0
0.0
0.0
0.21176470588235297
0.9411764705882353
0.9921568627450981
0.807843137254902
0.5098039215686274
0.8274509803921568
0.9921568627450981
0.9921568627450981
0.6
0.05490196078431375
0.0
0.0
0.0
0.0
0.0
0.0
0.0
0.0
0.0
0.0
0.0
0.0
0.0
0.0
0.0
0.0
0.0
0.08235294117647063
0.803921568627451
0.8784313725490196
0.2313725490196078
0.03137254901960784
0.0
0.039215686274509776
0.2431372549019608
0.5725490196078431
0.9843137254901961
0.32156862745098036
0.0
0.0
0.0
0.0
0.16470588235294115
0.196078431372549
0.08235294117647063
0.0
0.0
0.0
0.0
0.0
0.0
0.0
0.0
0.0
0.0
0.35686274509803917
0.9921568627450981
0.4
0.0
0.0
0.0
0.0
0.0
0.0
0.9607843137254902
0.5019607843137255
0.0
0.0
0.0
0.28627450980392155
0.9725490196078431
0.9921568627450981
0.8352941176470589
0.1098039215686275
0.0
0.0
0.0
0.0
0.0
0.0
0.0
0.0
0.0
0.4392156862745098
0.9529411764705882
0.1098039215686275
0.0
0.0
0.0
0.0
0.0
0.0
0.9607843137254902
0.45882352941176474
0.0
0.0
0.16078431372549018
0.9137254901960784
0.7960784313725491
0.4901960784313726
0.8823529411764706
0.7450980392156863
0.007843137254901933
0.0
0.0
0.0
0.0
0.0
0.0
0.0
0.0
0.6745098039215687
0.8235294117647058
0.0
0.0
0.0
0.0
0.0
0.0
0.0
0.9607843137254902
0.5176470588235293
0.0
0.06274509803921569
0.7803921568627451
0.9450980392156862
0.23921568627450984
0.0
0.30980392156862746
0.9725490196078431
0.22745098039215683
0.0
0.0
0.0
0.0
0.0
0.0
0.0
0.0
0.9843137254901961
0.9686274509803922
0.611764705882353
0.07450980392156858
0.0
0.0
0.0
0.0
0.0
0.7529411764705882
0.6392156862745098
0.02352941176470591
0.6980392156862745
0.9490196078431372
0.2549019607843137
0.0
0.0
0.0
0.8274509803921568
0.7647058823529411
0.0
0.0
0.0
0.0
0.0
0.0
0.0
0.0
1.0
0.8588235294117648
0.8823529411764706
0.32156862745098036
0.0
0.0
0.0
0.0
0.0
0.6431372549019607
0.8823529411764706
0.8
0.9803921568627451
0.42352941176470593
0.0
0.0
0.0
0.0
0.5019607843137255
0.996078431372549
0.0
0.0
0.0
0.0
0.0
0.0
0.0
0.0
0.8705882352941177
0.8352941176470589
0.0
0.0
0.0
0.0
0.0
0.0
0.0
0.6392156862745098
0.996078431372549
0.9450980392156862
0.25098039215686274
0.0
0.0
0.0
0.0
0.0
0.2901960784313725
0.9921568627450981
0.0
0.0
0.0
0.0
0.0
0.0
0.0
0.0
0.40784313725490196
0.9764705882352941
0.22352941176470587
0.0
0.0
0.0
0.0
0.027450980392156876
0.49411764705882355
0.9019607843137255
0.996078431372549
0.7411764705882353
0.0
0.0
0.0
0.0
0.0
0.0
0.4274509803921569
0.9921568627450981
0.0
0.0
0.0
0.0
0.0
0.0
0.0
0.0
0.019607843137254943
0.8627450980392157
0.7333333333333334
0.03137254901960784
0.0
0.027450980392156876
0.20392156862745103
0.7960784313725491
0.9921568627450981
0.7607843137254902
0.5568627450980392
0.9764705882352941
0.388235294117647
0.0
0.0
0.0
0.0
0.0
0.7529411764705882
0.8470588235294118
0.0
0.0
0.0
0.0
0.0
0.0
0.0
0.0
0.0
0.39607843137254906
0.9921568627450981
0.8431372549019608
0.8
0.8392156862745098
0.9921568627450981
0.8156862745098039
0.3137254901960784
0.007843137254901933
0.007843137254901933
0.5529411764705883
0.9725490196078431
0.7607843137254902
0.3294117647058824
0.16078431372549018
0.3411764705882353
0.6666666666666667
0.9803921568627451
0.2588235294117647
0.0
0.0
0.0
0.0
0.0
0.0
0.0
0.0
0.0
0.0117647058823529
0.5294117647058824
0.8
0.8
0.47058823529411764
0.16078431372549018
0.06666666666666665
0.0
0.0
0.0
0.0117647058823529
0.2941176470588235
0.7529411764705882
0.9921568627450981
0.9921568627450981
0.9921568627450981
0.9411764705882353
0.40784313725490196
0.007843137254901933
0.0
0.0
0.0
0.0
0.0
0.0
0.0
0.0
0.0
0.0
0.0
0.0
0.0
0.0
0.0
0.0
0.0
0.0
0.0
0.0
0.0
0.019607843137254943
0.2823529411764706
0.44705882352941173
0.44705882352941173
0.22745098039215683
0.0
0.0
0.0
0.0
0.0
0.0
0.0
0.0
0.0
0.0
0.0
0.0
0.0
0.0
0.0
0.0
0.0
0.0
0.0
0.0
0.0
0.0
0.0
0.0
0.0
0.0
0.0
0.0
0.0
0.0
0.0
0.0
0.0
0.0
0.0
0.0
0.0
0.0
0.0
0.0
0.0
0.0
0.0
0.0
0.0
0.0
0.0
0.0
0.0
0.0
0.0
0.0
0.0
0.0
0.0
0.0
0.0
0.0
0.0
0.0
0.0
0.0
0.0
0.0
0.0
0.0
0.0
0.0
0.0
0.0
0.0
0.0
0.0
0.0
0.0
0.0
0.0
0.0
0.0
0.0
0.0
0.0
0.0
0.0
0.0
0.0
0.0
0.0
0.0
0.0
0.0
0.0
0.0
0.0
0.0
0.0
0.0
0.0
0.0
0.0
0.0
0.0
0.0
0.0
0.0
0.0
0.0
0.0
0.0
0.0
0.0
0.0
0.0
0.0
0.0
0.0
0.0
0.0
0.0
0.0
0.0
0.0
0.0
0.0
0.0
0.0
0.0
0.0
0.0
0.0
0.0
0.0
0.0
0.0
0.0
0.0
0.0
0.0
0.0
0.0
0.0
0.0
0.0
0.0
0.0
0.0
0.0
0.0
0.0
0.0
0.0
0.0
0.0
0.0
0.0
0.0
0.0
0.0
0.0
0.0
0.0
0.0
0.0
0.0
0.0
0.0
0.0
0.0
0.0
0.0
0.0
0.0
0.0
0.0
0.0
0.0
0.0
0.0
0.0
0.0
0.0
0.0
0.0
0.0
0.0
0.0
0.0
0.0
0.0
0.0
0.0
0.0
0.0
0.0
0.0
0.0
0.0
0.0
0.0
0.0
0.0
