0.0
0.0
0.0
0.0
0.0
0.0
0.0
0.0
0.0
0.0
0.0
0.0
0.0
0.0
0.0
0.0
0.0
0.0
0.0
0.0
0.0
0.0
0.0
0.0
0.0
0.0
0.0
0.0
0.0
0.0
0.0
0.0
0.0
0.0
0.0
0.0
0.0
0.0
0.0
0.0
0.0
0.0
0.0
0.0
0.0
0.0
0.0
0.0
0.0
0.0
0.0
0.0
0.0
0.0
0.0
0.0
0.0
0.0
0.0
0.0
0.0
0.0
0.0
0.0
0.0
0.0
0.0
0.0
0.0
0.0
0.0
0.0
0.0
0.0
0.0
0.0
0.0
0.0
0.0
0.0
0.0
0.0
0.0
0.0
0.0
0.0
0.0
0.0
0.0
0.0
0.0
0.0
0.0
0.0
0.0
0.0
0.0
0.0
0.0
0.0
0.0
0.0
0.0
0.0
0.0
0.0
0.0
0.0
0.0
0.0
0.0
0.0
0.0
0.0
0.0
0.0
0.0
0.0
0.0
0.0
0.0
0.0
0.0
0.0
0.0
0.0
0.0
0.0
0.0
0.0
0.0
0.0
0.0
0.0
0.0
0.0
0.0
0.0
0.0
0.0
0.0
0.0
0.0
0.0
0.0
0.0
0.0
0.0
0.0
0.0
0.0
0.0
0.0
0.0
0.0
0.0
0.0
0.0
0.0
0.0
0.0
0.0
0.0
0.0
0.0
0.0
0.0
0.0
0.0
0.0
0.0
0.0
0.0
0.0
0.0
0.0
0.0
0.0
0.0
0.0
0.0
0.0
0.0
0.0
0.0
0.0
0.0
0.0
0.0
0.0
0.0
0.0
0.0
0.0
0.0
0.0
0.0
0.0
0.0
0.0
0.0
0.24705882352941178
0.584313725490196
0.584313725490196
0.2823529411764706
0.0
0.0
0.0
0.0
0.0
0.0
0.0
0.0
0.0
0.0
0.11764705882352944
0.5137254901960784
0.44313725490196076
0.06666666666666665
0.0
0.0
0.0
0.0
0.0
0.0
0.0
0.0
0.0
0.1725490196078432
0.9450980392156862
0.996078431372549
0.996078431372549
0.788235294117647
0.0
0.0
0.0
0.0
0.07450980392156858
0.5529411764705883
0.788235294117647
0.22745098039215683
0.0
0.27450980392156865
0.9411764705882353
0.996078431372549
0.996078431372549
0.792156862745098
0.1725490196078432
0.0
0.0
0.0
0.0
0.0
0.0
0.0
0.0
0.607843137254902
0.996078431372549
0.807843137254902
0.1725490196078432
0.4117647058823529
0.05882352941176472
0.0
0.0
0.019607843137254943
0.8
0.996078431372549
0.996078431372549
0.5882352941176471
0.0
0.0862745098039216
0.48235294117647054
0.48235294117647054
0.8117647058823529
0.996078431372549
0.603921568627451
0.0
0.0
0.0
0.0
0.0
0.0
0.0
0.0
0.8196078431372549
0.8627450980392157
0.09411764705882353
0.0
0.0
0.0
0.0
0.0117647058823529
0.5254901960784314
0.996078431372549
0.996078431372549
0.996078431372549
0.5372549019607843
0.0
0.0
0.0
0.0
0.4156862745098039
0.996078431372549
0.7686274509803921
0.0
0.0
0.0
0.0
0.0
0.0
0.0
0.0
0.996078431372549
0.44705882352941173
0.0
0.0
0.0
0.0
0.0
0.26274509803921564
0.996078431372549
0.996078431372549
0.996078431372549
0.8352941176470589
0.039215686274509776
0.0
0.0
0.0
0.0
0.4156862745098039
0.996078431372549
0.4980392156862745
0.0
0.0
0.0
0.0
0.0
0.0
0.0
0.0
0.996078431372549
0.5176470588235293
0.0
0.0
0.0
0.0
0.007843137254901933
0.7725490196078432
0.996078431372549
0.996078431372549
0.9764705882352941
0.2313725490196078
0.0
0.0
0.0
0.0
0.0
0.4156862745098039
0.996078431372549
0.30980392156862746
0.0
0.0
0.0
0.0
0.0
0.0
0.0
0.0
0.8666666666666667
0.7176470588235294
0.0
0.0
0.0
0.0
0.10588235294117643
0.996078431372549
0.996078431372549
0.996078431372549
0.5568627450980392
0.0
0.0
0.0
0.0
0.0
0.0
0.5411764705882354
0.996078431372549
0.5450980392156863
0.0
0.0
0.0
0.0
0.0
0.0
0.0
0.0
0.6549019607843137
0.9098039215686274
0.28627450980392155
0.0
0.0
0.0
0.34509803921568627
0.996078431372549
0.996078431372549
0.8745098039215686
0.1098039215686275
0.0
0.0
0.0
0.0
0.0
0.039215686274509776
0.8392156862745098
0.996078431372549
0.30980392156862746
0.0
0.0
0.0
0.0
0.0
0.0
0.0
0.0
0.21568627450980393
0.9882352941176471
0.9137254901960784
0.4666666666666667
0.20392156862745103
0.36078431372549025
0.807843137254902
0.996078431372549
0.9764705882352941
0.1098039215686275
0.0
0.0
0.0
0.0
0.0
0.0
0.33333333333333337
1.0
0.9882352941176471
0.21568627450980393
0.0
0.0
0.0
0.0
0.0
0.0
0.0
0.0
0.0
0.3411764705882353
0.8823529411764706
0.996078431372549
0.9843137254901961
0.996078431372549
0.996078431372549
0.996078431372549
0.5294117647058824
0.0
0.0
0.0
0.0
0.0
0.0
0.039215686274509776
0.8352941176470589
0.996078431372549
0.5294117647058824
0.0
0.0
0.0
0.0
0.0
0.0
0.0
0.0
0.0
0.0
0.0
0.12549019607843137
0.6
0.7529411764705882
0.7529411764705882
0.7764705882352941
0.996078431372549
0.35686274509803917
0.0
0.0
0.0
0.0
0.0
0.0
0.4274509803921569
0.996078431372549
0.9764705882352941
0.207843137254902
0.0
0.0
0.0
0.0
0.0
0.0
0.0
0.0
0.0
0.0
0.0
0.0
0.0
0.0
0.0
0.04705882352941182
0.8627450980392157
0.9450980392156862
0.1725490196078432
0.0
0.0
0.0
0.0
0.3019607843137255
0.9764705882352941
0.996078431372549
0.5450980392156863
0.0
0.0
0.0
0.0
0.0
0.0
0.0
0.0
0.0
0.0
0.0
0.0
0.0
0.0
0.0
0.0
0.0
0.403921568627451
0.996078431372549
0.6627450980392157
0.1215686274509804
0.0
0.10196078431372546
0.43529411764705883
0.9764705882352941
0.996078431372549
0.8470588235294118
0.03529411764705881
0.0
0.0
0.0
0.0
0.0
0.0
0.0
0.0
0.0
0.0
0.0
0.0
0.0
0.0
0.0
0.0
0.0
0.039215686274509776
0.7686274509803921
0.996078431372549
0.9450980392156862
0.49411764705882355
0.9019607843137255
0.996078431372549
0.9725490196078431
0.807843137254902
0.16470588235294115
0.0
0.0
0.0
0.0
0.0
0.0
0.0
0.0
0.0
0.0
0.0
0.0
0.0
0.0
0.0
0.0
0.0
0.0
0.0
0.019607843137254943
0.7843137254901961
0.9607843137254902
0.996078431372549
0.996078431372549
0.9019607843137255
0.38431372549019605
0.0
0.0
0.0
0.0
0.0
0.0
0.0
0.0
0.0
0.0
0.0
0.0
0.0
0.0
0.0
0.0
0.0
0.0
0.0
0.0
0.0
0.0
0.0
0.1568627450980392
0.5686274509803921
0.3803921568627451
0.027450980392156876
0.0
0.0
0.0
0.0
0.0
0.0
0.0
0.0
0.0
0.0
0.0
0.0
0.0
0.0
0.0
0.0
0.0
0.0
0.0
0.0
0.0
0.0
0.0
0.0
0.0
0.0
0.0
0.0
0.0
0.0
0.0
0.0
0.0
0.0
0.0
0.0
0.0
0.0
0.0
0.0
0.0
0.0
0.0
0.0
0.0
0.0
0.0
0.0
0.0
0.0
0.0
0.0
0.0
0.0
0.0
0.0
0.0
0.0
0.0
0.0
0.0
0.0
0.0
0.0
0.0
0.0
0.0
0.0
0.0
0.0
0.0
0.0
0.0
0.0
0.0
0.0
0.0
0.0
0.0
0.0
0.0
0.0
0.0
0.0
0.0
0.0
0.0
0.0
0.0
0.0
0.0
0.0
0.0
0.0
0.0
0.0
0.0
0.0
0.0
0.0
0.0
0.0
0.0
0.0
0.0
0.0
0.0
0.0
0.0
0.0
0.0
0.0
0.0
0.0
0.0
0.0
0.0
0.0
0.0
0.0
0.0
0.0
0.0
0.0
0.0
0.0
0.0
0.0
0.0
0.0
0.0
0.0
0.0
0.0
0.0
0.0
0.0
0.0
0.0
0.0
0.0
0.0
0.0
0.0
0.0
0.0
0.0
0.0
0.0
0.0
