0.0
0.0
0.0
0.0
0.0
0.0
0.0
0.0
0.0
0.0
0.0
0.0
0.0
0.0
0.0
0.0
0.0
0.0
0.0
0.0
0.0
0.0
0.0
0.0
0.0
0.0
0.0
0.0
0.0
0.0
0.0
0.0
0.0
0.0
0.0
0.0
0.0
0.0
0.0
0.0
0.0
0.0
0.0
0.0
0.0
0.0
0.0
0.0
0.0
0.0
0.0
0.0
0.0
0.0
0.0
0.0
0.0
0.0
0.0
0.0
0.0
0.0
0.0
0.0
0.0
0.0
0.0
0.0
0.0
0.0
0.0
0.0
0.0
0.0
0.0
0.0
0.0
0.0
0.0
0.0
0.0
0.0
0.0
0.0
0.0
0.0
0.0
0.0
0.0
0.0
0.0
0.0
0.0
0.0
0.0
0.0
0.0
0.0
0.0
0.0
0.0
0.0
0.0
0.0
0.0
0.0
0.0
0.0
0.0
0.0
0.0
0.0
0.0
0.0
0.0
0.0
0.0
0.0
0.0
0.0
0.0
0.0
0.0
0.0
0.0
0.0
0.0
0.0
0.0
0.0
0.0
0.0
0.0
0.0
0.0
0.0
0.0
0.0
0.0
0.0
0.0
0.0
0.0
0.0
0.0
0.0
0.0
0.0
0.0
0.0
0.0
0.0
0.0
0.0
0.0
0.0
0.0
0.0
0.0
0.0
0.0
0.0
0.0
0.0
0.0
0.0
0.0
0.0
0.0
0.0
0.0
0.0
0.0
0.0
0.0
0.0
0.0
0.0
0.0
0.0
0.0
0.0
0.0
0.0
0.0
0.0
0.0
0.0
0.0
0.06666666666666665
0.7607843137254902
0.5686274509803921
0.019607843137254943
0.0
0.0
0.0
0.0
0.0
0.0
0.0
0.0
0.0
0.12941176470588234
0.2196078431372549
0.0
0.0
0.0
0.0
0.0
0.0
0.0
0.0
0.0
0.0
0.0
0.0
0.0
0.13725490196078427
0.9921568627450981
0.9921568627450981
0.21176470588235297
0.0
0.0
0.0
0.0
0.0
0.0
0.0
0.0
0.11372549019607847
0.8745098039215686
0.9686274509803922
0.1215686274509804
0.0
0.0
0.0
0.0
0.0
0.0
0.0
0.0
0.0
0.0
0.0
0.0
0.3411764705882353
0.9921568627450981
0.9921568627450981
0.5647058823529412
0.0
0.0
0.0
0.0
0.0
0.0
0.0
0.0
0.2196078431372549
0.9921568627450981
0.9098039215686274
0.09019607843137256
0.0
0.0
0.0
0.0
0.0
0.0
0.0
0.0
0.0
0.0
0.0
0.0
0.14509803921568631
0.6784313725490196
0.9921568627450981
0.6
0.0
0.0
0.0
0.0
0.0
0.0
0.0
0.0
0.6470588235294117
0.9921568627450981
0.6784313725490196
0.0
0.0
0.0
0.0
0.09019607843137256
0.5450980392156863
0.2901960784313725
0.0
0.0
0.0
0.0
0.0
0.0
0.0
0.3529411764705882
0.9921568627450981
0.8196078431372549
0.0
0.0
0.0
0.0
0.0
0.0
0.0
0.0
0.996078431372549
0.9921568627450981
0.34901960784313724
0.0
0.0
0.0
0.0
0.45882352941176474
0.9921568627450981
0.9490196078431372
0.14901960784313728
0.0
0.0
0.0
0.0
0.0
0.0
0.35686274509803917
0.996078431372549
0.8470588235294118
0.0
0.0
0.0
0.0
0.0
0.0
0.0
0.0
0.8431372549019608
0.9921568627450981
0.5019607843137255
0.0
0.0
0.0
0.0
0.5450980392156863
0.9921568627450981
0.8392156862745098
0.04313725490196074
0.0
0.0
0.0
0.0
0.0
0.0
0.3529411764705882
0.9921568627450981
0.6
0.0
0.0
0.0
0.0
0.0
0.0
0.0
0.0
0.996078431372549
0.9921568627450981
0.34901960784313724
0.0
0.0
0.0
0.0
0.5450980392156863
0.9921568627450981
0.9921568627450981
0.19215686274509802
0.0
0.0
0.0
0.0
0.0
0.0039215686274509665
0.5176470588235293
0.9921568627450981
0.6
0.0
0.0
0.0
0.0
0.0
0.0
0.0
0.0
0.996078431372549
0.9921568627450981
0.34901960784313724
0.0
0.0
0.0
0.0
0.792156862745098
0.9921568627450981
0.9921568627450981
0.19215686274509802
0.0
0.0
0.0
0.0
0.0
0.38431372549019605
0.9921568627450981
0.9921568627450981
0.5098039215686274
0.0
0.0
0.0
0.0
0.0
0.0
0.0
0.0
0.996078431372549
0.9921568627450981
0.34901960784313724
0.0
0.0
0.0
0.2823529411764706
0.9843137254901961
0.9921568627450981
0.9921568627450981
0.5215686274509803
0.0
0.0
0.0
0.03137254901960784
0.611764705882353
0.9215686274509804
0.9921568627450981
0.49411764705882355
0.03529411764705881
0.0
0.0
0.0
0.0
0.0
0.0
0.0
0.0
0.996078431372549
0.9921568627450981
0.45882352941176474
0.0
0.0
0.14117647058823535
0.6666666666666667
0.9921568627450981
0.9921568627450981
0.9921568627450981
0.8509803921568627
0.10196078431372546
0.019607843137254943
0.38431372549019605
0.8274509803921568
0.9921568627450981
0.9921568627450981
0.6509803921568628
0.0117647058823529
0.0
0.0
0.0
0.0
0.0
0.0
0.0
0.0
0.0
0.9607843137254902
0.9921568627450981
0.9647058823529412
0.6941176470588235
0.4901960784313726
0.7490196078431373
0.9921568627450981
0.9176470588235295
0.3529411764705882
0.9882352941176471
0.9921568627450981
0.9215686274509804
0.8862745098039215
0.9921568627450981
0.996078431372549
0.9647058823529412
0.48235294117647054
0.03137254901960784
0.0
0.0
0.0
0.0
0.0
0.0
0.0
0.0
0.0
0.0
0.26274509803921564
0.6784313725490196
0.8823529411764706
0.9921568627450981
0.9921568627450981
0.9921568627450981
0.8901960784313725
0.42352941176470593
0.0
0.6705882352941177
0.9333333333333333
0.9921568627450981
0.7294117647058824
0.6784313725490196
0.33725490196078434
0.19999999999999996
0.0
0.0
0.0
0.0
0.0
0.0
0.0
0.0
0.0
0.0
0.0
0.0
0.0
0.0
0.14901960784313728
0.6509803921568628
0.8549019607843137
0.6549019607843137
0.1568627450980392
0.0
0.0
0.0
0.06274509803921569
0.07843137254901966
0.0117647058823529
0.0
0.0
0.0
0.0
0.0
0.0
0.0
0.0
0.0
0.0
0.0
0.0
0.0
0.0
0.0
0.0
0.0
0.0
0.0
0.0
0.0
0.0
0.0
0.0
0.0
0.0
0.0
0.0
0.0
0.0
0.0
0.0
0.0
0.0
0.0
0.0
0.0
0.0
0.0
0.0
0.0
0.0
0.0
0.0
0.0
0.0
0.0
0.0
0.0
0.0
0.0
0.0
0.0
0.0
0.0
0.0
0.0
0.0
0.0
0.0
0.0
0.0
0.0
0.0
0.0
0.0
0.0
0.0
0.0
0.0
0.0
0.0
0.0
0.0
0.0
0.0
0.0
0.0
0.0
0.0
0.0
0.0
0.0
0.0
0.0
0.0
0.0
0.0
0.0
0.0
0.0
0.0
0.0
0.0
0.0
0.0
0.0
0.0
0.0
0.0
0.0
0.0
0.0
0.0
0.0
0.0
0.0
0.0
0.0
0.0
0.0
0.0
0.0
0.0
0.0
0.0
0.0
0.0
0.0
0.0
0.0
0.0
0.0
0.0
0.0
0.0
0.0
0.0
0.0
0.0
0.0
0.0
0.0
0.0
0.0
0.0
0.0
0.0
0.0
0.0
0.0
0.0
0.0
0.0
0.0
0.0
0.0
0.0
0.0
0.0
0.0
0.0
0.0
0.0
0.0
0.0
0.0
0.0
0.0
0.0
0.0
0.0
0.0
0.0
0.0
0.0
0.0
0.0
0.0
0.0
0.0
0.0
0.0
0.0
0.0
0.0
0.0
0.0
0.0
0.0
0.0
0.0
0.0
0.0
0.0
0.0
0.0
0.0
0.0
0.0
0.0
0.0
0.0
0.0
0.0
0.0
0.0
0.0
0.0
0.0
0.0
0.0
0.0
0.0
0.0
0.0
0.0
0.0
0.0
0.0
0.0
0.0
0.0
0.0
0.0
0.0
0.0
0.0
0.0
0.0
0.0
0.0
0.0
0.0
0.0
0.0
0.0
0.0
0.0
0.0
0.0
0.0
0.0
0.0
