0.0
0.0
0.0
0.0
0.0
0.0
0.0
0.0
0.0
0.0
0.0
0.0
0.0
0.0
0.0
0.0
0.0
0.0
0.0
0.0
0.0
0.0
0.0
0.0
0.0
0.0
0.0
0.0
0.0
0.0
0.0
0.0
0.0
0.0
0.0
0.0
0.0
0.0
0.0
0.0
0.0
0.0
0.0
0.0
0.0
0.0
0.0
0.0
0.0
0.0
0.0
0.0
0.0
0.0
0.0
0.0
0.0
0.0
0.0
0.0
0.0
0.0
0.0
0.0
0.0
0.0
0.0
0.0
0.0
0.0
0.0
0.0
0.0
0.0
0.0
0.0
0.0
0.0
0.0
0.0
0.0
0.0
0.0
0.0
0.0
0.0
0.0
0.0
0.0
0.0
0.0
0.0
0.0
0.0
0.0
0.0
0.0
0.0
0.0
0.0
0.0
0.0
0.0
0.0
0.0
0.0
0.0
0.0
0.0
0.0
0.0
0.0
0.0
0.0
0.0
0.0
0.0
0.0
0.0
0.0
0.0
0.0
0.0
0.0
0.0
0.0
0.0
0.0
0.0
0.0
0.0
0.0
0.0
0.0
0.0
0.0
0.0
0.0
0.0
0.0
0.0
0.0
0.0
0.0
0.0
0.0
0.0
0.0
0.0
0.0
0.0
0.0
0.0
0.0
0.0
0.14509803921568631
0.5529411764705883
0.611764705882353
0.7607843137254902
0.611764705882353
0.5254901960784314
0.21568627450980393
0.0
0.0
0.0
0.0
0.0
0.0
0.0
0.0
0.0
0.0
0.0
0.0
0.0
0.0
0.0
0.0
0.0
0.0
0.0
0.2784313725490196
0.603921568627451
0.9372549019607843
0.9921568627450981
0.9921568627450981
0.9921568627450981
0.9921568627450981
0.996078431372549
0.9803921568627451
0.5764705882352941
0.03529411764705881
0.0
0.0
0.0
0.0
0.0
0.0
0.0
0.0
0.0
0.0
0.0
0.0
0.0
0.0
0.0
0.0
0.33333333333333337
0.9686274509803922
0.9921568627450981
0.996078431372549
0.7294117647058824
0.6823529411764706
0.6823529411764706
0.6823529411764706
0.8745098039215686
0.9921568627450981
0.9921568627450981
0.07450980392156858
0.0
0.0
0.0
0.0
0.0
0.0
0.0
0.0
0.0
0.0
0.0
0.0
0.0
0.0
0.0
0.3411764705882353
0.9686274509803922
0.9921568627450981
0.8705882352941177
0.37254901960784315
0.0117647058823529
0.0
0.0
0.0
0.13725490196078427
0.8509803921568627
0.9921568627450981
0.07450980392156858
0.0
0.0
0.0
0.0
0.0
0.0
0.0
0.0
0.0
0.0
0.0
0.0
0.0
0.0
0.3254901960784313
0.9568627450980393
0.9921568627450981
0.9294117647058824
0.14117647058823535
0.0
0.0
0.0
0.0
0.0
0.0
0.3137254901960784
0.9921568627450981
0.07450980392156858
0.0
0.0
0.0
0.0
0.0
0.0
0.0
0.0
0.0
0.0
0.0
0.0
0.0
0.23921568627450984
1.0
0.996078431372549
0.9215686274509804
0.207843137254902
0.0
0.0
0.0
0.0
0.0
0.0
0.0
0.4627450980392157
0.996078431372549
0.07450980392156858
0.0
0.0
0.0
0.0
0.0
0.0
0.0
0.0
0.0
0.0
0.0
0.0
0.07450980392156858
0.8117647058823529
0.996078431372549
0.8941176470588236
0.10588235294117643
0.0
0.0
0.0
0.0
0.0
0.0
0.0
0.0
0.4901960784313726
0.9921568627450981
0.07450980392156858
0.0
0.0
0.0
0.0
0.0
0.0
0.0
0.0
0.0
0.0
0.0
0.0
0.5372549019607843
0.9921568627450981
0.9215686274509804
0.22352941176470587
0.0
0.0
0.0
0.0
0.0
0.0
0.0
0.0
0.07450980392156858
0.8862745098039215
0.9921568627450981
0.07450980392156858
0.0
0.0
0.0
0.0
0.0
0.0
0.0
0.0
0.0
0.0
0.0
0.1686274509803921
0.9568627450980393
0.9921568627450981
0.5568627450980392
0.0
0.0
0.0
0.0
0.0
0.0
0.0
0.0
0.0
0.4392156862745098
0.9921568627450981
0.9921568627450981
0.07450980392156858
0.0
0.0
0.0
0.0
0.0
0.0
0.0
0.0
0.0
0.0
0.0
0.30980392156862746
0.9921568627450981
0.9921568627450981
0.09019607843137256
0.0
0.0
0.0
0.0
0.0
0.0
0.0
0.0
0.0
0.7607843137254902
0.9921568627450981
0.8705882352941177
0.04705882352941182
0.0
0.0
0.0
0.0
0.0
0.0
0.0
0.0
0.0
0.0
0.019607843137254943
0.7607843137254902
0.996078431372549
0.5215686274509803
0.0
0.0
0.0
0.0
0.0
0.0
0.0
0.0
0.039215686274509776
0.6705882352941177
1.0
0.9764705882352941
0.5294117647058824
0.0
0.0
0.0
0.0
0.0
0.0
0.0
0.0
0.0
0.0
0.0
0.04705882352941182
0.8745098039215686
0.9921568627450981
0.43529411764705883
0.07843137254901966
0.07450980392156858
0.0
0.0
0.0
0.0
0.0
0.05490196078431375
0.5137254901960784
0.9921568627450981
0.996078431372549
0.7058823529411764
0.0
0.0
0.0
0.0
0.0
0.0
0.0
0.0
0.0
0.0
0.0
0.0
0.07843137254901966
0.9921568627450981
0.9921568627450981
0.9921568627450981
0.996078431372549
0.9372549019607843
0.09411764705882353
0.0
0.0
0.0
0.1725490196078432
0.8980392156862745
0.9921568627450981
0.9921568627450981
0.7176470588235294
0.04705882352941182
0.0
0.0
0.0
0.0
0.0
0.0
0.0
0.0
0.0
0.0
0.0
0.0
0.03529411764705881
0.8274509803921568
0.9921568627450981
0.9921568627450981
0.996078431372549
0.9921568627450981
0.9411764705882353
0.36078431372549025
0.3019607843137255
0.7725490196078432
0.9529411764705882
0.9921568627450981
0.9686274509803922
0.5411764705882354
0.03137254901960784
0.0
0.0
0.0
0.0
0.0
0.0
0.0
0.0
0.0
0.0
0.0
0.0
0.0
0.0
0.6862745098039216
0.9921568627450981
0.9921568627450981
0.996078431372549
0.9921568627450981
0.9921568627450981
0.9921568627450981
0.9921568627450981
0.996078431372549
0.9921568627450981
0.9921568627450981
0.25098039215686274
0.0
0.0
0.0
0.0
0.0
0.0
0.0
0.0
0.0
0.0
0.0
0.0
0.0
0.0
0.0
0.0
0.30980392156862746
0.996078431372549
0.996078431372549
0.8549019607843137
0.7058823529411764
0.7647058823529411
0.8901960784313725
0.996078431372549
0.9450980392156862
0.5882352941176471
0.11764705882352944
0.0
0.0
0.0
0.0
0.0
0.0
0.0
0.0
0.0
0.0
0.0
0.0
0.0
0.0
0.0
0.0
0.0
0.04705882352941182
0.7529411764705882
0.9921568627450981
0.9607843137254902
0.33725490196078434
0.0
0.08235294117647063
0.15294117647058825
0.11764705882352944
0.0
0.0
0.0
0.0
0.0
0.0
0.0
0.0
0.0
0.0
0.0
0.0
0.0
0.0
0.0
0.0
0.0
0.0
0.0
0.0
0.22352941176470587
0.9215686274509804
0.996078431372549
0.9686274509803922
0.5686274509803921
0.14117647058823535
0.0
0.0
0.0
0.0
0.0
0.0
0.0
0.0
0.0
0.0
0.0
0.0
0.0
0.0
0.0
0.0
0.0
0.0
0.0
0.0
0.0
0.0
0.0
0.207843137254902
0.8745098039215686
0.9921568627450981
0.9921568627450981
0.8901960784313725
0.2705882352941177
0.0
0.0
0.0
0.0
0.0
0.0
0.0
0.0
0.0
0.0
0.0
0.0
0.0
0.0
0.0
0.0
0.0
0.0
0.0
0.0
0.0
0.0
0.0
0.05490196078431375
0.7254901960784313
0.8705882352941177
0.5490196078431373
0.05490196078431375
0.0
0.0
0.0
0.0
0.0
0.0
0.0
0.0
0.0
0.0
0.0
0.0
0.0
0.0
0.0
0.0
0.0
0.0
0.0
0.0
0.0
0.0
0.0
0.0
0.0
0.0
0.0
0.0
0.0
0.0
0.0
0.0
0.0
0.0
0.0
0.0
0.0
0.0
0.0
0.0
0.0
0.0
0.0
0.0
0.0
0.0
0.0
0.0
0.0
0.0
0.0
0.0
0.0
0.0
0.0
0.0
0.0
0.0
0.0
0.0
0.0
0.0
0.0
0.0
0.0
0.0
0.0
0.0
0.0
0.0
0.0
0.0
0.0
0.0
0.0
0.0
0.0
0.0
0.0
0.0
0.0
0.0
0.0
0.0
0.0
0.0
0.0
0.0
0.0
0.0
0.0
0.0
0.0
0.0
0.0
0.0
0.0
