0.0
0.0
0.0
0.0
0.0
0.0
0.0
0.0
0.0
0.0
0.0
0.0
0.0
0.0
0.0
0.0
0.0
0.0
0.0
0.0
0.0
0.0
0.0
0.0
0.0
0.0
0.0
0.0
0.0
0.0
0.0
0.0
0.0
0.0
0.0
0.0
0.0
0.0
0.0
0.0
0.0
0.0
0.0
0.0
0.0
0.0
0.0
0.0
0.0
0.0
0.0
0.0
0.0
0.0
0.0
0.0
0.0
0.0
0.0
0.0
0.0
0.0
0.0
0.0
0.0
0.0
0.0
0.0
0.0
0.0
0.0
0.0
0.0
0.0
0.0
0.0
0.0
0.0
0.0
0.0
0.0
0.0
0.0
0.0
0.0
0.0
0.0
0.0
0.0
0.0
0.0
0.0
0.0
0.0
0.0
0.0
0.0
0.0
0.0
0.0
0.0
0.0
0.0
0.0
0.0
0.0
0.0
0.0
0.0
0.0
0.0
0.0
0.0
0.0
0.0
0.0
0.0
0.0
0.0
0.0
0.0
0.0
0.0
0.0
0.0
0.0
0.0
0.0
0.0
0.0
0.0
0.0
0.0
0.0
0.0
0.0
0.0
0.0
0.0
0.0
0.0
0.0
0.0
0.0
0.0
0.0
0.0
0.0
0.0
0.0
0.0
0.0
0.0
0.0
0.0
0.0
0.0
0.0
0.0
0.0
0.0
0.0
0.0
0.0
0.0
0.0
0.0
0.0
0.0
0.0
0.0
0.0
0.0
0.0
0.0
0.0
0.0
0.0
0.0
0.0
0.0
0.0
0.0
0.0
0.0
0.0
0.0
0.0
0.0
0.0
0.0
0.0
0.0
0.0
0.0
0.0
0.0
0.0
0.0
0.0
0.0
0.0
0.0
0.0
0.0
0.0
0.0
0.0
0.0
0.0
0.0
0.0
0.0
0.0
0.0
0.25098039215686274
0.39607843137254906
0.196078431372549
0.04705882352941182
0.0
0.0
0.0
0.0
0.0
0.0
0.0
0.0
0.0
0.0
0.0
0.0
0.0
0.0
0.0
0.0
0.0
0.0
0.0
0.0
0.0
0.0
0.0
0.0
0.8980392156862745
0.996078431372549
0.996078431372549
0.9176470588235295
0.07843137254901966
0.0
0.0
0.0
0.0
0.0
0.0
0.0
0.0
0.0
0.0
0.0
0.07058823529411762
0.10196078431372546
0.09411764705882353
0.04313725490196074
0.10196078431372546
0.10196078431372546
0.10196078431372546
0.019607843137254943
0.0
0.0
0.0
0.0
0.8666666666666667
0.9686274509803922
0.9254901960784314
0.996078431372549
0.8156862745098039
0.039215686274509776
0.0
0.0
0.0
0.0
0.0
0.0
0.0
0.0
0.6627450980392157
0.7686274509803921
0.9294117647058824
0.996078431372549
0.9764705882352941
0.8666666666666667
0.996078431372549
0.996078431372549
0.996078431372549
0.47058823529411764
0.0
0.0
0.0
0.0
0.2941176470588235
0.6470588235294117
0.1568627450980392
0.8980392156862745
0.996078431372549
0.6313725490196078
0.0
0.0
0.0
0.0
0.0
0.0
0.0
0.0
1.0
0.996078431372549
0.996078431372549
0.996078431372549
0.996078431372549
0.996078431372549
0.996078431372549
0.996078431372549
0.9764705882352941
0.611764705882353
0.0
0.0
0.0
0.0
0.0
0.0
0.0
0.2588235294117647
0.9921568627450981
0.996078431372549
0.0
0.0
0.0
0.0
0.0
0.0
0.0
0.0
0.996078431372549
0.996078431372549
0.6588235294117647
0.28627450980392155
0.207843137254902
0.8352941176470589
0.996078431372549
0.8352941176470589
0.33725490196078434
0.0
0.0
0.0
0.0
0.0
0.0
0.0
0.0
0.04705882352941182
0.9686274509803922
0.996078431372549
0.0
0.0
0.0
0.0
0.0
0.0
0.0
0.0
0.7294117647058824
0.996078431372549
0.34901960784313724
0.0
0.08235294117647063
0.996078431372549
0.8470588235294118
0.039215686274509776
0.0
0.0
0.0
0.0
0.0
0.0
0.0
0.0
0.0
0.34901960784313724
0.996078431372549
0.9411764705882353
0.0
0.0
0.0
0.0
0.0
0.0
0.0
0.0
0.611764705882353
0.996078431372549
0.6196078431372549
0.0
0.08235294117647063
0.996078431372549
0.7411764705882353
0.039215686274509776
0.0
0.0
0.0
0.0
0.0
0.0
0.0
0.0
0.0
0.788235294117647
0.996078431372549
0.607843137254902
0.0
0.0
0.0
0.0
0.0
0.0
0.0
0.0
0.34509803921568627
0.996078431372549
0.6196078431372549
0.0
0.015686274509803977
0.7215686274509804
0.996078431372549
0.580392156862745
0.039215686274509776
0.0
0.0
0.0
0.0
0.0
0.0
0.0
0.4784313725490196
0.9882352941176471
0.9333333333333333
0.1686274509803921
0.0
0.0
0.0
0.0
0.0
0.0
0.0
0.0
0.34509803921568627
0.996078431372549
0.6196078431372549
0.0
0.0
0.1215686274509804
0.8745098039215686
0.996078431372549
0.6862745098039216
0.18039215686274512
0.0
0.0
0.0
0.0
0.05490196078431375
0.388235294117647
0.9882352941176471
0.996078431372549
0.4392156862745098
0.0
0.0
0.0
0.0
0.0
0.0
0.0
0.0
0.0
0.34509803921568627
0.996078431372549
0.8
0.0
0.0
0.0
0.09019607843137256
0.8
0.996078431372549
0.9764705882352941
0.5490196078431373
0.2313725490196078
0.2313725490196078
0.4156862745098039
0.8784313725490196
0.996078431372549
0.996078431372549
0.6784313725490196
0.015686274509803977
0.0
0.0
0.0
0.0
0.0
0.0
0.0
0.0
0.0
0.5294117647058824
0.996078431372549
0.9450980392156862
0.0
0.0
0.0
0.0
0.09019607843137256
0.5764705882352941
0.9529411764705882
0.996078431372549
0.996078431372549
0.996078431372549
0.996078431372549
0.996078431372549
0.9294117647058824
0.4627450980392157
0.007843137254901933
0.0
0.0
0.0
0.0
0.0
0.0
0.0
0.0
0.0
0.0
0.2823529411764706
0.9137254901960784
0.9607843137254902
0.09411764705882353
0.0
0.0
0.0
0.0
0.0
0.1215686274509804
0.40784313725490196
0.6862745098039216
0.7333333333333334
0.7333333333333334
0.5450980392156863
0.0862745098039216
0.0
0.0
0.0
0.0
0.0
0.0
0.0
0.0
0.0
0.0
0.0
0.0
0.0
0.04313725490196074
0.06274509803921569
0.0
0.0
0.0
0.0
0.0
0.0
0.0
0.0
0.0
0.0
0.0
0.0
0.0
0.0
0.0
0.0
0.0
0.0
0.0
0.0
0.0
0.0
0.0
0.0
0.0
0.0
0.0
0.0
0.0
0.0
0.0
0.0
0.0
0.0
0.0
0.0
0.0
0.0
0.0
0.0
0.0
0.0
0.0
0.0
0.0
0.0
0.0
0.0
0.0
0.0
0.0
0.0
0.0
0.0
0.0
0.0
0.0
0.0
0.0
0.0
0.0
0.0
0.0
0.0
0.0
0.0
0.0
0.0
0.0
0.0
0.0
0.0
0.0
0.0
0.0
0.0
0.0
0.0
0.0
0.0
0.0
0.0
0.0
0.0
0.0
0.0
0.0
0.0
0.0
0.0
0.0
0.0
0.0
0.0
0.0
0.0
0.0
0.0
0.0
0.0
0.0
0.0
0.0
0.0
0.0
0.0
0.0
0.0
0.0
0.0
0.0
0.0
0.0
0.0
0.0
0.0
0.0
0.0
0.0
0.0
0.0
0.0
0.0
0.0
0.0
0.0
0.0
0.0
0.0
0.0
0.0
0.0
0.0
0.0
0.0
0.0
0.0
0.0
0.0
0.0
0.0
0.0
0.0
0.0
0.0
0.0
0.0
0.0
0.0
0.0
0.0
0.0
0.0
0.0
0.0
0.0
0.0
0.0
0.0
0.0
0.0
0.0
0.0
0.0
0.0
0.0
0.0
0.0
0.0
0.0
0.0
0.0
0.0
0.0
0.0
0.0
0.0
0.0
0.0
0.0
0.0
0.0
0.0
0.0
0.0
0.0
0.0
0.0
0.0
0.0
0.0
0.0
0.0
0.0
0.0
0.0
0.0
0.0
0.0
0.0
0.0
0.0
0.0
0.0
0.0
0.0
0.0
0.0
0.0
0.0
0.0
0.0
0.0
0.0
0.0
0.0
