0.0
0.0
0.0
0.0
0.0
0.0
0.0
0.0
0.0
0.0
0.0
0.0
0.0
0.0
0.0
0.0
0.0
0.0
0.0
0.0
0.0
0.0
0.0
0.0
0.0
0.0
0.0
0.0
0.0
0.0
0.0
0.0
0.0
0.0
0.0
0.0
0.0
0.0
0.0
0.0
0.0
0.0
0.0
0.0
0.0
0.0
0.0
0.0
0.0
0.0
0.0
0.0
0.0
0.0
0.0
0.0
0.0
0.0
0.0
0.0
0.0
0.0
0.0
0.0
0.0
0.0
0.0
0.0
0.0
0.0
0.0
0.0
0.0
0.0
0.0
0.0
0.0
0.0
0.0
0.0
0.0
0.0
0.0
0.0
0.0
0.0
0.0
0.0
0.0
0.0
0.0
0.0
0.0
0.0
0.0
0.0
0.0
0.0
0.0
0.0
0.0
0.0
0.0
0.0
0.0
0.0
0.0
0.0
0.0
0.0
0.0
0.0
0.0
0.0
0.0
0.0
0.0
0.0
0.0
0.0
0.0
0.0
0.0
0.0
0.0
0.0
0.0
0.0
0.0
0.0
0.0
0.0
0.0
0.0
0.0
0.0
0.0
0.0
0.0
0.0
0.0
0.0
0.0
0.0
0.0
0.0
0.0
0.0
0.0
0.0
0.0
0.0
0.0
0.0
0.0
0.0
0.0
0.0
0.0
0.0
0.0
0.0
0.0
0.0
0.0
0.0
0.0
0.0
0.0
0.0
0.0
0.0
0.0
0.0
0.0
0.0
0.0
0.0
0.0
0.0
0.0
0.0
0.0
0.0
0.0
0.0
0.0
0.0
0.0
0.0
0.0
0.0
0.0
0.0
0.0
0.0
0.0
0.0
0.0
0.0
0.0
0.0
0.0
0.0
0.0
0.10196078431372546
0.48235294117647054
0.6666666666666667
0.41960784313725485
0.3254901960784313
0.20392156862745103
0.0980392156862745
0.0980392156862745
0.03529411764705881
0.02352941176470591
0.0
0.0
0.0
0.0
0.0
0.0
0.0
0.0
0.0
0.0
0.0
0.0
0.0
0.0
0.0
0.0
0.015686274509803977
0.4862745098039216
0.8156862745098039
0.9921568627450981
0.9921568627450981
0.9921568627450981
0.9921568627450981
0.9921568627450981
0.996078431372549
0.9921568627450981
0.8470588235294118
0.6313725490196078
0.1098039215686275
0.0
0.0
0.0
0.0
0.0
0.0
0.0
0.0
0.0
0.0
0.0
0.0
0.0
0.0
0.0117647058823529
0.5529411764705883
0.9921568627450981
0.9921568627450981
0.9921568627450981
0.9921568627450981
0.9921568627450981
0.9921568627450981
0.8352941176470589
0.8352941176470589
0.8431372549019608
0.9921568627450981
0.9921568627450981
0.9607843137254902
0.6784313725490196
0.2666666666666667
0.015686274509803977
0.0
0.0
0.0
0.0
0.0
0.0
0.0
0.0
0.0
0.0
0.0
0.2941176470588235
0.9921568627450981
0.9921568627450981
0.9921568627450981
0.9921568627450981
0.9921568627450981
0.9921568627450981
0.9921568627450981
0.2588235294117647
0.0
0.0117647058823529
0.16078431372549018
0.19999999999999996
0.8313725490196078
0.9921568627450981
0.9921568627450981
0.4274509803921569
0.0
0.0
0.0
0.0
0.0
0.0
0.0
0.0
0.0
0.0
0.10196078431372546
0.9568627450980393
0.9921568627450981
0.9921568627450981
0.9921568627450981
0.8745098039215686
0.3137254901960784
0.6588235294117647
0.8862745098039215
0.6274509803921569
0.0
0.0
0.0
0.0
0.06274509803921569
0.7803921568627451
0.9921568627450981
0.9607843137254902
0.3058823529411765
0.0
0.0
0.0
0.0
0.0
0.0
0.0
0.0
0.0
0.5372549019607843
0.9921568627450981
0.9921568627450981
0.9921568627450981
0.9490196078431372
0.2549019607843137
0.0
0.027450980392156876
0.5019607843137255
0.015686274509803977
0.0
0.0
0.0
0.0
0.0
0.11372549019607847
0.9176470588235294
0.9921568627450981
0.6745098039215687
0.09411764705882353
0.0
0.0
0.0
0.0
0.0
0.0
0.0
0.0
0.7686274509803921
0.9921568627450981
0.9921568627450981
0.9921568627450981
0.7372549019607844
0.0
0.0
0.0
0.0
0.0
0.0
0.0
0.0
0.0
0.0
0.0
0.5647058823529412
0.9921568627450981
0.9921568627450981
0.44705882352941173
0.0
0.0
0.0
0.0
0.0
0.0
0.0
0.0
0.8901960784313725
0.9921568627450981
0.9921568627450981
0.9921568627450981
0.5098039215686274
0.0
0.0
0.0
0.0
0.0
0.0
0.0
0.0
0.0
0.0
0.0
0.23529411764705888
0.9921568627450981
0.9921568627450981
0.7725490196078432
0.0
0.0
0.0
0.0
0.0
0.0
0.0
0.0
1.0
0.996078431372549
0.996078431372549
0.996078431372549
0.20392156862745103
0.0
0.0
0.0
0.0
0.0
0.0
0.0
0.0
0.0
0.0
0.0
0.0
0.9019607843137255
0.996078431372549
0.996078431372549
0.0
0.0
0.0
0.0
0.0
0.0
0.0
0.0
0.8509803921568627
0.9921568627450981
0.9921568627450981
0.9921568627450981
0.43137254901960786
0.0
0.0
0.0
0.0
0.0
0.0
0.0
0.0
0.0
0.0
0.0
0.16078431372549018
0.9647058823529412
0.9921568627450981
0.7607843137254902
0.0
0.0
0.0
0.0
0.0
0.0
0.0
0.0
0.09411764705882353
0.5411764705882354
0.9921568627450981
0.9921568627450981
0.9490196078431372
0.19999999999999996
0.015686274509803977
0.0
0.0
0.0
0.0
0.0
0.0
0.0
0.0
0.019607843137254943
0.611764705882353
0.9921568627450981
0.9921568627450981
0.6705882352941177
0.0
0.0
0.0
0.0
0.0
0.0
0.0
0.0
0.0
0.1098039215686275
0.8352941176470589
0.9921568627450981
0.9921568627450981
0.9921568627450981
0.7254901960784313
0.12941176470588234
0.039215686274509776
0.0039215686274509665
0.0
0.0
0.0
0.0
0.10588235294117643
0.607843137254902
0.9921568627450981
0.9921568627450981
0.9529411764705882
0.584313725490196
0.0
0.0
0.0
0.0
0.0
0.0
0.0
0.0
0.0
0.0
0.24705882352941178
0.8509803921568627
0.9921568627450981
0.9921568627450981
0.9921568627450981
0.8588235294117648
0.7333333333333334
0.807843137254902
0.2666666666666667
0.3921568627450981
0.615686274509804
0.592156862745098
0.9568627450980393
0.9921568627450981
0.9921568627450981
0.9921568627450981
0.3921568627450981
0.0
0.0
0.0
0.0
0.0
0.0
0.0
0.0
0.0
0.0
0.0
0.0
0.02352941176470591
0.3686274509803922
0.8980392156862745
0.9921568627450981
0.9921568627450981
0.9921568627450981
0.9921568627450981
0.996078431372549
0.9921568627450981
0.9921568627450981
0.9921568627450981
0.9921568627450981
0.9529411764705882
0.8
0.5294117647058824
0.0117647058823529
0.0
0.0
0.0
0.0
0.0
0.0
0.0
0.0
0.0
0.0
0.0
0.0
0.0
0.0
0.12941176470588234
0.44705882352941173
0.7372549019607844
0.8313725490196078
0.9921568627450981
0.996078431372549
0.9921568627450981
0.9921568627450981
0.9921568627450981
0.9568627450980393
0.615686274509804
0.0
0.0
0.0
0.0
0.0
0.0
0.0
0.0
0.0
0.0
0.0
0.0
0.0
0.0
0.0
0.0
0.0
0.0
0.0
0.0
0.027450980392156876
0.3019607843137255
0.7372549019607844
0.7333333333333334
0.7019607843137254
0.4156862745098039
0.14117647058823535
0.0
0.0
0.0
0.0
0.0
0.0
0.0
0.0
0.0
0.0
0.0
0.0
0.0
0.0
0.0
0.0
0.0
0.0
0.0
0.0
0.0
0.0
0.0
0.0
0.0
0.0
0.0
0.0
0.0
0.0
0.0
0.0
0.0
0.0
0.0
0.0
0.0
0.0
0.0
0.0
0.0
0.0
0.0
0.0
0.0
0.0
0.0
0.0
0.0
0.0
0.0
0.0
0.0
0.0
0.0
0.0
0.0
0.0
0.0
0.0
0.0
0.0
0.0
0.0
0.0
0.0
0.0
0.0
0.0
0.0
0.0
0.0
0.0
0.0
0.0
0.0
0.0
0.0
0.0
0.0
0.0
0.0
0.0
0.0
0.0
0.0
0.0
0.0
0.0
0.0
0.0
0.0
0.0
0.0
0.0
0.0
0.0
0.0
0.0
0.0
0.0
0.0
0.0
0.0
0.0
0.0
0.0
0.0
0.0
0.0
0.0
0.0
0.0
0.0
0.0
0.0
0.0
0.0
0.0
0.0
0.0
0.0
0.0
0.0
0.0
0.0
0.0
0.0
0.0
0.0
0.0
0.0
0.0
0.0
0.0
0.0
0.0
0.0
0.0
0.0
0.0
0.0
0.0
0.0
0.0
0.0
0.0
0.0
