0.0
0.0
0.0
0.0
0.0
0.0
0.0
0.0
0.0
0.0
0.0
0.0
0.0
0.0
0.0
0.0
0.0
0.0
0.0
0.0
0.0
0.0
0.0
0.0
0.0
0.0
0.0
0.0
0.0
0.0
0.0
0.0
0.0
0.0
0.0
0.0
0.0
0.0
0.0
0.0
0.0
0.0
0.0
0.0
0.0
0.0
0.0
0.0
0.0
0.0
0.0
0.0
0.0
0.0
0.0
0.0
0.0
0.0
0.0
0.0
0.0
0.0
0.0
0.0
0.0
0.0
0.0
0.0
0.0
0.0
0.0
0.0
0.0
0.0
0.0
0.0
0.0
0.0
0.0
0.0
0.0
0.0
0.0
0.0
0.0
0.0
0.0
0.0
0.0
0.0
0.0
0.0
0.0
0.0
0.0
0.0
0.0
0.0
0.0
0.0
0.0
0.0
0.0
0.0
0.0
0.0
0.0
0.0
0.0
0.0
0.0
0.0
0.0
0.0
0.0
0.0
0.0
0.0
0.0
0.0
0.0
0.0
0.0
0.0
0.0
0.0
0.0
0.0
0.0
0.0
0.0
0.0
0.0
0.0
0.0
0.0
0.0
0.0
0.0
0.0
0.0
0.0
0.0
0.0
0.0
0.0
0.0
0.0
0.0
0.0
0.0
0.0
0.0
0.0
0.0
0.0
0.0
0.0
0.0
0.0
0.0
0.0
0.0
0.0
0.0
0.0
0.0
0.0
0.0
0.0
0.0
0.0
0.0
0.0
0.0
0.0
0.0
0.0
0.0
0.0
0.0
0.0
0.0
0.0
0.0
0.0
0.0
0.0
0.0
0.0
0.0
0.0
0.0
0.0
0.0
0.0
0.0
0.0
0.0
0.0
0.0
0.0
0.0
0.0
0.0
0.0
0.0
0.0
0.0
0.0
0.0
0.0
0.0
0.015686274509803977
0.03529411764705881
0.019607843137254943
0.0
0.0
0.0
0.0
0.0
0.0
0.0
0.0
0.0
0.0
0.0
0.0
0.0
0.0
0.0
0.0
0.0
0.0
0.0
0.0
0.0
0.0
0.0
0.0039215686274509665
0.4
0.7450980392156863
0.996078431372549
0.8549019607843137
0.6431372549019607
0.3176470588235294
0.027450980392156876
0.0
0.0
0.0
0.0
0.0
0.0
0.0
0.0
0.0
0.0
0.0
0.0
0.0
0.0
0.0
0.0
0.0
0.0
0.0
0.0
0.4117647058823529
0.996078431372549
0.996078431372549
0.9803921568627452
0.9450980392156862
0.996078431372549
0.996078431372549
0.7647058823529411
0.05882352941176472
0.0
0.0
0.0
0.0
0.0
0.0
0.0
0.0
0.0
0.0
0.0
0.0
0.0
0.0
0.0
0.0
0.0
0.0
0.25098039215686274
0.9254901960784314
0.996078431372549
0.9098039215686274
0.2666666666666667
0.1098039215686275
0.4549019607843138
0.9803921568627452
0.996078431372549
0.5647058823529412
0.0039215686274509665
0.0
0.0
0.0
0.0
0.0
0.0
0.0
0.0
0.0
0.0
0.0
0.0
0.0
0.0
0.0
0.05490196078431375
0.0
0.8431372549019608
0.996078431372549
0.9098039215686274
0.196078431372549
0.0
0.0
0.0
0.34509803921568627
0.9490196078431372
0.996078431372549
0.5490196078431373
0.0
0.0
0.0
0.0
0.0
0.0
0.0
0.0
0.0
0.0
0.08235294117647063
0.3411764705882353
0.5137254901960784
0.6823529411764706
0.8352941176470589
0.803921568627451
0.7137254901960784
0.9921568627450981
1.0
0.9137254901960784
0.4862745098039216
0.196078431372549
0.196078431372549
0.196078431372549
0.196078431372549
0.8156862745098039
0.996078431372549
0.9450980392156862
0.0
0.0
0.0
0.0
0.0
0.0
0.0
0.0
0.0
0.5137254901960784
0.9215686274509804
0.996078431372549
0.996078431372549
0.996078431372549
0.996078431372549
0.996078431372549
0.996078431372549
0.996078431372549
0.996078431372549
0.996078431372549
0.996078431372549
0.996078431372549
0.996078431372549
0.996078431372549
0.996078431372549
0.996078431372549
0.996078431372549
0.996078431372549
0.0
0.0
0.0
0.0
0.0
0.0
0.0
0.0
0.32156862745098036
0.9686274509803922
0.996078431372549
0.8352941176470589
0.41960784313725485
0.41960784313725485
0.41960784313725485
0.7333333333333334
0.996078431372549
0.9098039215686274
0.7372549019607844
0.8352941176470589
0.996078431372549
0.996078431372549
0.996078431372549
0.996078431372549
0.996078431372549
0.9098039215686274
0.9215686274509804
0.2196078431372549
0.0
0.0
0.0
0.0
0.0
0.0
0.0
0.0
0.8549019607843137
0.9764705882352941
0.33333333333333337
0.03529411764705881
0.0
0.0
0.06666666666666665
0.9294117647058824
0.996078431372549
0.17647058823529416
0.0
0.027450980392156876
0.06274509803921569
0.3137254901960784
0.38431372549019605
0.38431372549019605
0.3137254901960784
0.04313725490196074
0.04705882352941182
0.0
0.0
0.0
0.0
0.0
0.0
0.0
0.0
0.0
0.8941176470588235
0.7215686274509804
0.0
0.0
0.0
0.0
0.43529411764705883
0.996078431372549
0.807843137254902
0.0117647058823529
0.0
0.0
0.0
0.0
0.0
0.0
0.0
0.0
0.0
0.0
0.0
0.0
0.0
0.0
0.0
0.0
0.0
0.0
0.7725490196078432
0.8745098039215686
0.1843137254901961
0.0
0.0
0.07058823529411762
0.9176470588235295
0.996078431372549
0.48235294117647054
0.0
0.0
0.0
0.0
0.0
0.0
0.0
0.0
0.0
0.0
0.0
0.0
0.0
0.0
0.0
0.0
0.0
0.0
0.0
0.12549019607843137
0.9568627450980391
0.596078431372549
0.0
0.0
0.42352941176470593
0.996078431372549
0.8941176470588235
0.039215686274509776
0.0
0.0
0.0
0.0
0.0
0.0
0.0
0.0
0.0
0.0
0.0
0.0
0.0
0.0
0.0
0.0
0.0
0.0
0.0
0.0
0.24705882352941178
0.9450980392156862
0.3019607843137255
0.0
0.7529411764705882
0.996078431372549
0.47058823529411764
0.0
0.0
0.0
0.0
0.0
0.0
0.0
0.0
0.0
0.0
0.0
0.0
0.0
0.0
0.0
0.0
0.0
0.0
0.0
0.0
0.0
0.0
0.1686274509803921
0.37254901960784315
0.4392156862745098
0.9607843137254902
0.9647058823529412
0.08235294117647063
0.0
0.0
0.0
0.0
0.0
0.0
0.0
0.0
0.0
0.0
0.0
0.0
0.0
0.0
0.0
0.0
0.0
0.0
0.0
0.0
0.0
0.0
0.0
0.06274509803921569
0.8352941176470589
0.996078431372549
0.5098039215686274
0.0
0.0
0.0
0.0
0.0
0.0
0.0
0.0
0.0
0.0
0.0
0.0
0.0
0.0
0.0
0.0
0.0
0.0
0.0
0.0
0.0
0.0
0.0
0.0
0.4666666666666667
0.996078431372549
0.8941176470588235
0.11372549019607847
0.0
0.0
0.0
0.0
0.0
0.0
0.0
0.0
0.0
0.0
0.0
0.0
0.0
0.0
0.0
0.0
0.0
0.0
0.0
0.0
0.0
0.0
0.0
0.0862745098039216
0.9686274509803922
0.996078431372549
0.34509803921568627
0.0
0.0
0.0
0.0
0.0
0.0
0.0
0.0
0.0
0.0
0.0
0.0
0.0
0.0
0.0
0.0
0.0
0.0
0.0
0.0
0.0
0.0
0.0
0.0
0.4745098039215686
0.996078431372549
0.4784313725490196
0.015686274509803977
0.0
0.0
0.0
0.0
0.0
0.0
0.0
0.0
0.0
0.0
0.0
0.0
0.0
0.0
0.0
0.0
0.0
0.0
0.0
0.0
0.0
0.0
0.0
0.0
0.3176470588235294
0.5176470588235293
0.0117647058823529
0.0
0.0
0.0
0.0
0.0
0.0
0.0
0.0
0.0
0.0
0.0
0.0
0.0
0.0
0.0
0.0
0.0
0.0
0.0
0.0
0.0
0.0
0.0
0.0
0.0
0.0
0.0
0.0
0.0
0.0
0.0
0.0
0.0
0.0
0.0
0.0
0.0
0.0
0.0
0.0
0.0
0.0
0.0
0.0
0.0
0.0
0.0
0.0
0.0
0.0
0.0
0.0
0.0
0.0
0.0
0.0
0.0
0.0
0.0
0.0
0.0
0.0
0.0
0.0
0.0
0.0
0.0
0.0
0.0
0.0
0.0
0.0
0.0
0.0
