0.0
0.0
0.0
0.0
0.0
0.0
0.0
0.0
0.0
0.0
0.0
0.0
0.0
0.0
0.0
0.0
0.0
0.0
0.0
0.0
0.0
0.0
0.0
0.0
0.0
0.0
0.0
0.0
0.0
0.0
0.0
0.0
0.0
0.0
0.0
0.0
0.0
0.0
0.0
0.0
0.0
0.0
0.0
0.0
0.0
0.0
0.0
0.0
0.0
0.0
0.0
0.0
0.0
0.0
0.0
0.0
0.0
0.0
0.0
0.0
0.0
0.0
0.0
0.0
0.0
0.0
0.0
0.0
0.0
0.0
0.0
0.0
0.0
0.0
0.0
0.0
0.0
0.0
0.0
0.0
0.0
0.0
0.0
0.0
0.0
0.0
0.0
0.0
0.0
0.0
0.0
0.0
0.0
0.0
0.0
0.0
0.0
0.0
0.0
0.0
0.0
0.0
0.0
0.0
0.0
0.0
0.0
0.0
0.0
0.0
0.0
0.0
0.0
0.0
0.0
0.0
0.0
0.0
0.0
0.0
0.0
0.0
0.0
0.0
0.0
0.0
0.0
0.0
0.0
0.0
0.0
0.0
0.0
0.0
0.0
0.0
0.0
0.0
0.0
0.0
0.0
0.0
0.0
0.0
0.0
0.0
0.0
0.05882352941176472
0.49411764705882355
0.3803921568627451
0.0
0.0
0.0
0.0
0.0
0.0
0.0
0.0
0.0
0.0
0.0
0.0
0.0
0.1333333333333333
0.49411764705882355
0.49411764705882355
0.0
0.0
0.0
0.0
0.0
0.0
0.0
0.0
0.0
0.5254901960784314
0.996078431372549
0.9333333333333333
0.1098039215686275
0.0
0.0
0.0
0.0
0.0
0.0
0.0
0.0
0.0
0.0
0.0
0.0
0.4
0.996078431372549
0.996078431372549
0.0
0.0
0.0
0.0
0.0
0.0
0.0
0.0
0.14901960784313728
0.9450980392156862
0.996078431372549
0.996078431372549
0.14901960784313728
0.0
0.0
0.019607843137254943
0.22745098039215683
0.1843137254901961
0.0
0.0
0.0
0.0
0.0
0.0
0.019607843137254943
0.9882352941176471
0.996078431372549
0.996078431372549
0.0
0.0
0.0
0.0
0.0
0.0
0.0
0.0
0.6
0.996078431372549
0.996078431372549
0.996078431372549
0.14901960784313728
0.0
0.0
0.4
0.996078431372549
0.9647058823529412
0.196078431372549
0.0
0.0
0.0
0.0
0.0
0.0039215686274509665
0.5137254901960784
0.996078431372549
0.996078431372549
0.0
0.0
0.0
0.0
0.0
0.0
0.0
0.0
0.996078431372549
0.996078431372549
0.996078431372549
0.8313725490196078
0.04313725490196074
0.0
0.0
0.7215686274509804
0.996078431372549
0.996078431372549
0.5607843137254902
0.0
0.0
0.0
0.0
0.0
0.0
0.2666666666666667
0.996078431372549
0.996078431372549
0.0
0.0
0.0
0.0
0.0
0.0
0.0
0.0
1.0
0.996078431372549
0.996078431372549
0.6901960784313725
0.0
0.0
0.20392156862745103
0.9882352941176471
0.996078431372549
0.996078431372549
0.19999999999999996
0.0
0.0
0.0
0.0
0.0
0.0
0.6274509803921569
0.996078431372549
0.9137254901960784
0.0
0.0
0.0
0.0
0.0
0.0
0.0
0.0
0.996078431372549
0.996078431372549
0.996078431372549
0.42352941176470593
0.0
0.0
0.5490196078431373
0.996078431372549
0.996078431372549
0.8352941176470589
0.03137254901960784
0.0
0.0
0.0
0.0
0.0
0.0039215686274509665
0.6666666666666667
0.996078431372549
0.615686274509804
0.0
0.0
0.0
0.0
0.0
0.0
0.0
0.0
0.996078431372549
0.996078431372549
0.996078431372549
0.5019607843137255
0.0
0.23921568627450984
0.9843137254901961
0.996078431372549
0.996078431372549
0.803921568627451
0.0
0.0
0.0
0.0
0.0
0.0
0.0117647058823529
0.8588235294117648
0.996078431372549
0.35686274509803917
0.0
0.0
0.0
0.0
0.0
0.0
0.0
0.0
0.6392156862745098
0.996078431372549
0.996078431372549
0.18039215686274512
0.0
0.5529411764705883
0.996078431372549
0.996078431372549
0.996078431372549
0.7333333333333334
0.0
0.0
0.0
0.0
0.0
0.0
0.23529411764705888
0.996078431372549
0.9686274509803922
0.196078431372549
0.0
0.0
0.0
0.0
0.0
0.0
0.0
0.0
0.3176470588235294
0.996078431372549
0.996078431372549
0.015686274509803977
0.04313725490196074
0.8352941176470589
0.996078431372549
0.996078431372549
0.996078431372549
0.4549019607843138
0.0
0.0
0.0
0.0
0.0
0.0
0.4
0.996078431372549
0.9137254901960784
0.09411764705882353
0.0
0.0
0.0
0.0
0.0
0.0
0.0
0.0
0.24705882352941178
0.996078431372549
0.996078431372549
0.015686274509803977
0.21176470588235297
0.996078431372549
0.996078431372549
0.8784313725490196
0.996078431372549
0.803921568627451
0.0
0.0
0.0
0.0
0.0
0.0
0.6509803921568628
0.996078431372549
0.8627450980392157
0.0
0.0
0.0
0.0
0.0
0.0
0.0
0.0
0.0
0.4549019607843138
0.996078431372549
0.996078431372549
0.015686274509803977
0.8196078431372549
0.996078431372549
0.9607843137254902
0.2431372549019608
0.996078431372549
0.8392156862745098
0.03529411764705881
0.0
0.0
0.0
0.0
0.14901960784313728
0.8941176470588235
0.996078431372549
0.592156862745098
0.0
0.0
0.0
0.0
0.0
0.0
0.0
0.0
0.0
0.48235294117647054
0.996078431372549
0.996078431372549
0.5058823529411764
0.9647058823529412
0.996078431372549
0.4745098039215686
0.07843137254901966
0.996078431372549
0.996078431372549
0.19999999999999996
0.0
0.0
0.0
0.027450980392156876
0.8313725490196078
0.996078431372549
0.9843137254901961
0.10588235294117643
0.0
0.0
0.0
0.0
0.0
0.0
0.0
0.0
0.0
0.37254901960784315
0.996078431372549
0.996078431372549
0.996078431372549
0.996078431372549
0.8980392156862745
0.027450980392156876
0.07843137254901966
0.996078431372549
0.996078431372549
0.6666666666666667
0.0
0.0
0.027450980392156876
0.8823529411764706
0.996078431372549
0.996078431372549
0.48235294117647054
0.0
0.0
0.0
0.0
0.0
0.0
0.0
0.0
0.0
0.0
0.24705882352941178
0.996078431372549
0.996078431372549
0.996078431372549
0.996078431372549
0.45882352941176474
0.0
0.007843137254901933
0.5215686274509803
0.996078431372549
0.9882352941176471
0.5333333333333333
0.21568627450980393
0.8313725490196078
0.996078431372549
0.996078431372549
0.9215686274509804
0.03529411764705881
0.0
0.0
0.0
0.0
0.0
0.0
0.0
0.0
0.0
0.0
0.24705882352941178
0.996078431372549
0.996078431372549
0.996078431372549
0.7725490196078432
0.06274509803921569
0.0
0.0
0.07450980392156858
0.6549019607843137
0.996078431372549
0.996078431372549
0.996078431372549
0.996078431372549
0.996078431372549
0.9254901960784314
0.2196078431372549
0.0
0.0
0.0
0.0
0.0
0.0
0.0
0.0
0.0
0.0
0.0
0.09019607843137256
0.7098039215686274
0.8980392156862745
0.5019607843137255
0.18823529411764706
0.0
0.0
0.0
0.0
0.07058823529411762
0.3921568627450981
0.996078431372549
0.996078431372549
0.9843137254901961
0.48235294117647054
0.1686274509803921
0.0
0.0
0.0
0.0
0.0
0.0
0.0
0.0
0.0
0.0
0.0
0.0
0.0
0.015686274509803977
0.07058823529411762
0.0
0.0
0.0
0.0
0.0
0.0
0.0
0.007843137254901933
0.1098039215686275
0.1098039215686275
0.10588235294117643
0.0
0.0
0.0
0.0
0.0
0.0
0.0
0.0
0.0
0.0
0.0
0.0
0.0
0.0
0.0
0.0
0.0
0.0
0.0
0.0
0.0
0.0
0.0
0.0
0.0
0.0
0.0
0.0
0.0
0.0
0.0
0.0
0.0
0.0
0.0
0.0
0.0
0.0
0.0
0.0
0.0
0.0
0.0
0.0
0.0
0.0
0.0
0.0
0.0
0.0
0.0
0.0
0.0
0.0
0.0
0.0
0.0
0.0
0.0
0.0
0.0
0.0
0.0
0.0
0.0
0.0
0.0
0.0
0.0
0.0
0.0
0.0
0.0
0.0
0.0
0.0
0.0
0.0
0.0
0.0
0.0
0.0
0.0
0.0
0.0
0.0
0.0
0.0
0.0
0.0
0.0
0.0
0.0
0.0
0.0
0.0
0.0
0.0
0.0
0.0
0.0
0.0
0.0
0.0
0.0
0.0
0.0
0.0
0.0
0.0
0.0
0.0
0.0
0.0
0.0
0.0
0.0
0.0
0.0
0.0
0.0
0.0
0.0
0.0
0.0
0.0
0.0
0.0
0.0
0.0
0.0
0.0
0.0
0.0
0.0
0.0
0.0
0.0
0.0
0.0
0.0
0.0
0.0
0.0
0.0
0.0
0.0
0.0
