0.0
0.0
0.0
0.0
0.0
0.0
0.0
0.0
0.0
0.0
0.0
0.0
0.0
0.0
0.0
0.0
0.0
0.0
0.0
0.0
0.0
0.0
0.0
0.0
0.0
0.0
0.0
0.0
0.0
0.0
0.0
0.0
0.0
0.0
0.0
0.0
0.0
0.0
0.0
0.0
0.0
0.0
0.0
0.0
0.0
0.0
0.0
0.0
0.0
0.0
0.0
0.0
0.0
0.0
0.0
0.0
0.0
0.0
0.0
0.0
0.0
0.0
0.0
0.0
0.0
0.0
0.0
0.0
0.0
0.0
0.0
0.0
0.0
0.0
0.0
0.0
0.0
0.0
0.0
0.0
0.0
0.0
0.0
0.0
0.0
0.0
0.0
0.0
0.0
0.0
0.0
0.0
0.0
0.0
0.0
0.0
0.0
0.0
0.0
0.0
0.0
0.0
0.0
0.0
0.0
0.0
0.0
0.0
0.0
0.0
0.0
0.0
0.0
0.0
0.0
0.0
0.0
0.0
0.0
0.0
0.0
0.0
0.0
0.0
0.0
0.0
0.0
0.0
0.0
0.0
0.0
0.0
0.0
0.0
0.0
0.0
0.0
0.0
0.0
0.0
0.0
0.0
0.0
0.0
0.0
0.0
0.0
0.0
0.0
0.0
0.0
0.0
0.0
0.0
0.0
0.0
0.0
0.0
0.0
0.0
0.0
0.0
0.0
0.0
0.0
0.0
0.0
0.0
0.0
0.0
0.0
0.0
0.0
0.0
0.0
0.0
0.0
0.0
0.0
0.0
0.0
0.0
0.0
0.0
0.0
0.0
0.0
0.0
0.0
0.0
0.0
0.0
0.0
0.0
0.0
0.0
0.0
0.0
0.0
0.0
0.0
0.0
0.0
0.0
0.0
0.1725490196078432
0.050980392156862786
0.0
0.0
0.12941176470588234
0.1843137254901961
0.1843137254901961
0.06274509803921569
0.0
0.0
0.0
0.0
0.0
0.0
0.0
0.0
0.0
0.0
0.0
0.0
0.0
0.0
0.0
0.0
0.0
0.0
0.4392156862745098
0.5725490196078431
0.9686274509803922
0.6862745098039216
0.5725490196078431
0.5725490196078431
0.8666666666666667
0.9921568627450981
0.9921568627450981
0.7098039215686274
0.3137254901960784
0.0
0.0
0.0
0.0
0.0
0.0
0.0
0.0
0.0
0.0
0.0
0.0
0.0
0.0
0.06666666666666665
0.7137254901960784
0.9686274509803922
0.9843137254901961
0.9921568627450981
0.9921568627450981
0.9921568627450981
0.9921568627450981
0.9921568627450981
0.9921568627450981
0.9921568627450981
0.9921568627450981
0.9921568627450981
0.9803921568627452
0.9686274509803922
0.5686274509803921
0.0
0.0
0.0
0.0
0.0
0.0
0.0
0.0
0.0
0.0
0.0
0.06274509803921569
0.6745098039215687
0.9921568627450981
0.9921568627450981
0.9921568627450981
0.9921568627450981
0.9921568627450981
0.9921568627450981
0.9921568627450981
0.9450980392156862
0.8392156862745098
0.9137254901960784
0.9921568627450981
0.9921568627450981
0.9921568627450981
0.9921568627450981
0.9843137254901961
0.5019607843137255
0.027450980392156876
0.0
0.0
0.0
0.0
0.0
0.0
0.0
0.0
0.0
0.7254901960784313
0.9921568627450981
0.9921568627450981
0.9921568627450981
0.9921568627450981
0.9921568627450981
0.807843137254902
0.4509803921568627
0.4509803921568627
0.3137254901960784
0.0
0.2196078431372549
0.4509803921568627
0.48235294117647054
0.9921568627450981
0.9921568627450981
0.9921568627450981
0.9921568627450981
0.17647058823529416
0.0
0.0
0.0
0.0
0.0
0.0
0.0
0.0
0.0
0.996078431372549
0.9921568627450981
0.9921568627450981
0.9921568627450981
0.7372549019607844
0.3294117647058824
0.039215686274509776
0.0
0.0
0.0
0.0
0.0
0.0
0.0039215686274509665
0.33333333333333337
0.9450980392156862
0.9921568627450981
0.9921568627450981
0.17647058823529416
0.0
0.0
0.0
0.0
0.0
0.0
0.0
0.0
0.0
0.996078431372549
0.9921568627450981
0.9921568627450981
0.7254901960784313
0.06666666666666665
0.0
0.0
0.0
0.0
0.0
0.0
0.0
0.03529411764705881
0.1215686274509804
0.1215686274509804
0.8627450980392157
0.9921568627450981
0.9921568627450981
0.25098039215686274
0.0
0.0
0.0
0.0
0.0
0.0
0.0
0.0
0.0
1.0
0.9921568627450981
0.6941176470588235
0.3058823529411765
0.0
0.0
0.0
0.0
0.0
0.0
0.0
0.2549019607843137
0.6431372549019607
0.9921568627450981
0.9921568627450981
0.9921568627450981
0.9921568627450981
0.9921568627450981
0.7803921568627451
0.0
0.0
0.0
0.0
0.0
0.0
0.0
0.0
0.0
0.996078431372549
0.9921568627450981
0.41960784313725485
0.0
0.0
0.0
0.0
0.0
0.0
0.0
0.0862745098039216
0.9490196078431372
0.9921568627450981
0.9921568627450981
0.9921568627450981
0.9921568627450981
0.9921568627450981
0.9921568627450981
0.8431372549019608
0.1215686274509804
0.0
0.0
0.0
0.0
0.0
0.0
0.0
0.0
0.996078431372549
0.44313725490196076
0.12549019607843137
0.0
0.0
0.0
0.0
0.0
0.0
0.21568627450980393
0.7215686274509804
0.9921568627450981
0.9921568627450981
0.9882352941176471
0.9019607843137255
0.9215686274509804
0.9921568627450981
0.9921568627450981
0.9921568627450981
0.388235294117647
0.0
0.0
0.0
0.0
0.0
0.0
0.0
0.0
0.5098039215686274
0.10588235294117643
0.0
0.0
0.0
0.0
0.0
0.0
0.0
0.596078431372549
0.9921568627450981
0.9921568627450981
0.9921568627450981
0.6352941176470588
0.0
0.12549019607843137
0.8156862745098039
0.9921568627450981
0.9921568627450981
0.6823529411764706
0.0
0.0
0.0
0.0
0.0
0.0
0.0
0.0
0.0
0.0
0.0
0.0
0.0
0.0
0.0
0.0
0.0
0.9058823529411765
0.9921568627450981
0.8588235294117648
0.18823529411764706
0.039215686274509776
0.0
0.06666666666666665
0.7333333333333334
0.9921568627450981
0.9921568627450981
0.9921568627450981
0.0
0.0
0.0
0.0
0.0
0.0
0.0
0.0
0.0
0.0
0.0
0.0
0.0
0.0
0.0
0.0
0.3176470588235294
0.9607843137254902
0.9921568627450981
0.5058823529411764
0.0
0.0
0.0
0.2431372549019608
0.9921568627450981
0.9647058823529412
0.9803921568627452
0.9568627450980391
0.0
0.0
0.0
0.0
0.0
0.0
0.0
0.0
0.0
0.0
0.0
0.0
0.0
0.0
0.0
0.0
0.0
0.9058823529411765
0.9921568627450981
0.5058823529411764
0.0
0.0
0.0
0.5176470588235293
0.9764705882352941
0.30980392156862746
0.8156862745098039
0.388235294117647
0.0
0.0
0.0
0.0
0.0
0.0
0.0
0.0
0.0
0.0
0.0
0.0
0.0
0.0
0.0
0.0
0.0
0.6862745098039216
0.7490196078431373
0.5019607843137255
0.2431372549019608
0.2431372549019608
0.5176470588235293
0.9098039215686274
0.7254901960784313
0.0
0.25098039215686274
0.2941176470588235
0.0
0.0
0.0
0.0
0.0
0.0
0.0
0.0
0.0
0.0
0.0
0.0
0.0
0.0
0.0
0.0
0.0
0.0
0.0
0.47058823529411764
0.9882352941176471
0.9921568627450981
0.9764705882352941
0.36078431372549025
0.0
0.0
0.0
0.0
0.0
0.0
0.0
0.0
0.0
0.0
0.0
0.0
0.0
0.0
0.0
0.0
0.0
0.0
0.0
0.0
0.0
0.0
0.0
0.0
0.5019607843137255
0.5686274509803921
0.30980392156862746
0.0
0.0
0.0
0.0
0.0
0.0
0.0
0.0
0.0
0.0
0.0
0.0
0.0
0.0
0.0
0.0
0.0
0.0
0.0
0.0
0.0
0.0
0.0
0.0
0.0
0.0
0.0
0.0
0.0
0.0
0.0
0.0
0.0
0.0
0.0
0.0
0.0
0.0
0.0
0.0
0.0
0.0
0.0
0.0
0.0
0.0
0.0
0.0
0.0
0.0
0.0
0.0
0.0
0.0
0.0
0.0
0.0
0.0
0.0
0.0
0.0
0.0
0.0
0.0
0.0
0.0
0.0
0.0
0.0
0.0
0.0
0.0
0.0
0.0
0.0
0.0
0.0
0.0
0.0
0.0
0.0
0.0
0.0
0.0
0.0
0.0
0.0
0.0
0.0
0.0
0.0
0.0
0.0
0.0
0.0
0.0
0.0
0.0
0.0
0.0
0.0
0.0
0.0
0.0
0.0
0.0
0.0
0.0
0.0
0.0
0.0
0.0
0.0
0.0
0.0
0.0
0.0
0.0
0.0
0.0
0.0
0.0
