0.0
0.0
0.0
0.0
0.0
0.0
0.0
0.0
0.0
0.0
0.0
0.0
0.0
0.0
0.0
0.0
0.0
0.0
0.0
0.0
0.0
0.0
0.0
0.0
0.0
0.0
0.0
0.0
0.0
0.0
0.0
0.0
0.0
0.0
0.0
0.0
0.0
0.0
0.0
0.0
0.0
0.0
0.0
0.0
0.0
0.0
0.0
0.0
0.0
0.0
0.0
0.0
0.0
0.0
0.0
0.0
0.0
0.0
0.0
0.0
0.0
0.0
0.0
0.0
0.0
0.0
0.0
0.0
0.0
0.0
0.0
0.0
0.0
0.0
0.0
0.0
0.0
0.0
0.0
0.0
0.0
0.0
0.0
0.0
0.0
0.0
0.0
0.0
0.0
0.0
0.0
0.0
0.0
0.0
0.0
0.0
0.0
0.0
0.0
0.0
0.0
0.0
0.0
0.0
0.0
0.0
0.0
0.0
0.0
0.0
0.0
0.0
0.0
0.0
0.0
0.0
0.0
0.0
0.0
0.0
0.0
0.0
0.0
0.0
0.0
0.0
0.0
0.0
0.0
0.0
0.0
0.0
0.0
0.0
0.0
0.0
0.0
0.0
0.0
0.0
0.0
0.0
0.0
0.0
0.0
0.0
0.0
0.0
0.0
0.039215686274509776
0.11372549019607847
0.0
0.0
0.0
0.0
0.0
0.0
0.0
0.0
0.0
0.0
0.0
0.0
0.0
0.0
0.0
0.0
0.0
0.0
0.0
0.0
0.0
0.0
0.0
0.0
0.0
0.0
0.6274509803921569
0.9882352941176471
0.10196078431372546
0.0
0.0
0.0
0.0
0.0
0.0
0.0
0.0
0.0
0.0
0.0
0.0
0.24705882352941178
0.4666666666666667
0.6627450980392157
0.0
0.0
0.0
0.0
0.0
0.0
0.0
0.0
0.0
0.07450980392156858
0.8431372549019608
0.9882352941176471
0.44313725490196076
0.0
0.0
0.0
0.0
0.0
0.0
0.0
0.0
0.0
0.0
0.0
0.09019607843137256
0.9176470588235295
0.9882352941176471
0.9882352941176471
0.0
0.0
0.0
0.0
0.0
0.0
0.0
0.0
0.0
0.22352941176470587
0.9882352941176471
0.9882352941176471
0.44313725490196076
0.0
0.0
0.0
0.0
0.0
0.0
0.0
0.0
0.0
0.0
0.19999999999999996
0.8980392156862745
0.9882352941176471
0.9882352941176471
0.4
0.0
0.0
0.0
0.0
0.0
0.0
0.0
0.0
0.015686274509803977
0.7019607843137254
0.9921568627450981
0.9921568627450981
0.19999999999999996
0.0
0.0
0.0
0.0
0.0
0.0
0.0
0.0
0.027450980392156876
0.45882352941176474
0.9450980392156862
0.996078431372549
0.9921568627450981
0.6588235294117647
0.0
0.0
0.0
0.0
0.0
0.0
0.0
0.0
0.0
0.21176470588235297
0.9882352941176471
0.9882352941176471
0.9882352941176471
0.0
0.0
0.0
0.0
0.0
0.0
0.0
0.0
0.0
0.5137254901960784
0.9882352941176471
0.9882352941176471
0.9176470588235295
0.3294117647058824
0.2196078431372549
0.0
0.0
0.0
0.0
0.0
0.0
0.0
0.0
0.0
0.7098039215686274
0.8784313725490196
0.9882352941176471
0.8392156862745098
0.0
0.0
0.0
0.0
0.0
0.0
0.0
0.0
0.5764705882352941
0.9176470588235295
0.9882352941176471
0.8392156862745098
0.5882352941176471
0.0
0.0
0.0
0.0
0.0
0.0
0.0
0.0
0.0
0.0
0.0
0.050980392156862786
0.6627450980392157
0.9882352941176471
0.5450980392156863
0.0
0.0
0.0
0.0
0.0
0.0
0.0
0.39607843137254906
0.9921568627450981
0.9882352941176471
0.9882352941176471
0.3529411764705882
0.0
0.0
0.0
0.0
0.0
0.0
0.0
0.0
0.0
0.0
0.0
0.0
0.06274509803921569
0.8470588235294118
0.9921568627450981
0.5490196078431373
0.0
0.0
0.0
0.0
0.0
0.12549019607843137
0.8980392156862745
0.9921568627450981
0.996078431372549
0.7215686274509804
0.14901960784313728
0.050980392156862786
0.0
0.0
0.0
0.0
0.0
0.0
0.0
0.0
0.0
0.0
0.0
0.0
0.11372549019607847
0.9882352941176471
0.9882352941176471
0.2549019607843137
0.0
0.0
0.0
0.0
0.37254901960784315
0.7333333333333334
0.9882352941176471
0.9882352941176471
0.5254901960784314
0.1098039215686275
0.0
0.0
0.0
0.0
0.0
0.0
0.0
0.0
0.0
0.0
0.0
0.0
0.0
0.0
0.11372549019607847
0.9882352941176471
0.9882352941176471
0.1098039215686275
0.0
0.0
0.11372549019607847
0.33333333333333337
0.8980392156862745
0.9882352941176471
0.8784313725490196
0.607843137254902
0.0
0.0
0.0
0.0
0.0
0.0
0.0
0.0
0.0
0.0
0.0
0.0
0.0
0.0
0.0
0.0
0.5019607843137255
0.9882352941176471
0.9882352941176471
0.1098039215686275
0.0
0.0
0.7254901960784313
0.9882352941176471
0.9921568627450981
0.8901960784313725
0.1686274509803921
0.050980392156862786
0.0
0.0
0.0
0.0
0.0
0.0
0.0
0.0
0.0
0.0
0.0
0.0
0.0
0.0
0.0
0.0
1.0
0.9921568627450981
0.6588235294117647
0.0
0.11372549019607847
0.8470588235294118
0.9921568627450981
0.9921568627450981
0.592156862745098
0.19999999999999996
0.0
0.0
0.0
0.0
0.0
0.0
0.0
0.0
0.0
0.0
0.0
0.0
0.0
0.0
0.0
0.0
0.0
0.0
0.9921568627450981
0.9882352941176471
0.6588235294117647
0.39607843137254906
0.6509803921568628
0.9882352941176471
0.9882352941176471
0.792156862745098
0.0
0.0
0.0
0.0
0.0
0.0
0.0
0.0
0.0
0.0
0.0
0.0
0.0
0.0
0.0
0.0
0.0
0.0
0.0
0.0
0.9921568627450981
0.9882352941176471
0.9176470588235295
0.9647058823529412
0.9921568627450981
0.9882352941176471
0.580392156862745
0.02352941176470591
0.0
0.0
0.0
0.0
0.0
0.0
0.0
0.0
0.0
0.0
0.0
0.0
0.0
0.0
0.0
0.0
0.0
0.0
0.0
0.0
0.9921568627450981
0.9882352941176471
0.9882352941176471
0.9882352941176471
0.9921568627450981
0.6941176470588235
0.1215686274509804
0.0
0.0
0.0
0.0
0.0
0.0
0.0
0.0
0.0
0.0
0.0
0.0
0.0
0.0
0.0
0.0
0.0
0.0
0.0
0.0
0.0
1.0
0.9921568627450981
0.9921568627450981
0.9450980392156862
0.6392156862745098
0.0
0.0
0.0
0.0
0.0
0.0
0.0
0.0
0.0
0.0
0.0
0.0
0.0
0.0
0.0
0.0
0.0
0.0
0.0
0.0
0.0
0.0
0.0
0.6980392156862745
0.9411764705882353
0.7176470588235294
0.1843137254901961
0.14901960784313728
0.0
0.0
0.0
0.0
0.0
0.0
0.0
0.0
0.0
0.0
0.0
0.0
0.0
0.0
0.0
0.0
0.0
0.0
0.0
0.0
0.0
0.0
0.0
0.32156862745098036
0.1686274509803921
0.0980392156862745
0.0
0.0
0.0
0.0
0.0
0.0
0.0
0.0
0.0
0.0
0.0
0.0
0.0
0.0
0.0
0.0
0.0
0.0
0.0
0.0
0.0
0.0
0.0
0.0
0.0
0.0
0.0
0.0
0.0
0.0
0.0
0.0
0.0
0.0
0.0
0.0
0.0
0.0
0.0
0.0
0.0
0.0
0.0
0.0
0.0
0.0
0.0
0.0
0.0
0.0
0.0
0.0
0.0
0.0
0.0
0.0
0.0
0.0
0.0
0.0
0.0
0.0
0.0
0.0
0.0
0.0
0.0
0.0
0.0
0.0
0.0
0.0
0.0
0.0
0.0
0.0
0.0
0.0
0.0
0.0
0.0
0.0
0.0
0.0
0.0
0.0
0.0
0.0
0.0
0.0
0.0
0.0
0.0
0.0
0.0
0.0
0.0
0.0
0.0
0.0
0.0
0.0
0.0
0.0
0.0
0.0
0.0
0.0
0.0
0.0
0.0
0.0
0.0
0.0
0.0
0.0
0.0
0.0
0.0
0.0
0.0
0.0
0.0
0.0
0.0
0.0
0.0
0.0
0.0
0.0
