0.0
0.0
0.0
0.0
0.0
0.0
0.0
0.0
0.0
0.0
0.0
0.0
0.0
0.0
0.0
0.0
0.0
0.0
0.0
0.0
0.0
0.0
0.0
0.0
0.0
0.0
0.0
0.0
0.0
0.0
0.0
0.0
0.0
0.0
0.0
0.0
0.0
0.0
0.0
0.0
0.0
0.0
0.0
0.0
0.0
0.0
0.0
0.0
0.0
0.0
0.0
0.0
0.0
0.0
0.0
0.0
0.0
0.0
0.0
0.0
0.0
0.0
0.0
0.0
0.0
0.0
0.0
0.0
0.0
0.0
0.0
0.0
0.0
0.0
0.0
0.0
0.0
0.0
0.0
0.0
0.0
0.0
0.0
0.0
0.0
0.0
0.0
0.0
0.0
0.0
0.0
0.0
0.0
0.0
0.0
0.0
0.0
0.0
0.0
0.0
0.0
0.0
0.0
0.0
0.0
0.0
0.0
0.0
0.0
0.0
0.0
0.0
0.0
0.0
0.0
0.0
0.0
0.0
0.0
0.0
0.0
0.0
0.0
0.0
0.0862745098039216
0.1686274509803921
0.8588235294117648
0.996078431372549
0.9882352941176471
0.9882352941176471
0.9882352941176471
0.16078431372549018
0.0
0.0
0.0
0.0
0.0
0.0
0.0
0.0
0.0
0.0
0.0
0.0
0.0
0.0
0.0
0.0
0.0
0.0
0.0
0.11372549019607847
0.6588235294117647
0.9803921568627452
0.9803921568627452
0.9882352941176471
0.9803921568627452
0.9803921568627452
0.9803921568627452
0.43529411764705883
0.0
0.0
0.0
0.0
0.0
0.0
0.0
0.0
0.0
0.0
0.0
0.0
0.0
0.0
0.0
0.0
0.0
0.0
0.5019607843137255
0.6588235294117647
0.9803921568627452
0.9803921568627452
0.9803921568627452
0.9882352941176471
0.9803921568627452
0.9803921568627452
0.9803921568627452
0.9803921568627452
0.0
0.0
0.0
0.0
0.0
0.0
0.0
0.0
0.0
0.0
0.0
0.0
0.0
0.0
0.0
0.0
0.0
0.5529411764705883
0.9882352941176471
0.9803921568627452
0.9803921568627452
0.5372549019607843
0.3254901960784313
0.3254901960784313
0.5411764705882354
0.9803921568627452
0.9803921568627452
0.9803921568627452
0.5529411764705883
0.0
0.0
0.0
0.0
0.0
0.0
0.0
0.0
0.0
0.0
0.0
0.0
0.0
0.0
0.0
0.0
0.8235294117647058
0.9882352941176471
0.9803921568627452
0.9803921568627452
0.3254901960784313
0.0
0.0
0.33333333333333337
0.9803921568627452
0.9803921568627452
0.9803921568627452
0.8235294117647058
0.0
0.0
0.0
0.0
0.0
0.0
0.0
0.0
0.0
0.0
0.0
0.0
0.0
0.0
0.5019607843137255
0.9882352941176471
0.9882352941176471
0.996078431372549
0.9333333333333333
0.4117647058823529
0.0
0.0
0.0
0.0
0.5019607843137255
0.9882352941176471
0.9882352941176471
0.8313725490196078
0.0
0.0
0.0
0.0
0.0
0.0
0.0
0.0
0.0
0.0
0.0
0.0
0.0
0.11372549019607847
0.6588235294117647
0.9803921568627452
0.9803921568627452
0.9333333333333333
0.43529411764705883
0.0
0.0
0.0
0.0
0.0
0.4980392156862745
0.9803921568627452
0.9803921568627452
0.8235294117647058
0.0
0.0
0.0
0.0
0.0
0.0
0.0
0.0
0.0
0.0
0.0
0.0
0.0
0.16470588235294115
0.7372549019607844
0.9803921568627452
0.9803921568627452
0.4117647058823529
0.0
0.0
0.0
0.0
0.0
0.0
0.4980392156862745
0.9803921568627452
0.9803921568627452
0.8235294117647058
0.0
0.0
0.0
0.0
0.0
0.0
0.0
0.0
0.0
0.0
0.0
0.0
0.0
0.22352941176470587
0.8235294117647058
0.9803921568627452
0.9803921568627452
0.0
0.0
0.0
0.0
0.0
0.0
0.0
0.4980392156862745
0.9803921568627452
0.9803921568627452
0.8235294117647058
0.0
0.0
0.0
0.0
0.0
0.0
0.0
0.0
0.0
0.0
0.0
0.0
0.0
0.33333333333333337
0.9803921568627452
0.9803921568627452
0.9803921568627452
0.0
0.0
0.0
0.0
0.0
0.0
0.0
0.4980392156862745
0.9803921568627452
0.9803921568627452
0.8235294117647058
0.0
0.0
0.0
0.0
0.0
0.0
0.0
0.0
0.0
0.0
0.0
0.0
0.1686274509803921
0.9882352941176471
0.9882352941176471
0.9882352941176471
0.8509803921568627
0.0
0.0
0.0
0.0
0.0
0.0
0.33333333333333337
0.9882352941176471
0.9882352941176471
0.9882352941176471
0.0
0.0
0.0
0.0
0.0
0.0
0.0
0.0
0.0
0.0
0.0
0.0
0.0
0.1686274509803921
0.9803921568627452
0.9803921568627452
0.9803921568627452
0.16078431372549018
0.0
0.0
0.0
0.0
0.0
0.05882352941176472
0.5490196078431373
0.9803921568627452
0.9803921568627452
0.7019607843137254
0.0
0.0
0.0
0.0
0.0
0.0
0.0
0.0
0.0
0.0
0.0
0.0
0.0
0.1686274509803921
0.9803921568627452
0.9803921568627452
0.9803921568627452
0.5725490196078431
0.0
0.0
0.0
0.0
0.41960784313725485
0.580392156862745
0.9803921568627452
0.9803921568627452
0.9803921568627452
0.5725490196078431
0.5019607843137255
0.4980392156862745
0.24705882352941178
0.0
0.0
0.0
0.0
0.0
0.0
0.0
0.0
0.0
0.0
0.1686274509803921
0.9803921568627452
0.9803921568627452
0.9803921568627452
0.9803921568627452
0.6666666666666667
0.6588235294117647
0.6588235294117647
0.6588235294117647
0.9294117647058824
0.9882352941176471
0.9803921568627452
0.9803921568627452
0.9803921568627452
0.9803921568627452
0.9882352941176471
0.9803921568627452
0.8196078431372549
0.2196078431372549
0.0
0.0
0.0
0.0
0.0
0.0
0.0
0.0
0.0
0.8588235294117648
0.9803921568627452
0.9803921568627452
0.9803921568627452
0.9803921568627452
0.9882352941176471
0.9803921568627452
0.9803921568627452
0.9803921568627452
0.9803921568627452
0.9882352941176471
0.9803921568627452
0.9803921568627452
0.9803921568627452
0.9803921568627452
0.9882352941176471
0.9803921568627452
0.9803921568627452
0.8745098039215686
0.1333333333333333
0.0
0.0
0.0
0.0
0.0
0.0
0.0
0.0
0.1686274509803921
0.9882352941176471
0.9882352941176471
0.9882352941176471
0.9882352941176471
1.0
0.9882352941176471
0.9882352941176471
0.9882352941176471
0.9882352941176471
0.9686274509803922
0.8235294117647058
0.8235294117647058
0.8235294117647058
0.8235294117647058
0.8588235294117648
0.9882352941176471
0.9882352941176471
0.9882352941176471
0.29803921568627456
0.0
0.0
0.0
0.0
0.0
0.0
0.0
0.0
0.1686274509803921
0.9803921568627452
0.9803921568627452
0.9803921568627452
0.7019607843137254
0.9882352941176471
0.9803921568627452
0.9803921568627452
0.9803921568627452
0.9803921568627452
0.5450980392156863
0.0
0.0
0.0
0.0
0.1098039215686275
0.6509803921568628
0.8156862745098039
0.9803921568627452
0.9803921568627452
0.0
0.0
0.0
0.0
0.0
0.0
0.0
0.0
0.08235294117647063
0.4901960784313726
0.4901960784313726
0.4901960784313726
0.07843137254901966
0.49411764705882355
0.4901960784313726
0.4901960784313726
0.4901960784313726
0.4901960784313726
0.0
0.0
0.0
0.0
0.0
0.0
0.0
0.4980392156862745
0.9803921568627452
0.9803921568627452
0.0
0.0
0.0
0.0
0.0
0.0
0.0
0.0
0.0
0.0
0.0
0.0
0.0
0.0
0.0
0.0
0.0
0.0
0.0
0.0
0.0
0.0
0.0
0.0
0.0
0.16470588235294115
0.7647058823529411
0.43137254901960786
0.0
0.0
0.0
0.0
0.0
0.0
0.0
0.0
0.0
0.0
0.0
0.0
0.0
0.0
0.0
0.0
0.0
0.0
0.0
0.0
0.0
0.0
0.0
0.0
0.0
0.0
0.10588235294117643
0.027450980392156876
0.0
0.0
0.0
0.0
0.0
0.0
0.0
0.0
0.0
0.0
0.0
0.0
0.0
0.0
0.0
0.0
0.0
0.0
0.0
0.0
0.0
0.0
0.0
0.0
0.0
0.0
0.0
0.0
0.0
0.0
0.0
0.0
0.0
0.0
0.0
0.0
0.0
0.0
0.0
0.0
0.0
0.0
0.0
0.0
0.0
0.0
0.0
0.0
0.0
0.0
0.0
0.0
0.0
0.0
0.0
0.0
0.0
0.0
0.0
0.0
0.0
0.0
0.0
0.0
0.0
0.0
0.0
0.0
0.0
0.0
0.0
0.0
0.0
0.0
0.0
0.0
0.0
0.0
0.0
0.0
0.0
0.0
0.0
0.0
0.0
0.0
0.0
0.0
0.0
0.0
0.0
0.0
0.0
0.0
0.0
0.0
0.0
0.0
0.0
0.0
0.0
0.0
0.0
0.0
0.0
0.0
0.0
0.0
0.0
0.0
0.0
0.0
0.0
0.0
0.0
