0.0
0.0
0.0
0.0
0.0
0.0
0.0
0.0
0.0
0.0
0.0
0.0
0.0
0.0
0.0
0.0
0.0
0.0
0.0
0.0
0.0
0.0
0.0
0.0
0.0
0.0
0.0
0.0
0.0
0.0
0.0
0.0
0.0
0.0
0.0
0.0
0.0
0.0
0.0
0.0
0.0
0.0
0.0
0.0
0.0
0.0
0.0
0.0
0.0
0.0
0.0
0.0
0.0
0.0
0.0
0.0
0.0
0.0
0.0
0.0
0.0
0.0
0.0
0.0
0.0
0.0
0.0
0.0
0.0
0.0
0.0
0.0
0.0
0.0
0.0
0.0
0.0
0.0
0.0
0.0
0.0
0.0
0.0
0.0
0.0
0.0
0.0
0.0
0.0
0.0
0.0
0.0
0.0
0.0
0.0
0.0
0.0
0.0
0.0
0.0
0.0
0.0
0.0
0.0
0.0
0.0
0.0
0.0
0.0
0.0
0.0
0.0
0.0
0.0
0.0
0.0
0.0
0.0
0.0
0.0
0.0
0.0
0.0
0.0
0.0
0.0
0.0
0.0
0.0
0.0
0.0
0.0
0.0
0.0
0.0
0.0
0.0
0.0
0.0
0.0
0.0
0.0
0.0
0.0
0.0
0.0
0.0
0.0
0.0
0.0
0.0
0.0
0.0
0.0
0.0
0.0
0.0
0.0
0.0
0.0
0.0
0.0
0.0039215686274509665
0.015686274509803977
0.0
0.0
0.0
0.0
0.0
0.0
0.0
0.0
0.0
0.0
0.0
0.0
0.0
0.0
0.0
0.0
0.0
0.0
0.0
0.0
0.0
0.0
0.0
0.0
0.0
0.0
0.6352941176470588
0.8823529411764706
0.09019607843137256
0.0
0.0
0.0
0.0
0.0
0.0
0.0
0.0
0.0
0.23529411764705888
0.6901960784313725
0.4392156862745098
0.0
0.0
0.0
0.0
0.0
0.0
0.0
0.0
0.0
0.0
0.0
0.0
0.0
0.9764705882352941
0.9921568627450981
0.4666666666666667
0.0
0.0
0.0
0.0
0.0
0.0
0.0
0.0
0.09019607843137256
0.8509803921568627
0.9647058823529412
0.2588235294117647
0.0
0.0
0.0
0.0
0.0
0.0
0.0
0.0
0.0
0.0
0.0
0.0
0.3921568627450981
0.9843137254901961
0.9921568627450981
0.5686274509803921
0.0
0.0
0.0
0.0
0.0
0.0
0.0
0.0
0.5725490196078431
0.9921568627450981
0.5450980392156863
0.0
0.0
0.0
0.0
0.0
0.0
0.0
0.0
0.0
0.0
0.0
0.0
0.050980392156862786
0.8588235294117648
0.9921568627450981
0.9921568627450981
0.5686274509803921
0.0
0.0
0.0
0.0
0.0
0.0
0.0
0.0
0.5725490196078431
0.9921568627450981
0.5450980392156863
0.0
0.0
0.0
0.0
0.0
0.0
0.0
0.0
0.0
0.0
0.0
0.0
0.2588235294117647
0.5372549019607843
0.5098039215686274
0.9921568627450981
0.8941176470588235
0.0
0.0
0.0
0.0
0.0
0.0
0.0
0.0
0.6
0.9921568627450981
0.3411764705882353
0.0
0.0
0.0
0.0
0.0
0.0
0.0
0.0
0.0
0.0
0.0
0.0
0.6274509803921569
0.33725490196078434
0.1215686274509804
0.9764705882352941
0.9921568627450981
0.0
0.0
0.0
0.0
0.0
0.0
0.0
0.0
1.0
0.9921568627450981
0.21568627450980393
0.0
0.0
0.0
0.0
0.16470588235294115
0.19999999999999996
0.0
0.0
0.0
0.0
0.0
0.0
0.15294117647058825
0.0
0.08235294117647063
0.8901960784313725
0.9921568627450981
0.0
0.0
0.0
0.0
0.0
0.0
0.0
0.0
1.0
0.9921568627450981
0.5450980392156863
0.0
0.0
0.0
0.15294117647058825
0.9450980392156862
0.9294117647058824
0.0
0.0
0.0
0.0
0.0
0.0
0.0
0.0
0.12941176470588234
0.9921568627450981
0.9921568627450981
0.0
0.0
0.0
0.0
0.0
0.0
0.0
0.0
0.9607843137254902
0.9921568627450981
0.5450980392156863
0.0
0.0
0.0
0.5882352941176471
0.9921568627450981
0.9294117647058824
0.0
0.0
0.0
0.0
0.0
0.0
0.0
0.03529411764705881
0.9254901960784314
0.9921568627450981
0.5568627450980392
0.0
0.0
0.0
0.0
0.0
0.0
0.0
0.0
0.5725490196078431
0.9921568627450981
0.5450980392156863
0.0
0.0
0.12941176470588234
0.8666666666666667
0.9921568627450981
0.7490196078431373
0.0
0.0
0.0
0.0
0.0
0.0
0.0
0.6823529411764706
0.9921568627450981
0.7098039215686274
0.050980392156862786
0.0
0.0
0.0
0.0
0.0
0.0
0.0
0.0
0.2313725490196078
0.9921568627450981
0.9019607843137255
0.2196078431372549
0.38431372549019605
0.8509803921568627
0.9921568627450981
0.9921568627450981
0.9529411764705882
0.3019607843137255
0.0
0.0
0.0
0.0
0.3686274509803922
0.6705882352941177
0.9607843137254902
0.9450980392156862
0.1843137254901961
0.0
0.0
0.0
0.0
0.0
0.0
0.0
0.0
0.0
0.007843137254901933
0.6862745098039216
0.9921568627450981
0.9764705882352941
0.9921568627450981
0.9921568627450981
0.8470588235294118
0.8274509803921568
0.9921568627450981
0.9843137254901961
0.4666666666666667
0.1098039215686275
0.207843137254902
0.6941176470588235
0.9921568627450981
0.9647058823529412
0.8862745098039215
0.2313725490196078
0.0
0.0
0.0
0.0
0.0
0.0
0.0
0.0
0.0
0.0
0.0
0.0980392156862745
0.9098039215686274
0.9921568627450981
0.9921568627450981
0.8549019607843137
0.1215686274509804
0.1098039215686275
0.7215686274509804
0.9921568627450981
0.9921568627450981
0.9921568627450981
0.9921568627450981
0.9921568627450981
0.7019607843137254
0.23529411764705888
0.0
0.0
0.0
0.0
0.0
0.0
0.0
0.0
0.0
0.0
0.0
0.0
0.0
0.0
0.14901960784313728
0.1686274509803921
0.1686274509803921
0.09019607843137256
0.0
0.0
0.0117647058823529
0.1686274509803921
0.8196078431372549
0.9921568627450981
0.7254901960784313
0.24705882352941178
0.007843137254901933
0.0
0.0
0.0
0.0
0.0
0.0
0.0
0.0
0.0
0.0
0.0
0.0
0.0
0.0
0.0
0.0
0.0
0.0
0.0
0.0
0.0
0.0
0.0
0.015686274509803977
0.019607843137254943
0.007843137254901933
0.0
0.0
0.0
0.0
0.0
0.0
0.0
0.0
0.0
0.0
0.0
0.0
0.0
0.0
0.0
0.0
0.0
0.0
0.0
0.0
0.0
0.0
0.0
0.0
0.0
0.0
0.0
0.0
0.0
0.0
0.0
0.0
0.0
0.0
0.0
0.0
0.0
0.0
0.0
0.0
0.0
0.0
0.0
0.0
0.0
0.0
0.0
0.0
0.0
0.0
0.0
0.0
0.0
0.0
0.0
0.0
0.0
0.0
0.0
0.0
0.0
0.0
0.0
0.0
0.0
0.0
0.0
0.0
0.0
0.0
0.0
0.0
0.0
0.0
0.0
0.0
0.0
0.0
0.0
0.0
0.0
0.0
0.0
0.0
0.0
0.0
0.0
0.0
0.0
0.0
0.0
0.0
0.0
0.0
0.0
0.0
0.0
0.0
0.0
0.0
0.0
0.0
0.0
0.0
0.0
0.0
0.0
0.0
0.0
0.0
0.0
0.0
0.0
0.0
0.0
0.0
0.0
0.0
0.0
0.0
0.0
0.0
0.0
0.0
0.0
0.0
0.0
0.0
0.0
0.0
0.0
0.0
0.0
0.0
0.0
0.0
0.0
0.0
0.0
0.0
0.0
0.0
0.0
0.0
0.0
0.0
0.0
0.0
0.0
0.0
0.0
0.0
0.0
0.0
0.0
0.0
0.0
0.0
0.0
0.0
0.0
0.0
0.0
0.0
0.0
0.0
0.0
0.0
0.0
0.0
0.0
0.0
0.0
0.0
0.0
0.0
0.0
0.0
0.0
0.0
0.0
0.0
0.0
0.0
0.0
0.0
0.0
0.0
0.0
0.0
0.0
0.0
0.0
0.0
0.0
0.0
0.0
0.0
0.0
0.0
0.0
0.0
0.0
0.0
0.0
0.0
