0.0
0.0
0.0
0.0
0.0
0.0
0.0
0.0
0.0
0.0
0.0
0.0
0.0
0.0
0.0
0.0
0.0
0.0
0.0
0.0
0.0
0.0
0.0
0.0
0.0
0.0
0.0
0.0
0.0
0.0
0.0
0.0
0.0
0.0
0.0
0.0
0.0
0.0
0.0
0.0
0.0
0.0
0.0
0.0
0.0
0.0
0.0
0.0
0.0
0.0
0.0
0.0
0.0
0.0
0.0
0.0
0.0
0.0
0.0
0.0
0.0
0.0
0.0
0.0
0.0
0.0
0.0
0.0
0.0
0.0
0.0
0.0
0.0
0.0
0.0
0.0
0.0
0.0
0.0
0.0
0.0
0.0
0.0
0.0
0.0
0.0
0.0
0.0
0.0
0.0
0.0
0.0
0.0
0.0
0.0
0.0
0.0
0.0
0.0
0.0
0.0
0.0
0.0
0.0
0.0
0.0
0.0
0.0
0.0
0.0
0.0
0.0
0.0
0.0
0.0
0.0
0.0
0.0
0.0
0.0
0.0
0.0
0.0
0.0
0.0
0.0
0.0
0.0
0.0
0.0
0.0
0.0
0.0
0.0
0.0
0.0
0.0
0.0
0.0
0.0
0.0
0.0
0.0
0.0
0.0
0.0
0.0
0.0
0.0
0.0
0.0
0.0
0.0
0.0
0.015686274509803977
0.2901960784313725
0.050980392156862786
0.050980392156862786
0.0117647058823529
0.0
0.0
0.0
0.0
0.0
0.0
0.0
0.0
0.0
0.0
0.0
0.0
0.0
0.0
0.0
0.0
0.0
0.0
0.0
0.0
0.0
0.015686274509803977
0.42352941176470593
0.6666666666666667
0.9921568627450981
0.9921568627450981
0.9921568627450981
0.6313725490196078
0.5607843137254902
0.37254901960784315
0.07450980392156858
0.007843137254901933
0.0
0.0
0.0
0.0
0.0
0.0
0.0
0.0
0.0
0.0
0.0
0.0
0.0
0.0
0.0
0.0
0.06666666666666665
0.5098039215686274
0.9921568627450981
0.9921568627450981
0.9921568627450981
0.9921568627450981
0.9921568627450981
0.9921568627450981
0.9921568627450981
0.9921568627450981
0.9921568627450981
0.4
0.007843137254901933
0.0
0.0
0.0
0.0
0.0
0.0
0.0
0.0
0.0
0.0
0.0
0.0
0.0
0.015686274509803977
0.43529411764705883
0.8627450980392157
0.9921568627450981
0.9921568627450981
0.9921568627450981
0.9921568627450981
0.9921568627450981
0.9921568627450981
0.9921568627450981
0.9921568627450981
0.9921568627450981
0.9921568627450981
0.9921568627450981
0.6235294117647059
0.07450980392156858
0.0
0.0
0.0
0.0
0.0
0.0
0.0
0.0
0.0
0.0
0.0
0.015686274509803977
0.4901960784313726
0.9921568627450981
0.9921568627450981
0.9921568627450981
0.9921568627450981
0.9921568627450981
0.8823529411764706
0.4666666666666667
0.5137254901960784
0.8470588235294118
0.8470588235294118
0.9058823529411765
0.9921568627450981
0.9921568627450981
0.9921568627450981
0.8156862745098039
0.0
0.0
0.0
0.0
0.0
0.0
0.0
0.0
0.0
0.0
0.015686274509803977
0.49411764705882355
0.9921568627450981
0.9921568627450981
0.9921568627450981
0.9921568627450981
0.8705882352941177
0.7019607843137254
0.08235294117647063
0.0
0.0
0.0
0.0
0.1333333333333333
0.8470588235294118
0.9921568627450981
0.9921568627450981
0.9921568627450981
0.0
0.0
0.0
0.0
0.0
0.0
0.0
0.0
0.0
0.03529411764705881
0.7058823529411764
0.9921568627450981
0.9921568627450981
0.9921568627450981
0.9921568627450981
0.5254901960784314
0.09411764705882353
0.0
0.0
0.0
0.0
0.0
0.0
0.0
0.21176470588235297
0.9607843137254902
0.9921568627450981
0.9921568627450981
0.0
0.0
0.0
0.0
0.0
0.0
0.0
0.0
0.007843137254901933
0.4980392156862745
0.9921568627450981
0.9921568627450981
0.9921568627450981
0.9607843137254902
0.6901960784313725
0.09411764705882353
0.0
0.0
0.0
0.0
0.0
0.0
0.0
0.0
0.5215686274509803
0.9921568627450981
0.9921568627450981
0.8862745098039215
0.0
0.0
0.0
0.0
0.0
0.0
0.0
0.0
0.027450980392156876
0.9921568627450981
0.9921568627450981
0.9921568627450981
0.8431372549019608
0.403921568627451
0.0
0.0
0.0
0.0
0.0
0.0
0.0
0.0
0.0
0.0980392156862745
0.9215686274509804
0.9921568627450981
0.9921568627450981
0.388235294117647
0.0
0.0
0.0
0.0
0.0
0.0
0.0
0.0
0.39607843137254906
0.9921568627450981
0.9921568627450981
0.9176470588235295
0.09411764705882353
0.0
0.0
0.0
0.0
0.0
0.0
0.0
0.0
0.0
0.0
0.7607843137254902
0.9921568627450981
0.9921568627450981
0.6392156862745098
0.007843137254901933
0.0
0.0
0.0
0.0
0.0
0.0
0.0
0.0
0.8941176470588235
0.9921568627450981
0.9921568627450981
0.6549019607843137
0.0
0.0
0.0
0.0
0.0
0.0
0.0
0.0
0.0
0.0
0.43137254901960786
0.9686274509803922
0.9921568627450981
0.8627450980392157
0.13725490196078427
0.0
0.0
0.0
0.0
0.0
0.0
0.0
0.0
0.0
1.0
0.9921568627450981
0.9921568627450981
0.8941176470588235
0.0
0.0
0.0
0.0
0.0
0.0
0.0
0.0
0.0
0.1098039215686275
0.8980392156862745
0.9921568627450981
0.9921568627450981
0.403921568627451
0.0
0.0
0.0
0.0
0.0
0.0
0.0
0.0
0.0
0.0
1.0
0.9921568627450981
0.9921568627450981
0.7294117647058824
0.0
0.0
0.0
0.0
0.0
0.0
0.0
0.0
0.1098039215686275
0.803921568627451
0.9921568627450981
0.9921568627450981
0.6470588235294117
0.0117647058823529
0.0
0.0
0.0
0.0
0.0
0.0
0.0
0.0
0.0
0.0
0.580392156862745
0.9921568627450981
0.9921568627450981
0.6235294117647059
0.32156862745098036
0.0
0.06666666666666665
0.3686274509803922
0.3686274509803922
0.4862745098039216
0.4862745098039216
0.3686274509803922
0.803921568627451
0.9921568627450981
0.9921568627450981
0.8509803921568627
0.12941176470588234
0.0
0.0
0.0
0.0
0.0
0.0
0.0
0.0
0.0
0.0
0.0
0.5098039215686274
0.9921568627450981
0.9921568627450981
0.9921568627450981
0.9803921568627452
0.8745098039215686
0.8980392156862745
0.9921568627450981
0.9921568627450981
0.9921568627450981
0.9921568627450981
0.9921568627450981
0.9921568627450981
0.9921568627450981
0.9921568627450981
0.4156862745098039
0.0
0.0
0.0
0.0
0.0
0.0
0.0
0.0
0.0
0.0
0.0
0.0
0.07058823529411762
0.9921568627450981
0.9921568627450981
0.9921568627450981
0.9921568627450981
0.9921568627450981
0.9921568627450981
0.9921568627450981
0.9921568627450981
0.9921568627450981
0.9921568627450981
0.9921568627450981
0.9921568627450981
0.8509803921568627
0.16470588235294115
0.0117647058823529
0.0
0.0
0.0
0.0
0.0
0.0
0.0
0.0
0.0
0.0
0.0
0.0
0.0039215686274509665
0.33333333333333337
0.5882352941176471
0.9921568627450981
0.9921568627450981
0.9921568627450981
0.9921568627450981
0.9921568627450981
0.9921568627450981
0.9921568627450981
0.6588235294117647
0.5529411764705883
0.16470588235294115
0.04705882352941182
0.0
0.0
0.0
0.0
0.0
0.0
0.0
0.0
0.0
0.0
0.0
0.0
0.0
0.0
0.0
0.0
0.0039215686274509665
0.04705882352941182
0.04705882352941182
0.04705882352941182
0.04705882352941182
0.04705882352941182
0.04705882352941182
0.04705882352941182
0.0117647058823529
0.0
0.0
0.0
0.0
0.0
0.0
0.0
0.0
0.0
0.0
0.0
0.0
0.0
0.0
0.0
0.0
0.0
0.0
0.0
0.0
0.0
0.0
0.0
0.0
0.0
0.0
0.0
0.0
0.0
0.0
0.0
0.0
0.0
0.0
0.0
0.0
0.0
0.0
0.0
0.0
0.0
0.0
0.0
0.0
0.0
0.0
0.0
0.0
0.0
0.0
0.0
0.0
0.0
0.0
0.0
0.0
0.0
0.0
0.0
0.0
0.0
0.0
0.0
0.0
0.0
0.0
0.0
0.0
0.0
0.0
0.0
0.0
0.0
0.0
0.0
0.0
0.0
0.0
0.0
0.0
0.0
0.0
0.0
0.0
0.0
0.0
0.0
0.0
0.0
0.0
0.0
0.0
0.0
0.0
0.0
0.0
0.0
0.0
0.0
0.0
0.0
0.0
0.0
0.0
0.0
0.0
0.0
0.0
0.0
0.0
0.0
0.0
0.0
0.0
0.0
0.0
0.0
0.0
0.0
0.0
0.0
0.0
0.0
0.0
0.0
0.0
0.0
0.0
0.0
0.0
0.0
0.0
0.0
0.0
0.0
0.0
0.0
0.0
0.0
0.0
0.0
0.0
0.0
0.0
0.0
0.0
0.0
0.0
0.0
0.0
0.0
0.0
