0.0
0.0
0.0
0.0
0.0
0.0
0.0
0.0
0.0
0.0
0.0
0.0
0.0
0.0
0.0
0.0
0.0
0.0
0.0
0.0
0.0
0.0
0.0
0.0
0.0
0.0
0.0
0.0
0.0
0.0
0.0
0.0
0.0
0.0
0.0
0.0
0.0
0.0
0.0
0.0
0.0
0.0
0.0
0.0
0.0
0.0
0.0
0.0
0.0
0.0
0.0
0.0
0.0
0.0
0.0
0.0
0.0
0.0
0.0
0.0
0.0
0.0
0.0
0.0
0.0
0.0
0.0
0.0
0.0
0.0
0.0
0.0
0.0
0.0
0.0
0.0
0.0
0.0
0.0
0.0
0.0
0.0
0.0
0.0
0.0
0.0
0.0
0.0
0.0
0.0
0.0
0.0
0.0
0.0
0.0
0.0
0.0
0.0
0.0
0.0
0.0
0.0
0.0
0.0
0.0
0.0
0.0
0.0
0.0
0.0
0.0
0.0
0.0
0.0
0.0
0.0
0.0
0.0
0.0
0.0
0.0
0.0
0.0
0.0
0.0
0.0
0.0
0.0
0.0
0.0
0.0
0.0
0.0
0.0
0.0
0.0
0.0
0.0
0.0
0.0
0.0
0.0
0.0
0.0
0.0
0.0
0.0
0.0
0.0
0.0
0.0
0.0
0.0
0.0
0.0
0.0
0.0
0.0
0.0
0.0
0.0
0.0
0.0
0.0
0.0
0.0
0.0
0.0
0.0
0.0
0.0
0.0
0.0
0.0
0.0
0.0
0.0
0.0
0.0
0.019607843137254943
0.027450980392156876
0.027450980392156876
0.027450980392156876
0.027450980392156876
0.0039215686274509665
0.0
0.0
0.0
0.0
0.0
0.0
0.0
0.0
0.0
0.0
0.0
0.0
0.0
0.0
0.0
0.0
0.0
0.0
0.0
0.0
0.0117647058823529
0.16078431372549018
0.8745098039215686
0.996078431372549
0.996078431372549
0.996078431372549
0.996078431372549
0.4274509803921569
0.007843137254901933
0.0
0.0
0.0
0.0
0.0
0.0
0.0
0.0
0.0
0.0
0.0
0.0
0.0
0.0
0.0
0.0
0.0
0.0
0.1333333333333333
0.6470588235294117
0.996078431372549
0.996078431372549
0.996078431372549
0.996078431372549
0.996078431372549
0.996078431372549
0.996078431372549
0.611764705882353
0.5607843137254902
0.5607843137254902
0.5607843137254902
0.3254901960784313
0.0
0.0
0.0
0.0
0.0
0.0
0.0
0.0
0.0
0.0
0.0
0.0
0.015686274509803977
0.4117647058823529
0.8588235294117648
0.996078431372549
0.996078431372549
0.996078431372549
0.996078431372549
0.996078431372549
0.996078431372549
0.996078431372549
0.996078431372549
0.996078431372549
0.996078431372549
0.996078431372549
0.996078431372549
0.996078431372549
0.0
0.0
0.0
0.0
0.0
0.0
0.0
0.0
0.0
0.0
0.0
0.015686274509803977
0.47058823529411764
0.996078431372549
0.996078431372549
0.996078431372549
0.996078431372549
0.9686274509803922
0.8745098039215686
0.8745098039215686
0.8745098039215686
0.9764705882352941
0.996078431372549
0.996078431372549
0.996078431372549
0.996078431372549
0.996078431372549
0.996078431372549
0.0
0.0
0.0
0.0
0.0
0.0
0.0
0.0
0.0
0.0
0.04705882352941182
0.6705882352941177
0.996078431372549
0.996078431372549
0.996078431372549
0.996078431372549
0.996078431372549
0.6823529411764706
0.0
0.0
0.0
0.5176470588235293
0.996078431372549
0.996078431372549
0.996078431372549
0.996078431372549
0.996078431372549
0.9254901960784314
0.0
0.0
0.0
0.0
0.0
0.0
0.0
0.0
0.0
0.0117647058823529
0.4745098039215686
0.996078431372549
0.996078431372549
0.996078431372549
0.9686274509803922
0.8274509803921568
0.7176470588235294
0.09019607843137256
0.0
0.0
0.05490196078431375
0.6941176470588235
0.996078431372549
0.996078431372549
0.996078431372549
0.996078431372549
0.996078431372549
0.4274509803921569
0.0
0.0
0.0
0.0
0.0
0.0
0.0
0.0
0.007843137254901933
0.4784313725490196
0.996078431372549
0.996078431372549
0.996078431372549
0.9686274509803922
0.4274509803921569
0.0
0.0
0.0
0.0
0.0
0.4156862745098039
0.996078431372549
0.996078431372549
0.996078431372549
0.996078431372549
0.996078431372549
0.996078431372549
0.02352941176470591
0.0
0.0
0.0
0.0
0.0
0.0
0.0
0.0
0.3764705882352941
0.996078431372549
0.996078431372549
0.996078431372549
0.9725490196078431
0.4274509803921569
0.0
0.0
0.0
0.0
0.0
0.21176470588235297
0.9411764705882353
0.996078431372549
0.996078431372549
0.9098039215686274
0.9764705882352941
0.996078431372549
0.996078431372549
0.02352941176470591
0.0
0.0
0.0
0.0
0.0
0.0
0.0
0.0
0.8745098039215686
0.996078431372549
0.996078431372549
0.9725490196078431
0.42352941176470593
0.0
0.0
0.0
0.0
0.0
0.06666666666666665
0.7058823529411764
0.996078431372549
0.996078431372549
0.9098039215686274
0.2196078431372549
0.9058823529411765
0.996078431372549
0.996078431372549
0.02352941176470591
0.0
0.0
0.0
0.0
0.0
0.0
0.0
0.0
0.8705882352941177
0.996078431372549
0.9764705882352941
0.41960784313725485
0.0
0.0
0.0
0.0
0.0
0.0
0.403921568627451
0.996078431372549
0.996078431372549
0.996078431372549
0.26274509803921564
0.0
0.9058823529411765
0.996078431372549
0.996078431372549
0.02352941176470591
0.0
0.0
0.0
0.0
0.0
0.0
0.0
0.0
0.11372549019607847
0.21568627450980393
0.19999999999999996
0.0
0.0
0.0
0.0
0.0
0.0
0.07450980392156858
0.8274509803921568
0.996078431372549
0.996078431372549
0.584313725490196
0.03137254901960784
0.0
0.9058823529411765
0.996078431372549
0.8627450980392157
0.015686274509803977
0.0
0.0
0.0
0.0
0.0
0.0
0.0
0.0
0.0
0.0
0.0
0.0
0.0
0.0
0.0
0.0
0.0
0.24705882352941178
0.996078431372549
0.996078431372549
0.8980392156862745
0.11372549019607847
0.0
0.12549019607843137
0.9333333333333333
0.996078431372549
0.9098039215686274
0.019607843137254943
0.0
0.0
0.0
0.0
0.0
0.0
0.0
0.0
0.0
0.0
0.0
0.0
0.0
0.0
0.0
0.0
0.0
0.24705882352941178
0.996078431372549
0.996078431372549
0.6784313725490196
0.0
0.0
0.3921568627450981
0.996078431372549
0.996078431372549
0.611764705882353
0.0039215686274509665
0.0
0.0
0.0
0.0
0.0
0.0
0.0
0.0
0.0
0.0
0.0
0.0
0.0
0.0
0.0
0.0
0.0
0.24705882352941178
0.996078431372549
0.996078431372549
0.6784313725490196
0.0
0.0
0.8117647058823529
0.996078431372549
0.996078431372549
0.11764705882352944
0.0
0.0
0.0
0.0
0.0
0.0
0.0
0.0
0.0
0.0
0.0
0.0
0.0
0.0
0.0
0.0
0.0
0.0
0.24705882352941178
0.996078431372549
0.996078431372549
0.9607843137254902
0.8784313725490196
0.8784313725490196
0.9843137254901961
0.996078431372549
0.996078431372549
0.04705882352941182
0.0
0.0
0.0
0.0
0.0
0.0
0.0
0.0
0.0
0.0
0.0
0.0
0.0
0.0
0.0
0.0
0.0
0.0
0.24705882352941178
0.996078431372549
0.996078431372549
0.996078431372549
0.996078431372549
0.996078431372549
0.996078431372549
1.0
0.596078431372549
0.007843137254901933
0.0
0.0
0.0
0.0
0.0
0.0
0.0
0.0
0.0
0.0
0.0
0.0
0.0
0.0
0.0
0.0
0.0
0.0
0.019607843137254943
0.7725490196078432
0.996078431372549
0.996078431372549
0.996078431372549
0.996078431372549
0.996078431372549
0.39607843137254906
0.039215686274509776
0.0
0.0
0.0
0.0
0.0
0.0
0.0
0.0
0.0
0.0
0.0
0.0
0.0
0.0
0.0
0.0
0.0
0.0
0.0
0.0
0.1686274509803921
0.6705882352941177
0.996078431372549
0.996078431372549
0.996078431372549
0.4
0.007843137254901933
0.0
0.0
0.0
0.0
0.0
0.0
0.0
0.0
0.0
0.0
0.0
0.0
0.0
0.0
0.0
0.0
0.0
0.0
0.0
0.0
0.0
0.0
0.007843137254901933
0.02352941176470591
0.02352941176470591
0.02352941176470591
0.0039215686274509665
0.0
0.0
0.0
0.0
0.0
0.0
0.0
0.0
0.0
0.0
0.0
0.0
0.0
0.0
0.0
0.0
0.0
0.0
0.0
0.0
0.0
0.0
0.0
0.0
0.0
0.0
0.0
0.0
0.0
0.0
0.0
0.0
0.0
0.0
0.0
0.0
0.0
0.0
0.0
0.0
0.0
0.0
0.0
0.0
0.0
0.0
0.0
0.0
0.0
0.0
0.0
0.0
0.0
0.0
0.0
0.0
0.0
0.0
0.0
0.0
0.0
0.0
0.0
0.0
0.0
0.0
