0.0
0.0
0.0
0.0
0.0
0.0
0.0
0.0
0.0
0.0
0.0
0.0
0.0
0.0
0.0
0.0
0.0
0.0
0.0
0.0
0.0
0.0
0.0
0.0
0.0
0.0
0.0
0.0
0.0
0.0
0.0
0.0
0.0
0.0
0.0
0.0
0.0
0.0
0.0
0.0
0.0
0.0
0.0
0.0
0.0
0.0
0.0
0.0
0.0
0.0
0.0
0.0
0.0
0.0
0.0
0.0
0.0
0.0
0.0
0.0
0.0
0.0
0.0
0.0
0.0
0.0
0.0
0.0
0.0
0.0
0.0
0.0
0.0
0.0
0.0
0.0
0.0
0.0
0.0
0.0
0.0
0.0
0.0
0.0
0.0
0.0
0.0
0.0
0.0
0.0
0.0
0.0
0.0
0.0
0.0
0.0
0.0
0.0
0.0
0.0
0.0
0.0
0.0
0.0
0.0
0.0
0.0
0.0
0.0
0.0
0.0
0.0
0.0
0.0
0.0
0.0
0.0
0.0
0.0
0.0
0.0
0.0
0.0
0.0
0.0
0.0
0.0
0.0
0.0
0.0
0.0
0.0
0.0
0.0
0.0
0.0
0.0
0.0
0.0
0.0
0.0
0.0
0.0
0.0
0.0
0.0
0.0
0.0
0.0
0.0
0.0
0.0
0.0
0.0
0.0
0.0
0.0
0.0
0.0
0.07843137254901966
0.29803921568627456
0.26274509803921564
0.0
0.0
0.0
0.0
0.0
0.0
0.0
0.0
0.0
0.0
0.0
0.0
0.0
0.0
0.0
0.0
0.0
0.0
0.0
0.0
0.0
0.0
0.015686274509803977
0.18823529411764706
0.6705882352941177
0.9019607843137255
0.9921568627450981
0.9764705882352941
0.5686274509803921
0.0862745098039216
0.0
0.0
0.0
0.0
0.0
0.0
0.0
0.0
0.0
0.0
0.0
0.0
0.0
0.0
0.0
0.0
0.0
0.0
0.0
0.12549019607843137
0.8588235294117648
0.9921568627450981
0.9921568627450981
0.9921568627450981
0.9921568627450981
0.9921568627450981
0.9921568627450981
0.9921568627450981
0.0
0.0
0.0
0.0
0.0
0.0
0.0
0.0
0.0
0.0
0.0
0.0
0.0
0.0
0.0
0.0
0.0
0.07058823529411762
0.6549019607843137
0.8705882352941177
0.9921568627450981
0.9921568627450981
0.9921568627450981
0.7764705882352941
0.3254901960784313
0.6627450980392157
0.9921568627450981
0.9921568627450981
0.0
0.0
0.0
0.0
0.0
0.0
0.0
0.0
0.0
0.0
0.0
0.0
0.0
0.0
0.0
0.015686274509803977
0.4627450980392157
0.9137254901960784
0.9921568627450981
0.9921568627450981
0.9921568627450981
0.9607843137254902
0.5019607843137255
0.03529411764705881
0.0
0.7529411764705882
0.9921568627450981
0.611764705882353
0.0
0.0
0.0
0.0
0.0
0.0
0.0
0.0
0.0
0.0
0.0
0.0
0.0
0.0
0.039215686274509776
0.6470588235294117
0.9921568627450981
0.9921568627450981
0.9921568627450981
0.8156862745098039
0.5215686274509803
0.07450980392156858
0.0
0.0
0.07843137254901966
0.9803921568627452
0.9921568627450981
0.4901960784313726
0.0
0.0
0.0
0.0
0.0
0.0
0.0
0.0
0.0
0.0
0.0
0.0
0.0
0.015686274509803977
0.6470588235294117
0.9921568627450981
0.9921568627450981
0.9921568627450981
0.8705882352941177
0.039215686274509776
0.0
0.0
0.0
0.0
0.5490196078431373
0.9921568627450981
0.7803921568627451
0.03529411764705881
0.0
0.0
0.0
0.0
0.0
0.0
0.0
0.0
0.0
0.0
0.0
0.0
0.02352941176470591
0.6470588235294117
0.9921568627450981
0.9921568627450981
0.9882352941176471
0.5647058823529412
0.05490196078431375
0.0
0.0
0.0
0.0
0.15294117647058825
0.9098039215686274
0.9921568627450981
0.6901960784313725
0.0
0.0
0.0
0.0
0.0
0.0
0.0
0.0
0.0
0.0
0.0
0.0
0.039215686274509776
0.6431372549019607
0.9921568627450981
0.9921568627450981
0.9215686274509804
0.37254901960784315
0.0
0.0
0.0
0.0
0.0
0.07058823529411762
0.8823529411764706
0.9921568627450981
0.9137254901960784
0.10588235294117643
0.0
0.0
0.0
0.0
0.0
0.0
0.0
0.0
0.0
0.0
0.0
0.007843137254901933
0.6509803921568628
0.9921568627450981
0.9921568627450981
0.9921568627450981
0.5019607843137255
0.0
0.0
0.0
0.0
0.0
0.14117647058823535
0.607843137254902
0.9921568627450981
0.9921568627450981
0.3803921568627451
0.0
0.0
0.0
0.0
0.0
0.0
0.0
0.0
0.0
0.0
0.0
0.027450980392156876
0.47058823529411764
0.9921568627450981
0.9921568627450981
0.9882352941176471
0.5647058823529412
0.015686274509803977
0.0
0.0
0.0
0.007843137254901933
0.0862745098039216
0.615686274509804
0.9921568627450981
0.9921568627450981
0.7490196078431373
0.0117647058823529
0.0
0.0
0.0
0.0
0.0
0.0
0.0
0.0
0.0
0.0
0.0
0.4
0.9921568627450981
0.9921568627450981
0.9921568627450981
0.8509803921568627
0.0
0.0
0.0
0.0
0.0862745098039216
0.48235294117647054
0.9921568627450981
0.9921568627450981
0.9921568627450981
0.8235294117647058
0.05882352941176472
0.0
0.0
0.0
0.0
0.0
0.0
0.0
0.0
0.0
0.0
0.0
0.05882352941176472
0.8274509803921568
0.9921568627450981
0.9921568627450981
0.9921568627450981
0.7058823529411764
0.38431372549019605
0.5254901960784314
0.807843137254902
0.807843137254902
0.8745098039215686
0.9921568627450981
0.9921568627450981
0.9921568627450981
0.7450980392156863
0.14117647058823535
0.0
0.0
0.0
0.0
0.0
0.0
0.0
0.0
0.0
0.0
0.0
0.0
0.3764705882352941
0.9921568627450981
0.9921568627450981
0.9921568627450981
0.9921568627450981
0.9921568627450981
0.9921568627450981
0.9921568627450981
0.9921568627450981
0.9921568627450981
0.9921568627450981
0.9921568627450981
0.9686274509803922
0.5411764705882354
0.03529411764705881
0.0
0.0
0.0
0.0
0.0
0.0
0.0
0.0
0.0
0.0
0.0
0.0
0.0
0.8627450980392157
0.9921568627450981
0.9921568627450981
0.8392156862745098
0.7372549019607844
0.7372549019607844
0.7372549019607844
0.7372549019607844
0.7372549019607844
0.7372549019607844
0.7372549019607844
0.7372549019607844
0.388235294117647
0.0
0.0
0.0
0.0
0.0
0.0
0.0
0.0
0.0
0.0
0.0
0.0
0.0
0.0
0.0
1.0
0.9921568627450981
0.9921568627450981
0.5725490196078431
0.0
0.0
0.0
0.0
0.0
0.0
0.0
0.0
0.0
0.0
0.0
0.0
0.0
0.0
0.0
0.0
0.0
0.0
0.0
0.0
0.0
0.0
0.0
0.0
0.7058823529411764
0.9921568627450981
0.9921568627450981
0.7686274509803921
0.0
0.0
0.0
0.0
0.0
0.0
0.0
0.0
0.0
0.0
0.0
0.0
0.0
0.0
0.0
0.0
0.0
0.0
0.0
0.0
0.0
0.0
0.0
0.0
0.04705882352941182
0.2941176470588235
0.2941176470588235
0.1215686274509804
0.0
0.0
0.0
0.0
0.0
0.0
0.0
0.0
0.0
0.0
0.0
0.0
0.0
0.0
0.0
0.0
0.0
0.0
0.0
0.0
0.0
0.0
0.0
0.0
0.0
0.0
0.0
0.0
0.0
0.0
0.0
0.0
0.0
0.0
0.0
0.0
0.0
0.0
0.0
0.0
0.0
0.0
0.0
0.0
0.0
0.0
0.0
0.0
0.0
0.0
0.0
0.0
0.0
0.0
0.0
0.0
0.0
0.0
0.0
0.0
0.0
0.0
0.0
0.0
0.0
0.0
0.0
0.0
0.0
0.0
0.0
0.0
0.0
0.0
0.0
0.0
0.0
0.0
0.0
0.0
0.0
0.0
0.0
0.0
0.0
0.0
0.0
0.0
0.0
0.0
0.0
0.0
0.0
0.0
0.0
0.0
0.0
0.0
0.0
0.0
0.0
0.0
0.0
0.0
0.0
0.0
0.0
0.0
0.0
0.0
0.0
0.0
0.0
0.0
0.0
0.0
0.0
0.0
0.0
0.0
0.0
0.0
0.0
0.0
0.0
0.0
0.0
0.0
0.0
0.0
0.0
0.0
0.0
0.0
0.0
0.0
0.0
0.0
0.0
0.0
0.0
0.0
0.0
0.0
0.0
0.0
0.0
0.0
0.0
0.0
0.0
0.0
0.0
0.0
0.0
0.0
0.0
0.0
0.0
0.0
