0.0
0.0
0.0
0.0
0.0
0.0
0.0
0.0
0.0
0.0
0.0
0.0
0.0
0.0
0.0
0.0
0.0
0.0
0.0
0.0
0.0
0.0
0.0
0.0
0.0
0.0
0.0
0.0
0.0
0.0
0.0
0.0
0.0
0.0
0.0
0.0
0.0
0.0
0.0
0.0
0.0
0.0
0.0
0.0
0.0
0.0
0.0
0.0
0.0
0.0
0.0
0.0
0.0
0.0
0.0
0.0
0.0
0.0
0.0
0.0
0.0
0.0
0.0
0.0
0.0
0.0
0.0
0.0
0.0
0.0
0.0
0.0
0.0
0.0
0.0
0.0
0.0
0.0
0.0
0.0
0.0
0.0
0.0
0.0
0.0
0.0
0.0
0.0
0.0
0.0
0.0
0.0
0.0
0.0
0.0
0.0
0.0
0.0
0.0
0.0
0.0
0.0
0.0
0.0
0.0
0.0
0.0
0.0
0.0
0.0
0.0
0.0
0.0
0.0
0.0
0.0
0.0
0.0
0.0
0.0
0.0
0.0
0.0
0.0
0.0
0.0
0.0
0.0
0.0
0.0
0.0
0.0
0.0
0.0
0.0
0.0
0.0
0.0
0.0
0.0
0.0
0.0
0.0
0.0
0.0
0.0
0.0
0.0
0.0
0.0
0.0
0.2901960784313725
0.8431372549019608
0.03529411764705881
0.0
0.0
0.0
0.0
0.0
0.0
0.0
0.06274509803921569
0.1333333333333333
0.03529411764705881
0.0
0.0
0.0
0.0
0.0
0.0
0.0
0.0
0.0
0.0
0.0
0.0
0.0
0.0
0.0
0.4784313725490196
0.8666666666666667
0.07843137254901966
0.0
0.0
0.0
0.0
0.0
0.0
0.09411764705882353
0.8
0.9882352941176471
0.5568627450980392
0.0
0.0
0.0
0.0
0.0
0.0
0.0
0.0
0.0
0.0
0.0
0.0
0.0
0.0
0.0
0.6431372549019607
0.8156862745098039
0.0
0.0
0.0
0.0
0.0
0.0
0.18039215686274512
0.8784313725490196
0.9882352941176471
0.9882352941176471
0.9372549019607843
0.10588235294117643
0.0
0.0
0.0
0.0
0.0
0.0
0.0
0.0
0.0
0.0
0.0
0.0
0.0
0.0
0.9058823529411765
0.7764705882352941
0.0
0.0
0.0
0.0
0.0
0.04705882352941182
0.807843137254902
0.9882352941176471
0.9882352941176471
0.9882352941176471
0.9882352941176471
0.5411764705882354
0.0
0.0
0.0
0.0
0.0
0.0
0.0
0.0
0.0
0.0
0.0
0.0
0.0
0.07843137254901966
0.9058823529411765
0.2196078431372549
0.0
0.0
0.0
0.0
0.0
0.4666666666666667
0.9882352941176471
0.9882352941176471
0.9882352941176471
0.9882352941176471
0.9882352941176471
0.5568627450980392
0.0
0.0
0.0
0.0
0.0
0.0
0.0
0.0
0.0
0.0
0.0
0.0
0.0
0.34901960784313724
0.9568627450980391
0.0862745098039216
0.0
0.0
0.0
0.0
0.13725490196078427
0.9647058823529412
0.9882352941176471
0.9882352941176471
0.8235294117647058
0.8549019607843137
0.9882352941176471
0.5568627450980392
0.0
0.0
0.0
0.0
0.0
0.0
0.0
0.0
0.0
0.0
0.039215686274509776
0.6823529411764706
0.9058823529411765
0.9372549019607843
0.9843137254901961
0.8313725490196078
0.12549019607843137
0.0
0.0
0.0117647058823529
0.792156862745098
0.9882352941176471
0.9882352941176471
0.6509803921568628
0.2941176470588235
0.9568627450980391
0.9882352941176471
0.5568627450980392
0.0
0.0
0.0
0.0
0.0
0.0
0.0
0.0
0.0
0.23529411764705888
0.9254901960784314
0.9882352941176471
0.9882352941176471
0.9882352941176471
0.9882352941176471
0.9882352941176471
0.7019607843137254
0.41960784313725485
0.02352941176470591
0.5764705882352941
0.9882352941176471
0.9882352941176471
0.8588235294117648
0.0862745098039216
0.5490196078431373
0.9882352941176471
0.9882352941176471
0.5568627450980392
0.0
0.0
0.0
0.0
0.0
0.0
0.0
0.0
0.2313725490196078
0.9137254901960784
0.9882352941176471
0.9882352941176471
0.9882352941176471
0.9882352941176471
0.9882352941176471
0.9882352941176471
0.9882352941176471
0.9882352941176471
0.7725490196078432
0.9882352941176471
0.9882352941176471
0.9882352941176471
0.6509803921568628
0.4549019607843138
0.9686274509803922
0.9882352941176471
0.9882352941176471
0.23921568627450984
0.0
0.0
0.0
0.0
0.0
0.0
0.0
0.0
0.9372549019607843
0.9882352941176471
0.9882352941176471
0.9529411764705882
0.6509803921568628
0.9882352941176471
0.9882352941176471
0.9882352941176471
0.9882352941176471
0.9882352941176471
0.9921568627450981
0.9882352941176471
0.9882352941176471
0.9882352941176471
0.9882352941176471
0.9882352941176471
0.9882352941176471
0.9882352941176471
0.8588235294117648
0.07450980392156858
0.0
0.0
0.0
0.0
0.0
0.0
0.0
0.0
0.996078431372549
0.9921568627450981
0.9921568627450981
0.9058823529411765
0.2196078431372549
0.9921568627450981
0.5137254901960784
0.07843137254901966
0.8470588235294118
0.9921568627450981
1.0
0.9921568627450981
0.9921568627450981
0.9921568627450981
0.9921568627450981
0.9921568627450981
0.9921568627450981
0.8392156862745098
0.11372549019607847
0.0
0.0
0.0
0.0
0.0
0.0
0.0
0.0
0.0
0.9921568627450981
0.9882352941176471
0.9882352941176471
0.9647058823529412
0.7568627450980392
0.9882352941176471
0.5137254901960784
0.04705882352941182
0.8
0.9882352941176471
0.9921568627450981
0.9882352941176471
0.9882352941176471
0.9882352941176471
0.9333333333333333
0.5764705882352941
0.3019607843137255
0.11764705882352944
0.0
0.0
0.0
0.0
0.0
0.0
0.0
0.0
0.0
0.0
0.8235294117647058
0.9882352941176471
0.9882352941176471
0.9882352941176471
0.9882352941176471
0.8549019607843137
0.3137254901960784
0.34509803921568627
0.9882352941176471
0.9882352941176471
0.9411764705882353
0.6
0.2431372549019608
0.1725490196078432
0.1333333333333333
0.0
0.0
0.0
0.0
0.0
0.0
0.0
0.0
0.0
0.0
0.0
0.0
0.0
0.3254901960784313
0.9647058823529412
0.9882352941176471
0.9803921568627452
0.807843137254902
0.1215686274509804
0.02352941176470591
0.807843137254902
0.9882352941176471
0.9882352941176471
0.6
0.0
0.0
0.0
0.0
0.0
0.0
0.0
0.0
0.0
0.0
0.0
0.0
0.0
0.0
0.0
0.0
0.0
0.0
0.23921568627450984
0.6980392156862745
0.5176470588235293
0.0
0.0
0.42352941176470593
0.9882352941176471
0.9882352941176471
0.8941176470588235
0.0
0.0
0.0
0.0
0.0
0.0
0.0
0.0
0.0
0.0
0.0
0.0
0.0
0.0
0.0
0.0
0.0
0.0
0.0
0.0
0.0
0.0
0.07843137254901966
0.6862745098039216
0.9725490196078431
0.9882352941176471
0.9882352941176471
0.2196078431372549
0.0
0.0
0.0
0.0
0.0
0.0
0.0
0.0
0.0
0.0
0.0
0.0
0.0
0.0
0.0
0.0
0.0
0.0
0.0
0.0
0.0
0.0
0.4274509803921569
0.9882352941176471
0.9882352941176471
0.9882352941176471
0.6352941176470588
0.06666666666666665
0.0
0.0
0.0
0.0
0.0
0.0
0.0
0.0
0.0
0.0
0.0
0.0
0.0
0.0
0.0
0.0
0.0
0.0
0.0
0.0
0.0
0.05490196078431375
0.8549019607843137
0.9882352941176471
0.9882352941176471
0.9607843137254902
0.21176470588235297
0.0
0.0
0.0
0.0
0.0
0.0
0.0
0.0
0.0
0.0
0.0
0.0
0.0
0.0
0.0
0.0
0.0
0.0
0.0
0.0
0.0
0.0
0.09019607843137256
0.9882352941176471
0.9882352941176471
0.8431372549019608
0.5647058823529412
0.0
0.0
0.0
0.0
0.0
0.0
0.0
0.0
0.0
0.0
0.0
0.0
0.0
0.0
0.0
0.0
0.0
0.0
0.0
0.0
0.0
0.0
0.0
0.050980392156862786
0.8392156862745098
0.9882352941176471
0.3294117647058824
0.0
0.0
0.0
0.0
0.0
0.0
0.0
0.0
0.0
0.0
0.0
0.0
0.0
0.0
0.0
0.0
0.0
0.0
0.0
0.0
0.0
0.0
0.0
0.0
0.0
0.0
0.0
0.0
0.0
0.0
0.0
0.0
0.0
0.0
0.0
0.0
0.0
0.0
0.0
0.0
0.0
0.0
0.0
0.0
0.0
0.0
0.0
0.0
0.0
0.0
0.0
0.0
0.0
0.0
0.0
0.0
0.0
0.0
0.0
0.0
0.0
0.0
0.0
0.0
0.0
0.0
0.0
0.0
0.0
0.0
0.0
0.0
0.0
0.0
0.0
0.0
0.0
0.0
0.0
0.0
0.0
0.0
0.0
0.0
0.0
0.0
0.0
0.0
0.0
0.0
0.0
0.0
0.0
0.0
0.0
0.0
0.0
0.0
0.0
0.0
