0.0
0.0
0.0
0.0
0.0
0.0
0.0
0.0
0.0
0.0
0.0
0.0
0.0
0.0
0.0
0.0
0.0
0.0
0.0
0.0
0.0
0.0
0.0
0.0
0.0
0.0
0.0
0.0
0.0
0.0
0.0
0.0
0.0
0.0
0.0
0.0
0.0
0.0
0.0
0.0
0.0
0.0
0.0
0.0
0.0
0.0
0.0
0.0
0.0
0.0
0.0
0.0
0.0
0.0
0.0
0.0
0.0
0.0
0.0
0.0
0.0
0.0
0.0
0.0
0.0
0.0
0.0
0.0
0.0
0.0
0.0
0.0
0.0
0.0
0.0
0.0
0.0
0.0
0.0
0.0
0.0
0.0
0.0
0.0
0.0
0.0
0.0
0.0
0.0
0.0
0.0
0.0
0.0
0.0
0.0
0.0
0.0
0.0
0.0
0.0
0.0
0.0
0.0
0.0
0.0
0.0
0.0
0.0
0.0
0.0
0.0
0.0
0.0
0.0
0.0
0.0
0.0
0.0
0.0
0.0
0.0
0.0
0.0
0.0
0.0
0.0
0.0
0.0
0.0
0.0
0.0
0.0
0.0
0.0
0.0
0.0
0.0
0.0
0.0
0.0
0.0
0.0
0.0
0.0
0.0
0.0
0.0
0.0
0.0
0.10588235294117643
0.8705882352941177
0.4274509803921569
0.0
0.0
0.0
0.0
0.0
0.04313725490196074
0.28627450980392155
0.28627450980392155
0.0
0.0
0.0
0.0
0.0
0.0
0.0
0.0
0.0
0.0
0.0
0.0
0.0
0.0
0.0
0.0
0.0
0.5568627450980392
0.996078431372549
0.09411764705882353
0.0
0.0
0.0
0.0
0.12549019607843137
0.8823529411764706
0.9921568627450981
0.9921568627450981
0.8235294117647058
0.11764705882352944
0.0
0.0
0.0
0.0
0.0
0.0
0.0
0.0
0.0
0.0
0.0
0.0
0.0
0.0
0.06274509803921569
0.9529411764705882
0.9529411764705882
0.05882352941176472
0.0
0.0
0.0
0.0
0.5176470588235293
0.9921568627450981
0.7019607843137254
0.14117647058823535
0.7647058823529411
0.7294117647058824
0.0
0.0
0.0
0.0
0.0
0.0
0.0
0.0
0.0
0.0
0.0
0.0
0.0
0.0
0.3529411764705882
0.9921568627450981
0.7098039215686274
0.0
0.0
0.0
0.0
0.0
0.8470588235294118
0.8549019607843137
0.04705882352941182
0.0
0.28627450980392155
0.7764705882352941
0.0
0.0
0.0
0.0
0.0
0.0
0.0
0.0
0.0
0.0
0.0
0.0
0.0
0.0
0.5529411764705883
0.9921568627450981
0.3294117647058824
0.0
0.0
0.0
0.0
0.10588235294117643
0.9490196078431372
0.3686274509803922
0.0
0.0
0.4156862745098039
0.6509803921568628
0.0
0.0
0.0
0.0
0.0
0.0
0.0
0.0
0.0
0.0
0.0
0.0
0.0
0.0
0.7843137254901961
0.996078431372549
0.0
0.0
0.0
0.0
0.0
0.5137254901960784
0.996078431372549
0.14117647058823535
0.0
0.0
0.6392156862745098
0.4274509803921569
0.0
0.0
0.0
0.0
0.0
0.0
0.0
0.0
0.0
0.0
0.0
0.0
0.0
0.0
0.7803921568627451
0.9921568627450981
0.0
0.0
0.0
0.0
0.0
0.8431372549019608
0.8666666666666667
0.06274509803921569
0.0
0.0
0.6392156862745098
0.42352941176470593
0.0
0.0
0.0
0.0
0.0
0.0
0.0
0.0
0.0
0.0
0.0
0.0
0.0
0.0
0.4784313725490196
0.9921568627450981
0.18039215686274512
0.0
0.0
0.0
0.0
0.996078431372549
0.7764705882352941
0.0
0.0
0.0
0.8156862745098039
0.24705882352941178
0.0
0.0
0.0
0.0
0.0
0.0
0.0
0.0
0.0
0.0
0.0
0.0
0.0
0.0
0.4274509803921569
0.9921568627450981
0.35686274509803917
0.0
0.0
0.0
0.0
0.996078431372549
0.7764705882352941
0.0
0.0
0.027450980392156876
0.996078431372549
0.07058823529411762
0.0
0.0
0.0
0.0
0.0
0.0
0.0
0.0
0.0
0.0
0.0
0.0
0.0
0.0
0.4274509803921569
0.9921568627450981
0.35686274509803917
0.0
0.0
0.0
0.0
0.996078431372549
0.7764705882352941
0.0
0.0
0.4862745098039216
0.8941176470588235
0.04705882352941182
0.0
0.0
0.0
0.0
0.0
0.0
0.0
0.0
0.0
0.0
0.0
0.0
0.0
0.0
0.4549019607843138
0.996078431372549
0.36078431372549025
0.0
0.0
0.0
0.0
1.0
0.4274509803921569
0.0
0.02352941176470591
0.792156862745098
0.611764705882353
0.0
0.0
0.0
0.0
0.0
0.0
0.0
0.0
0.0
0.0
0.0
0.0
0.0
0.0
0.0
0.07450980392156858
0.9921568627450981
0.43529411764705883
0.0
0.0
0.0
0.0
0.996078431372549
0.5019607843137255
0.0
0.2784313725490196
0.9921568627450981
0.15294117647058825
0.0
0.0
0.0
0.0
0.0
0.0
0.0
0.0
0.0
0.0
0.0
0.0
0.0
0.0
0.0
0.06274509803921569
0.9490196078431372
0.7490196078431373
0.0117647058823529
0.0
0.0
0.0
0.996078431372549
0.7764705882352941
0.0
0.603921568627451
0.6352941176470588
0.0
0.0
0.0
0.0
0.0
0.0
0.0
0.0
0.0
0.0
0.0
0.0
0.0
0.0
0.0
0.0
0.0
0.6823529411764706
0.996078431372549
0.07058823529411762
0.0
0.0
0.0
0.9686274509803922
0.7764705882352941
0.14117647058823535
0.9176470588235295
0.26274509803921564
0.0
0.0
0.0
0.0
0.0
0.0
0.0
0.0
0.0
0.0
0.0
0.0
0.0
0.0
0.0
0.0
0.0
0.2313725490196078
0.996078431372549
0.3254901960784313
0.0
0.0
0.0
0.6392156862745098
0.9294117647058824
0.7215686274509804
0.4392156862745098
0.0
0.0
0.0
0.0
0.0
0.0
0.0
0.0
0.0
0.0
0.0
0.0
0.0
0.0
0.0
0.0
0.0
0.0
0.0
0.7686274509803921
0.9176470588235295
0.09019607843137256
0.0
0.0
0.5372549019607843
0.996078431372549
0.4980392156862745
0.0
0.0
0.0
0.0
0.0
0.0
0.0
0.0
0.0
0.0
0.0
0.0
0.0
0.0
0.0
0.0
0.0
0.0
0.0
0.0
0.25098039215686274
0.9764705882352941
0.8823529411764706
0.2901960784313725
0.3411764705882353
0.8196078431372549
0.9921568627450981
0.4980392156862745
0.0
0.0
0.0
0.0
0.0
0.0
0.0
0.0
0.0
0.0
0.0
0.0
0.0
0.0
0.0
0.0
0.0
0.0
0.0
0.0
0.0
0.207843137254902
0.9215686274509804
0.9921568627450981
0.9921568627450981
0.9019607843137255
0.9803921568627452
0.4980392156862745
0.0
0.0
0.0
0.0
0.0
0.0
0.0
0.0
0.0
0.0
0.0
0.0
0.0
0.0
0.0
0.0
0.0
0.0
0.0
0.0
0.0
0.0
0.1843137254901961
0.3411764705882353
0.21176470588235297
0.07843137254901966
0.9215686274509804
0.7725490196078432
0.0
0.0
0.0
0.0
0.0
0.0
0.0
0.0
0.0
0.0
0.0
0.0
0.0
0.0
0.0
0.0
0.0
0.0
0.0
0.0
0.0
0.0
0.0
0.0
0.0
0.10588235294117643
0.8196078431372549
0.7215686274509804
0.0
0.0
0.0
0.0
0.0
0.0
0.0
0.0
0.0
0.0
0.0
0.0
0.0
0.0
0.0
0.0
0.0
0.0
0.0
0.0
0.0
0.0
0.0
0.0
0.0
0.0
0.0
0.0
0.0
0.0
0.0
0.0
0.0
0.0
0.0
0.0
0.0
0.0
0.0
0.0
0.0
0.0
0.0
0.0
0.0
0.0
0.0
0.0
0.0
0.0
0.0
0.0
0.0
0.0
0.0
0.0
0.0
0.0
0.0
0.0
0.0
0.0
0.0
0.0
0.0
0.0
0.0
0.0
0.0
0.0
0.0
0.0
0.0
0.0
0.0
0.0
0.0
0.0
0.0
0.0
0.0
0.0
0.0
0.0
0.0
0.0
0.0
0.0
0.0
0.0
0.0
0.0
0.0
0.0
