0.0
0.0
0.0
0.0
0.0
0.0
0.0
0.0
0.0
0.0
0.0
0.0
0.0
0.0
0.0
0.0
0.0
0.0
0.0
0.0
0.0
0.0
0.0
0.0
0.0
0.0
0.0
0.0
0.0
0.0
0.0
0.0
0.0
0.0
0.0
0.0
0.0
0.0
0.0
0.0
0.0
0.0
0.0
0.0
0.0
0.0
0.0
0.0
0.0
0.0
0.0
0.0
0.0
0.0
0.0
0.0
0.0
0.0
0.0
0.0
0.0
0.0
0.0
0.0
0.0
0.0
0.0
0.0
0.0
0.0
0.0
0.0
0.0
0.0
0.0
0.0
0.0
0.0
0.0
0.0
0.0
0.0
0.0
0.0
0.0
0.0
0.0
0.0
0.0
0.0
0.0
0.0
0.0
0.0
0.0
0.0
0.0
0.0
0.0
0.0
0.0
0.0
0.0
0.0
0.0
0.0
0.0
0.0
0.0
0.0
0.0
0.0
0.0
0.0
0.0
0.0
0.0
0.0
0.0
0.0
0.0
0.0
0.0
0.0
0.0
0.0
0.0
0.0
0.0
0.0
0.0
0.0
0.0
0.0
0.0
0.0
0.0
0.0
0.0
0.0
0.0
0.0
0.0
0.0
0.0
0.0
0.0
0.0
0.0
0.0
0.0
0.0
0.0
0.0
0.0
0.0
0.0
0.0
0.0
0.0
0.0
0.0
0.0
0.0
0.0
0.0
0.0
0.0
0.0
0.0
0.0
0.0
0.0
0.0
0.0
0.0
0.0
0.0
0.0
0.0
0.0
0.0
0.0
0.0
0.07843137254901966
0.12549019607843137
0.12549019607843137
0.12549019607843137
0.015686274509803977
0.0
0.0
0.0
0.0
0.0
0.0
0.0
0.0
0.0
0.0
0.0
0.0
0.0
0.0
0.0
0.0
0.0
0.0
0.0
0.0
0.0
0.25098039215686274
0.4980392156862745
0.803921568627451
0.9921568627450981
0.9843137254901961
0.9843137254901961
0.5529411764705883
0.18823529411764706
0.0
0.0
0.0
0.0
0.0
0.0
0.0
0.0
0.0
0.0
0.0
0.0
0.0
0.0
0.0
0.0
0.0
0.0
0.09411764705882353
0.3294117647058824
0.9254901960784314
0.9843137254901961
0.9843137254901961
0.9921568627450981
0.9843137254901961
0.9843137254901961
0.9843137254901961
0.5215686274509803
0.0
0.0
0.0
0.0
0.0
0.0
0.0
0.0
0.0
0.0
0.0
0.0
0.0
0.0
0.0
0.0
0.0
0.0
0.7607843137254902
0.9843137254901961
0.9843137254901961
0.9843137254901961
0.9843137254901961
0.9921568627450981
0.9843137254901961
0.9843137254901961
0.9843137254901961
0.596078431372549
0.0
0.0
0.0
0.0
0.0
0.0
0.0
0.0
0.0
0.0
0.0
0.0
0.0
0.0
0.0
0.0
0.0
0.6235294117647059
1.0
0.9921568627450981
0.9921568627450981
0.9921568627450981
0.7568627450980392
0.6235294117647059
0.9019607843137255
0.9921568627450981
0.9921568627450981
0.9921568627450981
0.0
0.0
0.0
0.0
0.0
0.0
0.0
0.0
0.0
0.0
0.0
0.0
0.0
0.0
0.0
0.06274509803921569
0.6705882352941177
0.8941176470588236
0.9921568627450981
0.9843137254901961
0.9215686274509804
0.3176470588235294
0.09019607843137256
0.0
0.7450980392156863
0.9843137254901961
0.9843137254901961
0.5176470588235293
0.0
0.0
0.0
0.0
0.0
0.0
0.0
0.0
0.0
0.0
0.0
0.0
0.0
0.0
0.06274509803921569
0.7411764705882353
0.9843137254901961
0.9843137254901961
0.9921568627450981
0.9215686274509804
0.24705882352941178
0.0
0.0
0.18823529411764706
0.8666666666666667
0.9843137254901961
0.9843137254901961
0.3686274509803922
0.0
0.0
0.0
0.0
0.0
0.0
0.0
0.0
0.0
0.0
0.0
0.0
0.0
0.09411764705882353
0.7294117647058824
0.9843137254901961
0.9843137254901961
0.9843137254901961
0.8980392156862745
0.2588235294117647
0.0
0.0
0.0
0.5254901960784314
0.9843137254901961
0.9843137254901961
0.9843137254901961
0.3686274509803922
0.0
0.0
0.0
0.0
0.0
0.0
0.0
0.0
0.0
0.0
0.0
0.0
0.0
0.7607843137254902
0.9843137254901961
0.9843137254901961
0.9843137254901961
0.9843137254901961
0.2313725490196078
0.0
0.0
0.1568627450980392
0.6196078431372549
0.9921568627450981
0.9843137254901961
0.9843137254901961
0.8274509803921568
0.13725490196078427
0.0
0.0
0.0
0.0
0.0
0.0
0.0
0.0
0.0
0.0
0.0
0.4862745098039216
0.9921568627450981
1.0
0.9921568627450981
0.9921568627450981
0.5058823529411764
0.0
0.0
0.0
0.5019607843137255
0.9921568627450981
0.9921568627450981
1.0
0.9921568627450981
0.9921568627450981
0.7411764705882353
0.0
0.0
0.0
0.0
0.0
0.0
0.0
0.0
0.0
0.04705882352941182
0.12549019607843137
0.4392156862745098
0.9568627450980393
0.9843137254901961
0.9921568627450981
0.8901960784313725
0.5490196078431373
0.03137254901960784
0.0
0.0
0.1725490196078432
0.8666666666666667
0.9843137254901961
0.9843137254901961
0.9921568627450981
0.9843137254901961
0.9843137254901961
0.2705882352941177
0.0
0.0
0.0
0.0
0.0
0.0
0.0
0.0
0.0
0.6823529411764706
0.9843137254901961
0.9843137254901961
0.9843137254901961
0.9843137254901961
0.803921568627451
0.1215686274509804
0.0
0.0
0.0
0.0
0.7450980392156863
0.9843137254901961
0.9843137254901961
0.9843137254901961
0.9921568627450981
0.9843137254901961
0.9843137254901961
0.1215686274509804
0.0
0.0
0.0
0.0
0.0
0.0
0.0
0.0
0.0
0.9921568627450981
0.9843137254901961
0.9843137254901961
0.7686274509803921
0.7372549019607844
0.07450980392156858
0.0
0.0
0.0
0.1568627450980392
0.8745098039215686
0.9568627450980393
0.9843137254901961
0.9843137254901961
0.9843137254901961
0.9921568627450981
0.9529411764705882
0.4274509803921569
0.015686274509803977
0.0
0.0
0.0
0.0
0.0
0.0
0.0
0.0
0.0
0.9921568627450981
0.9843137254901961
0.6745098039215687
0.04705882352941182
0.0
0.0
0.0
0.0
0.0
0.6196078431372549
0.9921568627450981
0.9843137254901961
0.9843137254901961
0.9843137254901961
0.9843137254901961
0.9921568627450981
0.8627450980392157
0.0
0.0
0.0
0.0
0.0
0.0
0.0
0.0
0.0
0.0
0.0
0.23529411764705888
0.15294117647058825
0.0
0.0
0.0
0.0
0.0
0.0
0.1568627450980392
0.8549019607843137
1.0
0.9921568627450981
0.9921568627450981
0.9921568627450981
0.9921568627450981
0.8588235294117648
0.15294117647058825
0.0
0.0
0.0
0.0
0.0
0.0
0.0
0.0
0.0
0.0
0.0
0.0
0.0
0.0
0.0
0.0
0.0
0.0
0.0
0.0
0.6196078431372549
0.9921568627450981
0.9843137254901961
0.9843137254901961
0.9529411764705882
0.8627450980392157
0.15294117647058825
0.0
0.0
0.0
0.0
0.0
0.0
0.0
0.0
0.0
0.0
0.0
0.0
0.0
0.0
0.0
0.0
0.0
0.0
0.0
0.0
0.0
0.30980392156862746
0.6784313725490196
0.611764705882353
0.49411764705882355
0.3686274509803922
0.0
0.0
0.0
0.0
0.0
0.0
0.0
0.0
0.0
0.0
0.0
0.0
0.0
0.0
0.0
0.0
0.0
0.0
0.0
0.0
0.0
0.0
0.0
0.0
0.04705882352941182
0.03137254901960784
0.0
0.0
0.0
0.0
0.0
0.0
0.0
0.0
0.0
0.0
0.0
0.0
0.0
0.0
0.0
0.0
0.0
0.0
0.0
0.0
0.0
0.0
0.0
0.0
0.0
0.0
0.0
0.0
0.0
0.0
0.0
0.0
0.0
0.0
0.0
0.0
0.0
0.0
0.0
0.0
0.0
0.0
0.0
0.0
0.0
0.0
0.0
0.0
0.0
0.0
0.0
0.0
0.0
0.0
0.0
0.0
0.0
0.0
0.0
0.0
0.0
0.0
0.0
0.0
0.0
0.0
0.0
0.0
0.0
0.0
0.0
0.0
0.0
0.0
0.0
0.0
0.0
0.0
0.0
0.0
0.0
0.0
0.0
0.0
0.0
0.0
0.0
0.0
0.0
0.0
0.0
0.0
0.0
0.0
0.0
0.0
0.0
0.0
0.0
0.0
0.0
0.0
0.0
0.0
0.0
0.0
0.0
0.0
0.0
0.0
0.0
0.0
0.0
0.0
0.0
0.0
0.0
0.0
0.0
0.0
0.0
0.0
0.0
0.0
0.0
0.0
