0.0
0.0
0.0
0.0
0.0
0.0
0.0
0.0
0.0
0.0
0.0
0.0
0.0
0.0
0.0
0.0
0.0
0.0
0.0
0.0
0.0
0.0
0.0
0.0
0.0
0.0
0.0
0.0
0.0
0.0
0.0
0.0
0.0
0.0
0.0
0.0
0.0
0.0
0.0
0.0
0.0
0.0
0.0
0.0
0.0
0.0
0.0
0.0
0.0
0.0
0.0
0.0
0.0
0.0
0.0
0.0
0.0
0.0
0.0
0.0
0.0
0.0
0.0
0.0
0.0
0.0
0.0
0.0
0.0
0.0
0.0
0.0
0.0
0.0
0.0
0.0
0.0
0.0
0.0
0.0
0.0
0.0
0.0
0.0
0.0
0.0
0.0
0.0
0.0
0.0
0.0
0.0
0.0
0.0
0.0
0.0
0.0
0.0
0.0
0.0
0.0
0.0
0.0
0.0
0.0
0.0
0.0
0.0
0.0
0.0
0.0
0.0
0.0
0.0
0.0
0.0
0.0
0.0
0.0
0.0
0.0
0.196078431372549
0.2901960784313725
0.0
0.0
0.0
0.0
0.0
0.0
0.0
0.0
0.0
0.0
0.0
0.0
0.0
0.0
0.0
0.0
0.0
0.0
0.0
0.0
0.0
0.0
0.0
0.0
0.6784313725490196
0.8196078431372549
0.9019607843137255
0.9411764705882353
0.23921568627450984
0.0
0.0
0.0
0.0
0.0
0.0
0.0
0.0
0.0
0.0
0.0
0.0
0.0
0.0
0.0
0.0
0.0
0.0
0.0
0.0
0.0
0.0
0.027450980392156876
0.8313725490196078
0.9921568627450981
0.9921568627450981
0.9921568627450981
0.6705882352941177
0.0
0.0
0.0
0.0
0.0
0.0
0.0
0.0
0.0
0.0
0.0
0.0
0.0
0.0
0.0
0.0
0.0
0.0
0.0
0.0
0.0
0.0
0.4117647058823529
0.9921568627450981
0.9921568627450981
0.7686274509803921
0.9411764705882353
0.8745098039215686
0.0
0.0
0.0
0.0
0.0
0.0
0.0
0.0
0.0
0.0
0.0
0.0
0.0
0.0
0.0
0.0
0.0
0.0
0.0
0.0
0.0
0.0
0.4117647058823529
0.9921568627450981
0.9921568627450981
0.5215686274509803
0.27450980392156865
0.7215686274509804
0.4156862745098039
0.0
0.0
0.0
0.0
0.0
0.0
0.0
0.0
0.0
0.0
0.0
0.0
0.0
0.0
0.0
0.0
0.0
0.0
0.0
0.0
0.0
0.48235294117647054
0.9921568627450981
0.9921568627450981
0.5215686274509803
0.0
0.03529411764705881
0.13725490196078427
0.0
0.0
0.0
0.0
0.0
0.0
0.0
0.10588235294117643
0.5333333333333333
0.39607843137254906
0.07843137254901966
0.0
0.0
0.0
0.0
0.0
0.0
0.0
0.0
0.0
0.0
0.6862745098039216
0.9921568627450981
0.9607843137254902
0.24705882352941178
0.0
0.0
0.0
0.0
0.3137254901960784
0.0
0.0
0.0
0.03137254901960784
0.5254901960784314
0.9411764705882353
0.9921568627450981
0.9921568627450981
0.8274509803921568
0.4392156862745098
0.0
0.0
0.0
0.0
0.0
0.0
0.0
0.0
0.0
0.4117647058823529
0.9921568627450981
0.9333333333333333
0.0
0.0
0.0
0.0
0.5411764705882354
0.9686274509803922
0.38431372549019605
0.0
0.0
0.592156862745098
0.6392156862745098
0.1215686274509804
0.12549019607843137
0.8274509803921568
0.9921568627450981
0.9843137254901961
0.592156862745098
0.0
0.0
0.0
0.0
0.0
0.0
0.0
0.0
0.7568627450980392
0.9921568627450981
0.9333333333333333
0.0
0.0
0.0
0.0
0.9372549019607843
0.9921568627450981
0.40784313725490196
0.0
0.0
0.13725490196078427
0.0
0.0
0.0
0.12549019607843137
0.8470588235294118
0.9921568627450981
0.9921568627450981
0.0
0.0
0.0
0.0
0.0
0.0
0.0
0.0
0.4117647058823529
0.9921568627450981
0.9333333333333333
0.0
0.0
0.0
0.3137254901960784
0.9686274509803922
0.9921568627450981
0.40784313725490196
0.0
0.0
0.0
0.0
0.0
0.0
0.0
0.3529411764705882
0.9921568627450981
0.9921568627450981
0.0
0.0
0.0
0.0
0.0
0.0
0.0
0.0
0.4156862745098039
0.996078431372549
0.9372549019607843
0.0
0.0
0.1215686274509804
0.996078431372549
0.996078431372549
0.996078431372549
0.4117647058823529
0.0
0.0
0.0
0.0
0.0
0.0
0.0
0.35686274509803917
0.996078431372549
1.0
0.0
0.0
0.0
0.0
0.0
0.0
0.0
0.0
0.4117647058823529
0.9921568627450981
0.4509803921568627
0.0
0.0
0.2588235294117647
0.9921568627450981
0.9921568627450981
0.9921568627450981
0.40784313725490196
0.0
0.0
0.0
0.0
0.0
0.0
0.0
0.8392156862745098
0.9921568627450981
0.5058823529411764
0.0
0.0
0.0
0.0
0.0
0.0
0.0
0.0
0.4117647058823529
0.9921568627450981
0.34901960784313724
0.0
0.019607843137254943
0.7215686274509804
0.9921568627450981
0.9568627450980391
0.9921568627450981
0.40784313725490196
0.0
0.0
0.0
0.0
0.0
0.0
0.34509803921568627
0.9725490196078431
0.9803921568627452
0.38431372549019605
0.0
0.0
0.0
0.0
0.0
0.0
0.0
0.0
0.4117647058823529
0.9921568627450981
0.34901960784313724
0.0
0.5725490196078431
0.9921568627450981
0.7411764705882353
0.21568627450980393
0.8823529411764706
0.6823529411764706
0.0
0.0
0.0
0.0
0.0
0.05882352941176472
0.7490196078431373
0.9921568627450981
0.8156862745098039
0.0
0.0
0.0
0.0
0.0
0.0
0.0
0.0
0.0
0.4117647058823529
0.9921568627450981
0.34901960784313724
0.0
0.8784313725490196
0.9921568627450981
0.4666666666666667
0.0
0.7607843137254902
0.9921568627450981
0.17647058823529416
0.0
0.0
0.0
0.0
0.6392156862745098
0.9921568627450981
0.9921568627450981
0.29803921568627456
0.0
0.0
0.0
0.0
0.0
0.0
0.0
0.0
0.0
0.4117647058823529
0.9921568627450981
0.4274509803921569
0.4
0.9607843137254902
0.8392156862745098
0.13725490196078427
0.0
0.3294117647058824
0.9450980392156862
0.8784313725490196
0.19215686274509802
0.0
0.05882352941176472
0.6392156862745098
0.9098039215686274
0.9921568627450981
0.6705882352941177
0.06666666666666665
0.0
0.0
0.0
0.0
0.0
0.0
0.0
0.0
0.0
0.4117647058823529
0.9921568627450981
0.9921568627450981
0.9921568627450981
0.8352941176470589
0.13725490196078427
0.0
0.0
0.0
0.584313725490196
0.996078431372549
0.8823529411764706
0.5254901960784314
0.7490196078431373
0.9921568627450981
0.9921568627450981
0.9921568627450981
0.05490196078431375
0.0
0.0
0.0
0.0
0.0
0.0
0.0
0.0
0.0
0.0
0.4156862745098039
0.9921568627450981
0.9921568627450981
0.8235294117647058
0.10588235294117643
0.0
0.0
0.0
0.0
0.03137254901960784
0.788235294117647
0.9921568627450981
0.9921568627450981
0.9921568627450981
0.9921568627450981
0.6705882352941177
0.05490196078431375
0.0039215686274509665
0.0
0.0
0.0
0.0
0.0
0.0
0.0
0.0
0.0
0.0
0.3411764705882353
0.8156862745098039
0.7803921568627451
0.1215686274509804
0.0
0.0
0.0
0.0
0.0
0.0
0.0980392156862745
0.37254901960784315
0.7803921568627451
0.2313725490196078
0.2313725490196078
0.06666666666666665
0.0
0.0
0.0
0.0
0.0
0.0
0.0
0.0
0.0
0.0
0.0
0.0
0.0
0.0
0.0
0.0
0.0
0.0
0.0
0.0
0.0
0.0
0.0
0.0
0.0
0.0
0.0
0.0
0.0
0.0
0.0
0.0
0.0
0.0
0.0
0.0
0.0
0.0
0.0
0.0
0.0
0.0
0.0
0.0
0.0
0.0
0.0
0.0
0.0
0.0
0.0
0.0
0.0
0.0
0.0
0.0
0.0
0.0
0.0
0.0
0.0
0.0
0.0
0.0
0.0
0.0
0.0
0.0
0.0
0.0
0.0
0.0
0.0
0.0
0.0
0.0
0.0
0.0
0.0
0.0
0.0
0.0
0.0
0.0
0.0
0.0
0.0
0.0
0.0
0.0
0.0
0.0
0.0
0.0
0.0
0.0
0.0
0.0
0.0
0.0
0.0
0.0
0.0
0.0
0.0
0.0
0.0
0.0
0.0
0.0
0.0
0.0
0.0
0.0
0.0
0.0
0.0
0.0
0.0
0.0
0.0
0.0
0.0
0.0
0.0
0.0
0.0
0.0
0.0
0.0
0.0
0.0
0.0
0.0
0.0
0.0
0.0
0.0
0.0
0.0
0.0
0.0
0.0
0.0
0.0
0.0
