0.0
0.0
0.0
0.0
0.0
0.0
0.0
0.0
0.0
0.0
0.0
0.0
0.0
0.0
0.0
0.0
0.0
0.0
0.0
0.0
0.0
0.0
0.0
0.0
0.0
0.0
0.0
0.0
0.0
0.0
0.0
0.0
0.0
0.0
0.0
0.0
0.0
0.0
0.0
0.0
0.0
0.0
0.0
0.0
0.0
0.0
0.0
0.0
0.0
0.0
0.0
0.0
0.0
0.0
0.0
0.0
0.0
0.0
0.0
0.0
0.0
0.0
0.0
0.0
0.0
0.0
0.0
0.0
0.0
0.0
0.0
0.0
0.0
0.0
0.0
0.0
0.0
0.0
0.0
0.0
0.0
0.0
0.0
0.0
0.0
0.0
0.0
0.0
0.0
0.0
0.0
0.0
0.0
0.0
0.0
0.0
0.0
0.0
0.0
0.0
0.0
0.0
0.0
0.0
0.0
0.0
0.0
0.0
0.0
0.0
0.0
0.0
0.0
0.0
0.0
0.0
0.0
0.0
0.0
0.0
0.0
0.0
0.0
0.0
0.0
0.0
0.0
0.0
0.0
0.0
0.0
0.0
0.0
0.0
0.0
0.0
0.0
0.0
0.0
0.0
0.0
0.0
0.0
0.0
0.0
0.0
0.0
0.0
0.0
0.0
0.0
0.0
0.0
0.0
0.0
0.0
0.0
0.0
0.0
0.0
0.0
0.0
0.0
0.0
0.0
0.0
0.0
0.0
0.0
0.0
0.0
0.0
0.0
0.0
0.0
0.0
0.0
0.0
0.0
0.0
0.0
0.0
0.0
0.0
0.0
0.0
0.0
0.0
0.0
0.0
0.0
0.0
0.0
0.0
0.0
0.0
0.0
0.0
0.0
0.0
0.0
0.0
0.0
0.0
0.0
0.0
0.0
0.0
0.0
0.0
0.0
0.0
0.0
0.0
0.0
0.0
0.0
0.0
0.0
0.0
0.0
0.0
0.0
0.0
0.0
0.0
0.0
0.0
0.0
0.0
0.0
0.0
0.0
0.0
0.0
0.0
0.0
0.0
0.0
0.0
0.0
0.0
0.0
0.0
0.0
0.0
0.0
0.0
0.0
0.0
0.0
0.0
0.0
0.0
0.0
0.0
0.0
0.0
0.0
0.0
0.0
0.0
0.22745098039215683
0.27450980392156865
0.27450980392156865
0.27450980392156865
0.40784313725490196
0.27450980392156865
0.27450980392156865
0.12549019607843137
0.0
0.0
0.0
0.0
0.0
0.0
0.0
0.0
0.0
0.0
0.0
0.0
0.0
0.0
0.0
0.03529411764705881
0.1843137254901961
0.1843137254901961
0.7764705882352941
0.9058823529411765
0.9803921568627451
0.996078431372549
0.996078431372549
0.996078431372549
0.996078431372549
0.996078431372549
0.996078431372549
0.9450980392156862
0.9058823529411765
0.7725490196078432
0.1333333333333333
0.0
0.0
0.0
0.0
0.0
0.0
0.0
0.0
0.0
0.0
0.0
0.027450980392156876
0.584313725490196
0.9294117647058824
0.996078431372549
0.9411764705882353
0.7058823529411764
0.3764705882352941
0.18039215686274512
0.18039215686274512
0.18039215686274512
0.18039215686274512
0.18039215686274512
0.2784313725490196
0.5411764705882354
0.8392156862745098
0.9686274509803922
0.9490196078431372
0.7490196078431373
0.11764705882352944
0.0
0.0
0.0
0.0
0.0
0.0
0.0
0.0
0.0
0.5372549019607843
0.996078431372549
0.9607843137254902
0.3686274509803922
0.10196078431372546
0.0
0.0
0.0
0.0
0.0
0.0
0.0
0.0
0.0
0.0
0.19999999999999996
0.6
0.996078431372549
0.8392156862745098
0.10196078431372546
0.0
0.0
0.0
0.0
0.0
0.0
0.0
0.0
0.8705882352941177
0.7843137254901961
0.19999999999999996
0.0
0.0
0.0
0.0
0.0
0.0
0.0
0.0
0.0
0.0
0.0
0.0
0.0
0.0
0.4
0.9490196078431372
0.8666666666666667
0.0
0.0
0.0
0.0
0.0
0.0
0.0
0.0
1.0
0.4509803921568627
0.0
0.0
0.0
0.0
0.0
0.0
0.0
0.0
0.0
0.0
0.0
0.0
0.0
0.0
0.0
0.0
0.8156862745098039
0.996078431372549
0.0
0.0
0.0
0.0
0.0
0.0
0.0
0.0
0.5333333333333333
0.615686274509804
0.0
0.0
0.0
0.0
0.0
0.0
0.0
0.0
0.0
0.0
0.0
0.0
0.0
0.0
0.0
0.0862745098039216
0.8980392156862745
0.8274509803921568
0.0
0.0
0.0
0.0
0.0
0.0
0.0
0.0
0.07450980392156858
0.7490196078431373
0.2666666666666667
0.0
0.0
0.0
0.0
0.0
0.0
0.0
0.0
0.0
0.0
0.0
0.0
0.0
0.10196078431372546
0.611764705882353
0.996078431372549
0.5019607843137255
0.0
0.0
0.0
0.0
0.0
0.0
0.0
0.0
0.0
0.2666666666666667
0.9176470588235294
0.6352941176470588
0.27450980392156865
0.027450980392156876
0.0
0.0
0.0
0.0
0.0
0.0
0.0
0.0
0.0
0.19999999999999996
0.8705882352941177
0.996078431372549
0.5764705882352941
0.0
0.0
0.0
0.0
0.0
0.0
0.0
0.0
0.0
0.0
0.0
0.23921568627450984
0.7137254901960784
0.9333333333333333
0.8470588235294118
0.5098039215686274
0.1843137254901961
0.1333333333333333
0.0
0.0
0.06666666666666665
0.1843137254901961
0.25098039215686274
0.5764705882352941
0.9725490196078431
0.9490196078431372
0.5490196078431373
0.015686274509803977
0.0
0.0
0.0
0.0
0.0
0.0
0.0
0.0
0.0
0.0
0.0
0.0
0.0
0.11764705882352944
0.5725490196078431
0.9137254901960784
0.996078431372549
0.9490196078431372
0.615686274509804
0.7529411764705882
0.8823529411764706
0.996078431372549
0.9450980392156862
0.9019607843137255
0.7725490196078432
0.2666666666666667
0.0
0.0
0.0
0.0
0.0
0.0
0.0
0.0
0.0
0.0
0.0
0.0
0.0
0.0
0.0
0.0
0.0
0.027450980392156876
0.5333333333333333
0.6313725490196078
0.6313725490196078
0.47058823529411764
0.2705882352941177
0.2705882352941177
0.12549019607843137
0.0
0.0
0.0
0.0
0.0
0.0
0.0
0.0
0.0
0.0
0.0
0.0
0.0
0.0
0.0
0.0
0.0
0.0
0.0
0.0
0.0
0.0
0.0
0.0
0.0
0.0
0.0
0.0
0.0
0.0
0.0
0.0
0.0
0.0
0.0
0.0
0.0
0.0
0.0
0.0
0.0
0.0
0.0
0.0
0.0
0.0
0.0
0.0
0.0
0.0
0.0
0.0
0.0
0.0
0.0
0.0
0.0
0.0
0.0
0.0
0.0
0.0
0.0
0.0
0.0
0.0
0.0
0.0
0.0
0.0
0.0
0.0
0.0
0.0
0.0
0.0
0.0
0.0
0.0
0.0
0.0
0.0
0.0
0.0
0.0
0.0
0.0
0.0
0.0
0.0
0.0
0.0
0.0
0.0
0.0
0.0
0.0
0.0
0.0
0.0
0.0
0.0
0.0
0.0
0.0
0.0
0.0
0.0
0.0
0.0
0.0
0.0
0.0
0.0
0.0
0.0
0.0
0.0
0.0
0.0
0.0
0.0
0.0
0.0
0.0
0.0
0.0
0.0
0.0
0.0
0.0
0.0
0.0
0.0
0.0
0.0
0.0
0.0
0.0
0.0
0.0
0.0
0.0
0.0
0.0
0.0
0.0
0.0
0.0
0.0
0.0
0.0
0.0
0.0
0.0
0.0
0.0
0.0
0.0
0.0
0.0
0.0
0.0
0.0
0.0
0.0
0.0
0.0
0.0
0.0
0.0
0.0
0.0
0.0
0.0
0.0
0.0
0.0
0.0
0.0
0.0
0.0
0.0
0.0
0.0
0.0
0.0
0.0
0.0
0.0
0.0
0.0
0.0
0.0
0.0
0.0
0.0
0.0
0.0
0.0
0.0
0.0
0.0
0.0
0.0
0.0
