0.0
0.0
0.0
0.0
0.0
0.0
0.0
0.0
0.0
0.0
0.0
0.0
0.0
0.0
0.0
0.0
0.0
0.0
0.0
0.0
0.0
0.0
0.0
0.0
0.0
0.0
0.0
0.0
0.0
0.0
0.0
0.0
0.0
0.0
0.0
0.0
0.0
0.0
0.0
0.0
0.0
0.0
0.0
0.0
0.0
0.0
0.0
0.0
0.0
0.0
0.0
0.0
0.0
0.0
0.0
0.0
0.0
0.0
0.0
0.0
0.0
0.0
0.0
0.0
0.0
0.0
0.0
0.0
0.0
0.0
0.0
0.0
0.0
0.0
0.0
0.0
0.0
0.0
0.0
0.0
0.0
0.0
0.0
0.0
0.0
0.0
0.0
0.0
0.0
0.0
0.0
0.0
0.0
0.0
0.0
0.0
0.0
0.0
0.0
0.0
0.0
0.0
0.0
0.0
0.0
0.0
0.0
0.0
0.0
0.0
0.0
0.0
0.0
0.0
0.0
0.0
0.0
0.0
0.0
0.0
0.0
0.0
0.0
0.0
0.0
0.0
0.0
0.0
0.0
0.0
0.0
0.0
0.0
0.0
0.0
0.0
0.0
0.0
0.0
0.0
0.0
0.0
0.0
0.0
0.0
0.0
0.0
0.0
0.0
0.23921568627450984
0.07843137254901966
0.0
0.0
0.0
0.0
0.0
0.0
0.0
0.0
0.0
0.0
0.0
0.0
0.0
0.0
0.0
0.0
0.0
0.0
0.0
0.0
0.0
0.0
0.0
0.0
0.0
0.21176470588235297
0.4901960784313726
0.03137254901960784
0.0
0.0
0.0
0.0
0.0
0.0
0.0
0.0
0.0
0.0
0.0
0.0
0.0
0.0
0.0
0.0
0.0
0.0
0.0
0.0
0.0
0.0
0.0
0.050980392156862786
0.44705882352941173
0.9490196078431372
0.4862745098039216
0.0
0.0
0.0
0.0
0.0
0.0
0.0
0.0
0.0
0.0
0.0
0.0
0.0
0.0
0.0
0.0
0.0
0.0
0.0
0.0
0.0
0.0
0.0
0.0
0.5490196078431373
0.9921568627450981
0.5490196078431373
0.02352941176470591
0.0
0.0
0.0
0.0
0.0
0.0
0.0
0.0
0.0
0.0
0.0
0.0
0.0
0.0
0.0
0.0
0.0
0.0
0.0
0.0
0.0
0.0
0.0
0.07843137254901966
0.9764705882352941
0.8901960784313725
0.12941176470588234
0.0
0.0
0.0
0.0
0.0
0.0
0.0
0.0
0.0
0.0
0.0
0.0
0.0
0.0117647058823529
0.0
0.0
0.0
0.0
0.0
0.0
0.0
0.0
0.0
0.0
0.5764705882352941
0.9921568627450981
0.5215686274509803
0.0
0.0
0.0
0.0
0.0
0.0
0.0
0.0
0.0
0.0
0.0
0.0
0.0
0.18823529411764706
0.7607843137254902
0.1568627450980392
0.007843137254901933
0.0
0.0
0.0
0.0
0.0
0.0
0.0
0.0
0.996078431372549
0.9921568627450981
0.32156862745098036
0.0
0.0
0.0
0.0
0.0
0.027450980392156876
0.16470588235294115
0.11372549019607847
0.0
0.0
0.0
0.0
0.0
0.43137254901960786
0.9921568627450981
0.9921568627450981
0.14509803921568631
0.0
0.0
0.0
0.0
0.0
0.0
0.0
0.0
1.0
0.8941176470588236
0.0980392156862745
0.0
0.0
0.0
0.0
0.02352941176470591
0.5725490196078431
0.9921568627450981
0.9019607843137255
0.2196078431372549
0.0
0.0
0.0
0.0
0.07843137254901966
0.7411764705882353
0.9921568627450981
0.5294117647058824
0.0
0.0
0.0
0.0
0.0
0.0
0.0
0.0
0.996078431372549
0.8980392156862745
0.0980392156862745
0.0
0.0
0.0
0.007843137254901933
0.3686274509803922
0.9921568627450981
0.9921568627450981
0.9921568627450981
0.7333333333333334
0.027450980392156876
0.0
0.0
0.0
0.0
0.3294117647058824
0.9921568627450981
0.6705882352941177
0.0
0.0
0.0
0.0
0.0
0.0
0.0
0.0
0.607843137254902
0.9921568627450981
0.32156862745098036
0.0
0.0
0.0
0.19999999999999996
0.9921568627450981
0.9921568627450981
0.8196078431372549
0.9921568627450981
0.9921568627450981
0.26274509803921564
0.0
0.0
0.0
0.0
0.3294117647058824
0.9921568627450981
0.9921568627450981
0.0
0.0
0.0
0.0
0.0
0.0
0.0
0.0
0.11372549019607847
0.9921568627450981
0.8352941176470589
0.11372549019607847
0.0
0.584313725490196
0.9490196078431372
0.9921568627450981
0.42352941176470593
0.050980392156862786
0.580392156862745
0.9921568627450981
0.9529411764705882
0.019607843137254943
0.0
0.0
0.0
0.3294117647058824
0.9921568627450981
0.5686274509803921
0.0
0.0
0.0
0.0
0.0
0.0
0.0
0.0
0.03529411764705881
0.7725490196078432
0.9921568627450981
0.9803921568627451
0.9764705882352941
0.9921568627450981
0.9803921568627451
0.44313725490196076
0.007843137254901933
0.0
0.14901960784313728
0.9137254901960784
0.9921568627450981
0.2823529411764706
0.0
0.0
0.0
0.3294117647058824
0.9921568627450981
0.5294117647058824
0.0
0.0
0.0
0.0
0.0
0.0
0.0
0.0
0.0
0.05882352941176472
0.7254901960784313
0.9647058823529412
0.8980392156862745
0.8784313725490196
0.4274509803921569
0.0
0.0
0.0
0.0
0.5215686274509803
0.9843137254901961
0.9529411764705882
0.10588235294117643
0.0
0.03137254901960784
0.403921568627451
0.9921568627450981
0.4784313725490196
0.0
0.0
0.0
0.0
0.0
0.0
0.0
0.0
0.0
0.0
0.0
0.2588235294117647
0.06274509803921569
0.0
0.0
0.0
0.0
0.0
0.0
0.0
0.8196078431372549
0.9921568627450981
0.9529411764705882
0.34901960784313724
0.607843137254902
0.9921568627450981
0.9921568627450981
0.06666666666666665
0.0
0.0
0.0
0.0
0.0
0.0
0.0
0.0
0.0
0.0
0.0
0.0
0.0
0.0
0.0
0.0
0.0
0.0
0.0
0.0
0.12549019607843137
0.6431372549019607
0.9921568627450981
0.9921568627450981
0.9921568627450981
0.9921568627450981
0.5882352941176471
0.019607843137254943
0.0
0.0
0.0
0.0
0.0
0.0
0.0
0.0
0.0
0.0
0.0
0.0
0.0
0.0
0.0
0.0
0.0
0.0
0.0
0.0
0.0
0.12941176470588234
0.6666666666666667
0.6666666666666667
0.6666666666666667
0.5137254901960784
0.03137254901960784
0.0
0.0
0.0
0.0
0.0
0.0
0.0
0.0
0.0
0.0
0.0
0.0
0.0
0.0
0.0
0.0
0.0
0.0
0.0
0.0
0.0
0.0
0.0
0.0
0.0
0.0
0.0
0.0
0.0
0.0
0.0
0.0
0.0
0.0
0.0
0.0
0.0
0.0
0.0
0.0
0.0
0.0
0.0
0.0
0.0
0.0
0.0
0.0
0.0
0.0
0.0
0.0
0.0
0.0
0.0
0.0
0.0
0.0
0.0
0.0
0.0
0.0
0.0
0.0
0.0
0.0
0.0
0.0
0.0
0.0
0.0
0.0
0.0
0.0
0.0
0.0
0.0
0.0
0.0
0.0
0.0
0.0
0.0
0.0
0.0
0.0
0.0
0.0
0.0
0.0
0.0
0.0
0.0
0.0
0.0
0.0
0.0
0.0
0.0
0.0
0.0
0.0
0.0
0.0
0.0
0.0
0.0
0.0
0.0
0.0
0.0
0.0
0.0
0.0
0.0
0.0
0.0
0.0
0.0
0.0
0.0
0.0
0.0
0.0
0.0
0.0
0.0
0.0
0.0
0.0
0.0
0.0
0.0
0.0
0.0
0.0
0.0
0.0
0.0
0.0
0.0
0.0
0.0
0.0
0.0
0.0
0.0
0.0
0.0
0.0
0.0
0.0
0.0
0.0
0.0
0.0
0.0
0.0
0.0
0.0
0.0
0.0
0.0
0.0
0.0
0.0
0.0
0.0
0.0
0.0
0.0
0.0
0.0
0.0
0.0
0.0
0.0
0.0
0.0
0.0
0.0
0.0
0.0
0.0
0.0
0.0
0.0
0.0
0.0
0.0
0.0
0.0
0.0
0.0
0.0
0.0
0.0
0.0
0.0
0.0
