0.0
0.0
0.0
0.0
0.0
0.0
0.0
0.0
0.0
0.0
0.0
0.0
0.0
0.0
0.0
0.0
0.0
0.0
0.0
0.0
0.0
0.0
0.0
0.0
0.0
0.0
0.0
0.0
0.0
0.0
0.0
0.0
0.0
0.0
0.0
0.0
0.0
0.0
0.0
0.0
0.0
0.0
0.0
0.0
0.0
0.0
0.0
0.0
0.0
0.0
0.0
0.0
0.0
0.0
0.0
0.0
0.0
0.0
0.0
0.0
0.0
0.0
0.0
0.0
0.0
0.0
0.0
0.0
0.0
0.0
0.0
0.0
0.0
0.0
0.0
0.0
0.0
0.0
0.0
0.0
0.0
0.0
0.0
0.0
0.0
0.0
0.0
0.0
0.0
0.0
0.0
0.0
0.0
0.0
0.0
0.0
0.0
0.0
0.0
0.0
0.0
0.0
0.0
0.0
0.0
0.0
0.0
0.0
0.0
0.0
0.0
0.0
0.0
0.0
0.0
0.0
0.0
0.0
0.21568627450980393
0.23529411764705888
0.0
0.0
0.0
0.0
0.0
0.0
0.0
0.0
0.0
0.0
0.0
0.0
0.0
0.0
0.0
0.0
0.0
0.0
0.0
0.0
0.0
0.0
0.0
0.0
0.0
0.0
0.9607843137254902
0.9607843137254902
0.6980392156862745
0.03137254901960784
0.0
0.0
0.0
0.0
0.0
0.0
0.0
0.0
0.0
0.0
0.0
0.0
0.0
0.0
0.0
0.0
0.0
0.0
0.0
0.0
0.0
0.0
0.0
0.0
1.0
0.9921568627450981
0.9921568627450981
0.07450980392156858
0.0
0.0
0.0
0.0
0.0
0.0
0.0
0.0
0.0
0.0
0.0
0.0
0.0
0.0
0.0
0.0
0.0
0.0
0.0
0.0
0.0
0.0
0.0
0.0
0.8117647058823529
0.9921568627450981
0.9921568627450981
0.07450980392156858
0.0
0.0
0.0
0.0
0.0
0.0
0.0
0.0
0.0
0.0
0.0
0.0
0.0
0.0
0.0
0.0
0.0
0.0
0.0
0.0
0.0
0.0
0.0
0.0
0.4901960784313726
0.9921568627450981
0.9921568627450981
0.07450980392156858
0.0
0.0
0.0
0.0
0.0
0.0
0.0
0.0
0.0
0.0
0.0
0.0
0.0
0.0
0.0
0.0
0.0
0.0
0.0
0.0
0.0
0.0
0.0
0.0
0.0862745098039216
0.9764705882352941
0.9921568627450981
0.4980392156862745
0.0
0.0
0.0
0.0
0.0
0.0
0.0
0.0
0.0
0.0
0.0
0.0
0.0
0.0
0.0
0.0
0.0
0.0
0.0
0.0
0.0
0.0
0.0
0.0
0.0
0.9725490196078431
0.9921568627450981
0.584313725490196
0.0
0.0
0.0
0.0
0.0
0.0
0.0
0.0
0.0
0.0
0.0
0.0
0.0
0.0
0.0
0.0
0.0
0.0
0.0
0.0
0.0
0.0
0.0
0.0
0.0
0.8392156862745098
0.9921568627450981
0.8980392156862745
0.07843137254901966
0.0
0.0
0.0
0.0
0.0
0.0
0.0
0.0
0.0
0.0
0.0
0.0
0.0
0.0
0.0
0.0
0.0
0.0
0.0
0.0
0.0
0.0
0.0
0.0
0.4627450980392157
0.9921568627450981
0.9921568627450981
0.2196078431372549
0.0
0.0
0.0
0.0
0.0
0.0
0.0
0.0
0.0
0.0
0.0
0.0
0.0
0.0
0.0
0.0
0.0
0.0
0.0
0.0
0.0
0.0
0.0
0.0
0.12941176470588234
0.9607843137254902
0.9921568627450981
0.607843137254902
0.0
0.0
0.0
0.0
0.0
0.0
0.0
0.0
0.0
0.0
0.0
0.019607843137254943
0.207843137254902
0.207843137254902
0.10196078431372546
0.0
0.0
0.0
0.0
0.0
0.0
0.0
0.0
0.0
0.0
0.8549019607843137
0.9921568627450981
0.8745098039215686
0.0862745098039216
0.0
0.0
0.0
0.0
0.0
0.0
0.03529411764705881
0.18039215686274512
0.18039215686274512
0.4980392156862745
0.7137254901960784
0.9921568627450981
0.9921568627450981
0.8352941176470589
0.0
0.0
0.0
0.0
0.0
0.0
0.0
0.0
0.0
0.0
0.4392156862745098
0.9921568627450981
0.9921568627450981
0.20392156862745103
0.0
0.0
0.0
0.0
0.11764705882352944
0.5215686274509803
0.7254901960784313
0.9921568627450981
0.9921568627450981
0.9921568627450981
0.9921568627450981
0.9921568627450981
0.9921568627450981
0.9921568627450981
0.0
0.0
0.0
0.0
0.0
0.0
0.0
0.0
0.0
0.0
0.1568627450980392
0.9450980392156862
0.9921568627450981
0.8666666666666667
0.6392156862745098
0.6392156862745098
0.6392156862745098
0.6392156862745098
0.9019607843137255
0.9921568627450981
0.9921568627450981
0.9921568627450981
0.9921568627450981
0.9921568627450981
0.9176470588235295
0.8392156862745098
0.35686274509803917
0.35686274509803917
0.0
0.0
0.0
0.0
0.0
0.0
0.0
0.0
0.0
0.0
0.0
0.8274509803921568
0.9843137254901961
0.9921568627450981
0.9921568627450981
0.9921568627450981
0.9921568627450981
0.9921568627450981
0.9921568627450981
0.9921568627450981
0.9215686274509804
0.8901960784313725
0.8235294117647058
0.3803921568627451
0.1568627450980392
0.0
0.0
0.0
0.0
0.0
0.0
0.0
0.0
0.0
0.0
0.0
0.0
0.0
0.0
0.0
0.5607843137254902
0.9843137254901961
0.9921568627450981
0.9921568627450981
0.9921568627450981
0.9921568627450981
0.9764705882352941
0.5450980392156863
0.12549019607843137
0.0
0.0
0.0
0.0
0.0
0.0
0.0
0.0
0.0
0.0
0.0
0.0
0.0
0.0
0.0
0.0
0.0
0.0
0.0
0.0
0.3803921568627451
0.43137254901960786
0.43137254901960786
0.43137254901960786
0.43137254901960786
0.33333333333333337
0.0
0.0
0.0
0.0
0.0
0.0
0.0
0.0
0.0
0.0
0.0
0.0
0.0
0.0
0.0
0.0
0.0
0.0
0.0
0.0
0.0
0.0
0.0
0.0
0.0
0.0
0.0
0.0
0.0
0.0
0.0
0.0
0.0
0.0
0.0
0.0
0.0
0.0
0.0
0.0
0.0
0.0
0.0
0.0
0.0
0.0
0.0
0.0
0.0
0.0
0.0
0.0
0.0
0.0
0.0
0.0
0.0
0.0
0.0
0.0
0.0
0.0
0.0
0.0
0.0
0.0
0.0
0.0
0.0
0.0
0.0
0.0
0.0
0.0
0.0
0.0
0.0
0.0
0.0
0.0
0.0
0.0
0.0
0.0
0.0
0.0
0.0
0.0
0.0
0.0
0.0
0.0
0.0
0.0
0.0
0.0
0.0
0.0
0.0
0.0
0.0
0.0
0.0
0.0
0.0
0.0
0.0
0.0
0.0
0.0
0.0
0.0
0.0
0.0
0.0
0.0
0.0
0.0
0.0
0.0
0.0
0.0
0.0
0.0
0.0
0.0
0.0
0.0
0.0
0.0
0.0
0.0
0.0
0.0
0.0
0.0
0.0
0.0
0.0
0.0
0.0
0.0
0.0
0.0
0.0
0.0
0.0
0.0
0.0
0.0
0.0
0.0
0.0
0.0
0.0
0.0
0.0
0.0
0.0
0.0
0.0
0.0
0.0
0.0
0.0
0.0
0.0
0.0
0.0
0.0
0.0
0.0
0.0
0.0
0.0
0.0
0.0
0.0
0.0
0.0
0.0
0.0
0.0
0.0
0.0
0.0
0.0
0.0
0.0
0.0
0.0
0.0
0.0
0.0
0.0
0.0
0.0
0.0
0.0
0.0
0.0
0.0
0.0
0.0
0.0
0.0
0.0
0.0
0.0
0.0
0.0
0.0
0.0
0.0
0.0
0.0
0.0
0.0
0.0
0.0
0.0
0.0
0.0
0.0
0.0
0.0
0.0
0.0
0.0
0.0
0.0
0.0
0.0
0.0
0.0
