0.0
0.0
0.0
0.0
0.0
0.0
0.0
0.0
0.0
0.0
0.0
0.0
0.0
0.0
0.0
0.0
0.0
0.0
0.0
0.0
0.0
0.0
0.0
0.0
0.0
0.0
0.0
0.0
0.0
0.0
0.0
0.0
0.0
0.0
0.0
0.0
0.0
0.0
0.0
0.0
0.0
0.0
0.0
0.0
0.0
0.0
0.0
0.0
0.0
0.0
0.0
0.0
0.0
0.0
0.0
0.0
0.0
0.0
0.0
0.0
0.0
0.0
0.0
0.0
0.0
0.0
0.0
0.0
0.0
0.0
0.0
0.0
0.0
0.0
0.0
0.0
0.0
0.0
0.0
0.0
0.0
0.0
0.0
0.0
0.0
0.0
0.0
0.0
0.0
0.0
0.0
0.0
0.0
0.0
0.0
0.0
0.0
0.0
0.0
0.0
0.0
0.0
0.0
0.0
0.0
0.0
0.0
0.0
0.0
0.0
0.0
0.0
0.0
0.0
0.0
0.0
0.0
0.0
0.0
0.0
0.0
0.0
0.0
0.0
0.0
0.0
0.0
0.02352941176470591
0.07058823529411762
0.2784313725490196
0.5333333333333333
0.5333333333333333
0.2313725490196078
0.019607843137254943
0.0
0.0
0.0
0.0
0.0
0.0
0.0
0.0
0.0
0.0
0.0
0.0
0.0
0.0
0.0
0.0
0.0
0.0
0.0
0.16470588235294115
0.603921568627451
0.7215686274509804
0.9921568627450981
0.9921568627450981
0.9921568627450981
0.9921568627450981
0.9921568627450981
0.7098039215686274
0.19215686274509802
0.0
0.0
0.0
0.0
0.0
0.0
0.0
0.0
0.0
0.0
0.0
0.0
0.0
0.0
0.0
0.0
0.007843137254901933
0.2549019607843137
0.8745098039215686
0.9921568627450981
0.9921568627450981
0.9921568627450981
0.9921568627450981
0.9921568627450981
0.9921568627450981
0.9921568627450981
0.9921568627450981
0.8901960784313725
0.19215686274509802
0.0
0.0
0.0
0.0
0.0
0.0
0.0
0.0
0.0
0.0
0.0
0.0
0.0
0.0
0.25098039215686274
0.7294117647058824
0.9921568627450981
0.9921568627450981
0.9921568627450981
0.9921568627450981
0.8901960784313725
0.7137254901960784
0.8588235294117648
0.9921568627450981
0.9921568627450981
0.9921568627450981
0.9921568627450981
0.8941176470588236
0.18039215686274512
0.0
0.0
0.0
0.0
0.0
0.0
0.0
0.0
0.0
0.0
0.0
0.0
0.4509803921568627
0.9725490196078431
0.9921568627450981
0.9921568627450981
0.9921568627450981
0.6392156862745098
0.1843137254901961
0.11372549019607847
0.0
0.09411764705882353
0.1843137254901961
0.5490196078431373
0.9921568627450981
0.9921568627450981
0.9921568627450981
0.5294117647058824
0.0
0.0
0.0
0.0
0.0
0.0
0.0
0.0
0.0
0.0
0.0
0.44705882352941173
0.9725490196078431
0.9921568627450981
0.9921568627450981
0.9529411764705882
0.5450980392156863
0.4666666666666667
0.4666666666666667
0.07450980392156858
0.0
0.0
0.0
0.02352941176470591
0.5529411764705883
0.9921568627450981
0.9921568627450981
0.9411764705882353
0.0
0.0
0.0
0.0
0.0
0.0
0.0
0.0
0.0
0.0
0.11372549019607847
0.8666666666666667
0.9921568627450981
0.9921568627450981
0.9725490196078431
0.2431372549019608
0.611764705882353
0.5254901960784314
0.0
0.0
0.0
0.0
0.0
0.0
0.25098039215686274
0.9882352941176471
0.9921568627450981
0.9921568627450981
0.0
0.0
0.0
0.0
0.0
0.0
0.0
0.0
0.0
0.015686274509803977
0.7019607843137254
0.9921568627450981
0.9921568627450981
0.9529411764705882
0.28627450980392155
0.0
0.0
0.0
0.0
0.0
0.0
0.0
0.0
0.0
0.027450980392156876
0.807843137254902
0.9921568627450981
0.9921568627450981
0.0
0.0
0.0
0.0
0.0
0.0
0.0
0.0
0.0
0.21568627450980393
0.9921568627450981
0.9921568627450981
0.9921568627450981
0.5019607843137255
0.1725490196078432
0.0
0.0
0.0
0.0
0.0
0.0
0.0
0.0
0.0
0.2588235294117647
0.9921568627450981
0.9921568627450981
0.9921568627450981
0.0
0.0
0.0
0.0
0.0
0.0
0.0
0.0
0.019607843137254943
0.6941176470588235
0.9921568627450981
0.9921568627450981
0.803921568627451
0.0862745098039216
0.0
0.0
0.0
0.0
0.0
0.0
0.0
0.0
0.0
0.0
0.3647058823529412
0.9921568627450981
0.9921568627450981
0.6666666666666667
0.0
0.0
0.0
0.0
0.0
0.0
0.0
0.0
0.21176470588235297
0.9921568627450981
0.9921568627450981
0.9921568627450981
0.1843137254901961
0.0
0.0
0.0
0.0
0.0
0.0
0.0
0.0
0.0
0.0
0.0
0.7176470588235294
0.9921568627450981
0.9921568627450981
0.5294117647058824
0.0
0.0
0.0
0.0
0.0
0.0
0.0
0.0
0.5333333333333333
0.9921568627450981
0.9921568627450981
0.7568627450980392
0.03137254901960784
0.0
0.0
0.0
0.0
0.0
0.0
0.0
0.0
0.0
0.0
0.33333333333333337
0.9490196078431372
0.9921568627450981
0.8470588235294118
0.11764705882352944
0.0
0.0
0.0
0.0
0.0
0.0
0.0
0.0
0.9568627450980393
0.9921568627450981
0.9921568627450981
0.8392156862745098
0.603921568627451
0.10196078431372546
0.0
0.0
0.0
0.0
0.0
0.0
0.0
0.0
0.3137254901960784
0.9647058823529412
0.9921568627450981
0.9921568627450981
0.39607843137254906
0.0
0.0
0.0
0.0
0.0
0.0
0.0
0.0
0.0
0.996078431372549
0.9921568627450981
0.9921568627450981
0.9921568627450981
0.6666666666666667
0.03137254901960784
0.0
0.0
0.0
0.0
0.0
0.0
0.02352941176470591
0.30980392156862746
0.9843137254901961
0.9921568627450981
0.9607843137254902
0.6431372549019607
0.0039215686274509665
0.0
0.0
0.0
0.0
0.0
0.0
0.0
0.0
0.0
1.0
0.9921568627450981
0.9921568627450981
0.9921568627450981
0.9921568627450981
0.8196078431372549
0.08235294117647063
0.0
0.0
0.0
0.0
0.0980392156862745
0.7215686274509804
0.9921568627450981
0.9921568627450981
0.9725490196078431
0.2431372549019608
0.0
0.0
0.0
0.0
0.0
0.0
0.0
0.0
0.0
0.0
0.0
0.6941176470588235
0.9921568627450981
0.9921568627450981
0.9921568627450981
0.9921568627450981
0.9921568627450981
0.8117647058823529
0.18823529411764706
0.1568627450980392
0.23921568627450984
0.6509803921568628
0.9372549019607843
0.9921568627450981
0.9921568627450981
0.9725490196078431
0.44313725490196076
0.0
0.0
0.0
0.0
0.0
0.0
0.0
0.0
0.0
0.0
0.0
0.0
0.18039215686274512
0.8941176470588236
0.9921568627450981
0.9921568627450981
0.9921568627450981
0.9921568627450981
0.9921568627450981
0.9921568627450981
0.9490196078431372
0.9098039215686274
0.9921568627450981
0.9921568627450981
0.9921568627450981
0.9803921568627451
0.6509803921568628
0.0
0.0
0.0
0.0
0.0
0.0
0.0
0.0
0.0
0.0
0.0
0.0
0.0
0.0
0.19215686274509802
0.8901960784313725
0.9921568627450981
0.9921568627450981
0.9921568627450981
0.9921568627450981
0.9921568627450981
0.9921568627450981
0.9921568627450981
0.9921568627450981
0.9921568627450981
0.9921568627450981
0.21176470588235297
0.0
0.0
0.0
0.0
0.0
0.0
0.0
0.0
0.0
0.0
0.0
0.0
0.0
0.0
0.0
0.0
0.19215686274509802
0.8941176470588236
0.9921568627450981
0.9921568627450981
0.9921568627450981
0.9921568627450981
0.9921568627450981
0.9921568627450981
0.9921568627450981
0.9921568627450981
0.8196078431372549
0.0117647058823529
0.0
0.0
0.0
0.0
0.0
0.0
0.0
0.0
0.0
0.0
0.0
0.0
0.0
0.0
0.0
0.0
0.0
0.18039215686274512
0.5294117647058824
0.33725490196078434
0.06666666666666665
0.06666666666666665
0.06666666666666665
0.06666666666666665
0.06666666666666665
0.06666666666666665
0.039215686274509776
0.0
0.0
0.0
0.0
0.0
0.0
0.0
0.0
0.0
0.0
0.0
0.0
0.0
0.0
0.0
0.0
0.0
0.0
0.0
0.0
0.0
0.0
0.0
0.0
0.0
0.0
0.0
0.0
0.0
0.0
0.0
0.0
0.0
0.0
0.0
0.0
0.0
0.0
0.0
0.0
0.0
0.0
0.0
0.0
0.0
0.0
0.0
0.0
0.0
0.0
0.0
0.0
0.0
0.0
0.0
0.0
0.0
0.0
0.0
0.0
0.0
0.0
0.0
0.0
0.0
0.0
0.0
0.0
0.0
0.0
0.0
0.0
0.0
0.0
0.0
0.0
0.0
0.0
0.0
0.0
0.0
0.0
0.0
0.0
0.0
0.0
0.0
0.0
0.0
0.0
0.0
0.0
0.0
0.0
0.0
0.0
0.0
0.0
0.0
0.0
0.0
0.0
0.0
0.0
0.0
0.0
0.0
0.0
0.0
0.0
0.0
0.0
0.0
0.0
0.0
0.0
0.0
0.0
0.0
0.0
0.0
0.0
