0.0
0.0
0.0
0.0
0.0
0.0
0.0
0.0
0.0
0.0
0.0
0.0
0.0
0.0
0.0
0.0
0.0
0.0
0.0
0.0
0.0
0.0
0.0
0.0
0.0
0.0
0.0
0.0
0.0
0.0
0.0
0.0
0.0
0.0
0.0
0.0
0.0
0.0
0.0
0.0
0.0
0.0
0.0
0.0
0.0
0.0
0.0
0.0
0.0
0.0
0.0
0.0
0.0
0.0
0.0
0.0
0.0
0.0
0.0
0.0
0.0
0.0
0.0
0.0
0.0
0.0
0.0
0.0
0.0
0.0
0.0
0.0
0.0
0.0
0.0
0.0
0.0
0.0
0.0
0.0
0.0
0.0
0.0
0.0
0.0
0.0
0.0
0.0
0.0
0.0
0.0
0.0
0.0
0.0
0.0
0.0
0.0
0.0
0.0
0.0
0.0
0.0
0.0
0.0
0.0
0.0
0.0
0.0
0.0
0.0
0.0
0.0
0.0
0.0
0.0
0.0
0.0
0.0
0.0
0.0
0.0
0.0
0.0
0.0
0.0
0.0
0.0
0.0
0.0
0.0
0.0
0.0
0.0
0.0
0.0
0.0
0.0
0.0
0.0
0.0
0.0
0.0
0.0
0.0
0.0
0.0
0.0
0.0
0.0
0.0
0.039215686274509776
0.06666666666666665
0.06666666666666665
0.0039215686274509665
0.0
0.0
0.0
0.0
0.0
0.0
0.0
0.0
0.0
0.0
0.0
0.0
0.0
0.0
0.0
0.0
0.0
0.0
0.0
0.0
0.0
0.0
0.015686274509803977
0.3686274509803922
0.8352941176470589
0.9921568627450981
0.9921568627450981
0.6392156862745098
0.03137254901960784
0.0
0.0
0.0
0.0
0.0
0.0
0.0
0.0
0.0
0.0
0.0
0.0
0.0
0.0
0.0
0.0
0.0
0.0
0.0
0.0
0.0
0.5529411764705883
0.9921568627450981
0.9607843137254902
0.5725490196078431
0.9215686274509804
0.9921568627450981
0.47058823529411764
0.0
0.0
0.0
0.0
0.0
0.0
0.0
0.0
0.0
0.0
0.0
0.0
0.0
0.0
0.0
0.0
0.0
0.0
0.0
0.0
0.3137254901960784
0.9568627450980393
0.9607843137254902
0.33333333333333337
0.0
0.4117647058823529
0.9882352941176471
0.7960784313725491
0.0
0.0
0.0
0.0
0.0
0.0
0.0
0.0
0.0
0.0
0.0
0.0
0.0
0.0
0.0
0.0
0.0
0.0
0.0
0.25098039215686274
0.9568627450980393
0.9607843137254902
0.33333333333333337
0.0
0.0
0.0
0.9607843137254902
0.9803921568627451
0.14901960784313728
0.0
0.0
0.0
0.0
0.0
0.0
0.0
0.0
0.0
0.0
0.0
0.0
0.0
0.0
0.0
0.0
0.0
0.039215686274509776
0.8352941176470589
0.9921568627450981
0.3764705882352941
0.0
0.0
0.0
0.0
0.6823529411764706
0.996078431372549
0.4666666666666667
0.0
0.0
0.0
0.0
0.0
0.0
0.0
0.0
0.0
0.0
0.0
0.0
0.0
0.0
0.0
0.0
0.0
0.5411764705882354
0.9921568627450981
0.6862745098039216
0.019607843137254943
0.0
0.0
0.0
0.0
0.45882352941176474
0.996078431372549
0.603921568627451
0.0
0.0
0.04313725490196074
0.5254901960784314
0.6509803921568628
0.8156862745098039
0.4117647058823529
0.0
0.0
0.0
0.0
0.0
0.0
0.0
0.0
0.0
0.12549019607843137
0.9725490196078431
0.9647058823529412
0.2823529411764706
0.0
0.0
0.0
0.0
0.0
0.32156862745098036
0.996078431372549
0.603921568627451
0.0
0.0
0.6588235294117647
0.9921568627450981
0.9254901960784314
0.9647058823529412
0.9725490196078431
0.22745098039215683
0.0
0.0
0.0
0.0
0.0
0.0
0.0
0.0
0.5607843137254902
0.9921568627450981
0.48235294117647054
0.0
0.0
0.0
0.0
0.0
0.0
0.11372549019607847
0.996078431372549
0.603921568627451
0.0
0.5372549019607843
0.9843137254901961
0.7607843137254902
0.1686274509803921
0.29803921568627456
0.9725490196078431
0.8705882352941177
0.0
0.0
0.0
0.0
0.0
0.0
0.0
0.0
0.8941176470588236
0.8352941176470589
0.08235294117647063
0.0
0.0
0.0
0.0
0.0
0.0
0.0
1.0
0.8274509803921568
0.4392156862745098
0.996078431372549
0.6549019607843137
0.05490196078431375
0.0
0.0
0.9333333333333333
0.996078431372549
0.0
0.0
0.0
0.0
0.0
0.0
0.0
0.0
0.8705882352941177
0.8588235294117648
0.10196078431372546
0.23921568627450984
0.7058823529411764
0.23921568627450984
0.0
0.0
0.0
0.0
0.9725490196078431
0.9921568627450981
0.9921568627450981
0.7529411764705882
0.05490196078431375
0.0
0.0
0.1843137254901961
0.9725490196078431
0.7607843137254902
0.0
0.0
0.0
0.0
0.0
0.0
0.0
0.0
0.2784313725490196
0.2549019607843137
0.1686274509803921
0.9333333333333333
0.9921568627450981
0.7176470588235294
0.0
0.0
0.0
0.0
0.7058823529411764
0.9921568627450981
0.7843137254901961
0.05882352941176472
0.0
0.0
0.0
0.39607843137254906
0.9921568627450981
0.43529411764705883
0.0
0.0
0.0
0.0
0.0
0.0
0.0
0.0
0.0
0.0
0.41960784313725485
0.9921568627450981
0.5764705882352941
0.18039215686274512
0.0
0.0
0.0
0.5372549019607843
0.996078431372549
0.9921568627450981
0.7176470588235294
0.0
0.0
0.0
0.03137254901960784
0.8392156862745098
0.9921568627450981
0.207843137254902
0.0
0.0
0.0
0.0
0.0
0.0
0.0
0.0
0.0
0.0
0.41960784313725485
0.9921568627450981
0.19215686274509802
0.0
0.0
0.04313725490196074
0.6588235294117647
0.9843137254901961
0.7803921568627451
0.9450980392156862
0.9725490196078431
0.23529411764705888
0.0
0.0
0.5333333333333333
0.9921568627450981
0.7058823529411764
0.007843137254901933
0.0
0.0
0.0
0.0
0.0
0.0
0.0
0.0
0.0
0.0
0.2549019607843137
0.9921568627450981
0.5529411764705883
0.196078431372549
0.44313725490196076
0.8745098039215686
0.9921568627450981
0.7607843137254902
0.05490196078431375
0.3764705882352941
0.9921568627450981
0.8784313725490196
0.2549019607843137
0.42352941176470593
0.9725490196078431
0.9921568627450981
0.11372549019607847
0.0
0.0
0.0
0.0
0.0
0.0
0.0
0.0
0.0
0.0
0.0
0.015686274509803977
0.7960784313725491
0.9921568627450981
0.9921568627450981
0.9921568627450981
0.9333333333333333
0.2705882352941177
0.04705882352941182
0.0
0.0117647058823529
0.592156862745098
0.9921568627450981
0.9921568627450981
0.9921568627450981
0.9411764705882353
0.2901960784313725
0.007843137254901933
0.0
0.0
0.0
0.0
0.0
0.0
0.0
0.0
0.0
0.0
0.0
0.0
0.11764705882352944
0.6745098039215687
0.7333333333333334
0.4901960784313726
0.07058823529411762
0.0
0.0
0.0
0.0
0.04313725490196074
0.4901960784313726
0.9411764705882353
0.5450980392156863
0.07450980392156858
0.0
0.0
0.0
0.0
0.0
0.0
0.0
0.0
0.0
0.0
0.0
0.0
0.0
0.0
0.0
0.0
0.0
0.0
0.0
0.0
0.0
0.0
0.0
0.0
0.0
0.050980392156862786
0.0117647058823529
0.0
0.0
0.0
0.0
0.0
0.0
0.0
0.0
0.0
0.0
0.0
0.0
0.0
0.0
0.0
0.0
0.0
0.0
0.0
0.0
0.0
0.0
0.0
0.0
0.0
0.0
0.0
0.0
0.0
0.0
0.0
0.0
0.0
0.0
0.0
0.0
0.0
0.0
0.0
0.0
0.0
0.0
0.0
0.0
0.0
0.0
0.0
0.0
0.0
0.0
0.0
0.0
0.0
0.0
0.0
0.0
0.0
0.0
0.0
0.0
0.0
0.0
0.0
0.0
0.0
0.0
0.0
0.0
0.0
0.0
0.0
0.0
0.0
0.0
0.0
0.0
0.0
0.0
0.0
0.0
0.0
0.0
0.0
0.0
0.0
0.0
0.0
0.0
0.0
0.0
0.0
0.0
0.0
0.0
0.0
0.0
0.0
0.0
0.0
0.0
0.0
0.0
0.0
0.0
0.0
0.0
0.0
0.0
0.0
0.0
0.0
0.0
0.0
0.0
0.0
0.0
0.0
0.0
0.0
0.0
0.0
0.0
0.0
0.0
0.0
0.0
0.0
0.0
0.0
0.0
0.0
0.0
0.0
0.0
0.0
0.0
0.0
0.0
0.0
0.0
0.0
0.0
0.0
0.0
0.0
0.0
0.0
0.0
