0.0
0.0
0.0
0.0
0.0
0.0
0.0
0.0
0.0
0.0
0.0
0.0
0.0
0.0
0.0
0.0
0.0
0.0
0.0
0.0
0.0
0.0
0.0
0.0
0.0
0.0
0.0
0.0
0.0
0.0
0.0
0.0
0.0
0.0
0.0
0.0
0.0
0.0
0.0
0.0
0.0
0.0
0.0
0.0
0.0
0.0
0.0
0.0
0.0
0.0
0.0
0.0
0.0
0.0
0.0
0.0
0.0
0.0
0.0
0.0
0.0
0.0
0.0
0.0
0.0
0.0
0.0
0.0
0.0
0.0
0.0
0.0
0.0
0.0
0.0
0.0
0.0
0.0
0.0
0.0
0.0
0.0
0.0
0.0
0.0
0.0
0.0
0.0
0.0
0.0
0.0
0.0
0.0
0.0
0.0
0.0
0.0
0.0
0.0
0.0
0.0
0.0
0.0
0.0
0.0
0.0
0.0
0.0
0.0
0.0
0.0
0.0
0.0
0.0
0.0
0.0
0.0
0.0
0.0
0.0
0.0
0.0
0.0
0.0
0.0
0.0
0.0
0.0
0.0
0.0
0.3686274509803922
0.4274509803921569
0.4274509803921569
0.43137254901960786
0.4274509803921569
0.3686274509803922
0.0
0.0
0.0
0.0
0.0
0.0
0.0
0.0
0.0
0.0
0.0
0.0
0.0
0.0
0.0
0.0
0.0
0.0
0.0
0.0
0.0
0.12549019607843137
0.8901960784313725
0.9882352941176471
0.9882352941176471
0.9921568627450981
0.9882352941176471
0.9686274509803922
0.5254901960784314
0.0
0.0
0.0
0.0
0.0
0.0
0.0
0.0
0.0
0.207843137254902
0.7098039215686274
0.7098039215686274
0.0
0.0
0.0
0.0
0.0
0.0
0.0
0.0
0.8313725490196078
0.9882352941176471
0.9882352941176471
0.9882352941176471
0.9921568627450981
0.9882352941176471
0.9882352941176471
0.9882352941176471
0.0
0.0
0.0
0.0
0.0
0.0
0.0
0.0
0.0
0.28627450980392155
0.9882352941176471
0.9882352941176471
0.0
0.0
0.0
0.0
0.0
0.0
0.0
0.0
0.42352941176470593
0.42352941176470593
0.8274509803921568
0.9882352941176471
0.9921568627450981
0.9882352941176471
0.9882352941176471
0.9882352941176471
0.0
0.0
0.0
0.0
0.0
0.0
0.0
0.0
0.0
0.8509803921568627
0.9882352941176471
0.9882352941176471
0.0
0.0
0.0
0.0
0.0
0.12549019607843137
0.1215686274509804
0.0
0.0
0.0
0.14509803921568631
0.9882352941176471
0.9921568627450981
0.9882352941176471
0.9882352941176471
0.9882352941176471
0.0
0.0
0.0
0.0
0.0
0.0
0.0
0.0
0.3686274509803922
0.9686274509803922
0.9882352941176471
0.9882352941176471
0.0
0.0
0.0
0.0
0.12549019607843137
0.8117647058823529
0.8901960784313725
0.3647058823529412
0.0
0.0
0.019607843137254943
0.13725490196078427
0.7058823529411764
0.9490196078431372
0.9882352941176471
0.9882352941176471
0.0
0.0
0.0
0.0
0.0
0.0
0.0
0.0
0.4274509803921569
0.9882352941176471
0.9882352941176471
0.9882352941176471
0.0
0.0
0.0
0.0
0.4274509803921569
0.9882352941176471
0.9882352941176471
0.42352941176470593
0.0
0.0
0.0
0.0
0.0
0.7294117647058824
0.9450980392156862
0.9882352941176471
0.0
0.0
0.0
0.0
0.0
0.0
0.0
0.0
0.7490196078431373
0.9882352941176471
0.9882352941176471
0.9882352941176471
0.0
0.0
0.0
0.0
0.4274509803921569
0.9882352941176471
0.9058823529411765
0.18039215686274512
0.0
0.0
0.0
0.0
0.0
0.0
0.38431372549019605
0.9882352941176471
0.0
0.0
0.0
0.0
0.0
0.0
0.0
0.0
0.5686274509803921
0.9333333333333333
0.9921568627450981
0.7490196078431373
0.0
0.0
0.0
0.0
1.0
0.9921568627450981
0.8509803921568627
0.0
0.0
0.0
0.0
0.0
0.0
0.0
0.0
0.5686274509803921
0.0
0.0
0.0
0.0
0.0
0.0
0.0
0.0
0.0
0.8509803921568627
0.9882352941176471
0.42352941176470593
0.0
0.0
0.0
0.0
0.9921568627450981
0.9882352941176471
0.35686274509803917
0.0
0.0
0.0
0.0
0.0
0.0
0.0
0.0
0.07843137254901966
0.0
0.0
0.0
0.0
0.0
0.0
0.0
0.0
0.06274509803921569
0.8705882352941177
0.9882352941176471
0.42352941176470593
0.0
0.0
0.02352941176470591
0.47058823529411764
0.9921568627450981
0.9882352941176471
0.2784313725490196
0.0
0.0
0.0
0.0
0.0
0.0
0.0
0.0
0.08235294117647063
0.0
0.0
0.0
0.0
0.0
0.0
0.0
0.0
0.4274509803921569
0.9882352941176471
0.9058823529411765
0.18039215686274512
0.0
0.0
0.14509803921568631
0.9882352941176471
0.9921568627450981
0.9882352941176471
0.2784313725490196
0.0
0.0
0.0
0.0
0.0
0.0
0.0
0.0
0.5647058823529412
0.0
0.0
0.0
0.0
0.0
0.0
0.0
0.0
0.43137254901960786
0.9921568627450981
0.603921568627451
0.0
0.0
0.12549019607843137
0.8313725490196078
0.9921568627450981
1.0
0.9921568627450981
0.2823529411764706
0.0
0.0
0.0
0.0
0.0
0.0
0.0
0.388235294117647
0.9921568627450981
0.0
0.0
0.0
0.0
0.0
0.0
0.0
0.0
0.9137254901960784
0.9882352941176471
0.2784313725490196
0.0
0.0
0.4509803921568627
0.9882352941176471
0.9882352941176471
0.9921568627450981
0.9882352941176471
0.2784313725490196
0.0
0.0
0.0
0.0
0.0
0.0
0.24705882352941178
0.9490196078431372
0.9882352941176471
0.0
0.0
0.0
0.0
0.0
0.0
0.0
0.0
0.9921568627450981
0.9882352941176471
0.2784313725490196
0.0
0.06274509803921569
0.8705882352941177
0.9882352941176471
0.9882352941176471
0.9921568627450981
0.9882352941176471
0.2784313725490196
0.0
0.0
0.0
0.0
0.0
0.06274509803921569
0.7098039215686274
0.9882352941176471
0.9882352941176471
0.0
0.0
0.0
0.0
0.0
0.0
0.0
0.0
0.6666666666666667
0.9882352941176471
0.2784313725490196
0.0039215686274509665
0.7490196078431373
0.9882352941176471
0.9882352941176471
0.6588235294117647
0.9921568627450981
0.9882352941176471
0.603921568627451
0.0
0.0
0.4901960784313726
0.4901960784313726
0.3294117647058824
0.7490196078431373
0.9882352941176471
0.580392156862745
0.42352941176470593
0.0
0.0
0.0
0.0
0.0
0.0
0.0
0.0
0.43137254901960786
0.9921568627450981
0.584313725490196
0.4274509803921569
0.9921568627450981
0.9921568627450981
0.2823529411764706
0.0
0.24705882352941178
0.9333333333333333
0.9921568627450981
0.9921568627450981
1.0
0.9921568627450981
0.9921568627450981
0.9921568627450981
1.0
0.7058823529411764
0.0
0.0
0.0
0.0
0.0
0.0
0.0
0.0
0.0
0.0
0.4274509803921569
0.9882352941176471
0.9882352941176471
0.9882352941176471
0.8627450980392157
0.3803921568627451
0.19999999999999996
0.0
0.0
0.11764705882352944
0.5411764705882354
0.7019607843137254
0.7058823529411764
0.5411764705882354
0.2196078431372549
0.7019607843137254
0.4666666666666667
0.0980392156862745
0.0
0.0
0.0
0.0
0.0
0.0
0.0
0.0
0.0
0.0
0.1215686274509804
0.8901960784313725
0.9882352941176471
0.9882352941176471
0.16078431372549018
0.0
0.0
0.0
0.0
0.0
0.0
0.0
0.0
0.0
0.0
0.0
0.0
0.0
0.0
0.0
0.0
0.0
0.0
0.0
0.0
0.0
0.0
0.0
0.0
0.3647058823529412
0.42352941176470593
0.42352941176470593
0.0
0.0
0.0
0.0
0.0
0.0
0.0
0.0
0.0
0.0
0.0
0.0
0.0
0.0
0.0
0.0
0.0
0.0
0.0
0.0
0.0
0.0
0.0
0.0
0.0
0.0
0.0
0.0
0.0
0.0
0.0
0.0
0.0
0.0
0.0
0.0
0.0
0.0
0.0
0.0
0.0
0.0
0.0
0.0
0.0
0.0
0.0
0.0
0.0
0.0
0.0
0.0
0.0
0.0
0.0
0.0
0.0
0.0
0.0
0.0
0.0
0.0
0.0
0.0
0.0
0.0
0.0
0.0
0.0
0.0
0.0
0.0
0.0
0.0
0.0
0.0
0.0
0.0
0.0
0.0
0.0
0.0
0.0
0.0
0.0
0.0
0.0
0.0
0.0
0.0
0.0
0.0
0.0
0.0
0.0
0.0
0.0
0.0
0.0
0.0
0.0
0.0
0.0
0.0
0.0
0.0
0.0
0.0
0.0
0.0
0.0
0.0
0.0
0.0
0.0
0.0
0.0
0.0
0.0
0.0
0.0
0.0
0.0
0.0
0.0
0.0
0.0
0.0
0.0
0.0
0.0
