0.0
0.0
0.0
0.0
0.0
0.0
0.0
0.0
0.0
0.0
0.0
0.0
0.0
0.0
0.0
0.0
0.0
0.0
0.0
0.0
0.0
0.0
0.0
0.0
0.0
0.0
0.0
0.0
0.0
0.0
0.0
0.0
0.0
0.0
0.0
0.0
0.0
0.0
0.0
0.0
0.0
0.0
0.0
0.0
0.0
0.0
0.0
0.0
0.0
0.0
0.0
0.0
0.0
0.0
0.0
0.0
0.0
0.0
0.0
0.0
0.0
0.0
0.0
0.0
0.0
0.0
0.0
0.0
0.0
0.0
0.0
0.0
0.0
0.0
0.0
0.0
0.0
0.0
0.0
0.0
0.0
0.0
0.0
0.0
0.0
0.0
0.0
0.0
0.0
0.0
0.0
0.0
0.0
0.0
0.0
0.0
0.0
0.0
0.0
0.0
0.0
0.0
0.0
0.0
0.0
0.0
0.0
0.0
0.0
0.0
0.0
0.0
0.0
0.0
0.0
0.0
0.0
0.0
0.0
0.0
0.0
0.0
0.0
0.0
0.0
0.0
0.0
0.0
0.0
0.0
0.0
0.0
0.0
0.0
0.0
0.0
0.0
0.0
0.0
0.0
0.0
0.0
0.0
0.0
0.0
0.0
0.0
0.0
0.0
0.0
0.0
0.0
0.0
0.0
0.0
0.0
0.0
0.0
0.0
0.0
0.0
0.0
0.0
0.0
0.0
0.0
0.0
0.0
0.0
0.0
0.0
0.0
0.0
0.0
0.0
0.0
0.0
0.0
0.06666666666666665
0.0980392156862745
0.0980392156862745
0.0980392156862745
0.05882352941176472
0.0
0.0
0.0
0.0
0.0
0.0
0.0
0.0
0.0
0.0
0.0
0.0
0.0
0.0
0.0
0.0
0.0
0.0
0.0
0.0
0.0
0.0
0.16078431372549018
0.8705882352941177
0.9921568627450981
0.9254901960784314
0.9921568627450981
0.611764705882353
0.0
0.0
0.0
0.0
0.0
0.0
0.0
0.0
0.0
0.0
0.0
0.0
0.0
0.0
0.0
0.0
0.0
0.0
0.0
0.0
0.0
0.019607843137254943
0.6901960784313725
0.9921568627450981
0.7411764705882353
0.1725490196078432
0.803921568627451
0.584313725490196
0.0
0.0
0.0
0.0
0.0
0.0
0.0
0.0
0.0
0.0
0.0
0.0
0.0
0.0
0.0
0.0
0.0
0.0
0.0
0.0
0.0
0.0980392156862745
0.9921568627450981
0.8549019607843137
0.08235294117647063
0.0
0.2941176470588235
0.3176470588235294
0.0
0.0
0.0
0.0
0.0
0.0
0.0
0.0
0.0
0.0
0.0
0.0
0.0
0.0
0.0
0.0
0.0
0.0
0.0
0.0
0.039215686274509776
0.7803921568627451
0.9921568627450981
0.44313725490196076
0.0
0.0
0.0
0.7647058823529411
0.207843137254902
0.0
0.0
0.0
0.0
0.0
0.0
0.0
0.0
0.0
0.26274509803921564
0.7411764705882353
0.0
0.0
0.0
0.0
0.0
0.0
0.0
0.0
0.207843137254902
0.9921568627450981
0.9921568627450981
0.3294117647058824
0.0
0.0
0.0
0.8549019607843137
0.7098039215686274
0.015686274509803977
0.0
0.0
0.0
0.0
0.0
0.0980392156862745
0.49411764705882355
0.580392156862745
0.9764705882352941
0.9921568627450981
0.0
0.0
0.0
0.0
0.0
0.0
0.0
0.0
0.5215686274509803
0.9921568627450981
0.8705882352941177
0.04705882352941182
0.0
0.0
0.0
0.8549019607843137
0.8274509803921568
0.027450980392156876
0.0
0.0
0.0
0.0
0.09411764705882353
0.7843137254901961
0.9921568627450981
0.9921568627450981
0.9921568627450981
0.8117647058823529
0.0
0.0
0.0
0.0
0.0
0.0
0.0
0.0
0.9529411764705882
0.9921568627450981
0.8509803921568627
0.0
0.0
0.0
0.0
0.26274509803921564
0.3254901960784313
0.0
0.0
0.0
0.0
0.08235294117647063
0.788235294117647
0.9921568627450981
0.8509803921568627
0.7686274509803921
0.5647058823529412
0.29803921568627456
0.0
0.0
0.0
0.0
0.0
0.0
0.0
0.0
0.996078431372549
0.9921568627450981
0.8509803921568627
0.0
0.0
0.0
0.16078431372549018
0.6549019607843137
0.3176470588235294
0.0
0.0
0.0
0.07058823529411762
0.8
0.9921568627450981
0.6274509803921569
0.11764705882352944
0.02352941176470591
0.0
0.0
0.0
0.0
0.0
0.0
0.0
0.0
0.0
0.0
0.7764705882352941
0.996078431372549
0.3803921568627451
0.0
0.0
0.0
0.33725490196078434
0.996078431372549
0.09411764705882353
0.0
0.027450980392156876
0.592156862745098
0.996078431372549
0.996078431372549
0.5098039215686274
0.0
0.0
0.0
0.0
0.0
0.0
0.0
0.0
0.0
0.0
0.0
0.0
0.0
0.9529411764705882
0.9921568627450981
0.6470588235294117
0.0
0.0
0.0
0.33333333333333337
0.9921568627450981
0.40784313725490196
0.5490196078431373
0.7960784313725491
0.9921568627450981
0.9803921568627451
0.580392156862745
0.1215686274509804
0.0
0.0
0.0
0.0
0.0
0.0
0.0
0.0
0.0
0.0
0.0
0.0
0.0
0.2313725490196078
0.9921568627450981
0.8705882352941177
0.11764705882352944
0.0
0.0
0.403921568627451
0.9921568627450981
0.9921568627450981
0.9921568627450981
0.996078431372549
0.9098039215686274
0.5019607843137255
0.0
0.0
0.0
0.0
0.0
0.0
0.0
0.0
0.0
0.0
0.0
0.0
0.0
0.0
0.0
0.019607843137254943
0.6196078431372549
0.9921568627450981
0.9294117647058824
0.2823529411764706
0.05490196078431375
0.8431372549019608
0.9921568627450981
0.9921568627450981
0.9921568627450981
0.8745098039215686
0.14117647058823535
0.0
0.0
0.0
0.0
0.0
0.0
0.0
0.0
0.0
0.0
0.0
0.0
0.0
0.0
0.0
0.0
0.0
0.027450980392156876
0.3529411764705882
0.9137254901960784
0.8117647058823529
0.792156862745098
0.9921568627450981
0.9921568627450981
0.8901960784313725
0.3019607843137255
0.13725490196078427
0.0
0.0
0.0
0.0
0.0
0.0
0.0
0.0
0.0
0.0
0.0
0.0
0.0
0.0
0.0
0.0
0.0
0.0
0.0
0.0
0.1568627450980392
0.19215686274509802
0.8823529411764706
0.9921568627450981
0.9921568627450981
0.20392156862745103
0.0
0.0
0.0
0.0
0.0
0.0
0.0
0.0
0.0
0.0
0.0
0.0
0.0
0.0
0.0
0.0
0.0
0.0
0.0
0.0
0.0
0.0
0.0
0.23921568627450984
0.9921568627450981
0.9921568627450981
0.5254901960784314
0.019607843137254943
0.0
0.0
0.0
0.0
0.0
0.0
0.0
0.0
0.0
0.0
0.0
0.0
0.0
0.0
0.0
0.0
0.0
0.0
0.0
0.0
0.0
0.0
0.0
0.03529411764705881
0.2784313725490196
0.4549019607843138
0.019607843137254943
0.0
0.0
0.0
0.0
0.0
0.0
0.0
0.0
0.0
0.0
0.0
0.0
0.0
0.0
0.0
0.0
0.0
0.0
0.0
0.0
0.0
0.0
0.0
0.0
0.0
0.0
0.0
0.0
0.0
0.0
0.0
0.0
0.0
0.0
0.0
0.0
0.0
0.0
0.0
0.0
0.0
0.0
0.0
0.0
0.0
0.0
0.0
0.0
0.0
0.0
0.0
0.0
0.0
0.0
0.0
0.0
0.0
0.0
0.0
0.0
0.0
0.0
0.0
0.0
0.0
0.0
0.0
0.0
0.0
0.0
0.0
0.0
0.0
0.0
0.0
0.0
0.0
0.0
0.0
0.0
0.0
0.0
0.0
0.0
0.0
0.0
0.0
0.0
0.0
0.0
0.0
0.0
0.0
0.0
0.0
0.0
0.0
0.0
0.0
0.0
0.0
0.0
0.0
0.0
0.0
0.0
0.0
0.0
0.0
0.0
0.0
0.0
0.0
0.0
0.0
0.0
0.0
0.0
0.0
0.0
0.0
0.0
0.0
0.0
0.0
0.0
0.0
0.0
0.0
0.0
0.0
0.0
0.0
0.0
0.0
0.0
0.0
0.0
0.0
0.0
0.0
0.0
0.0
0.0
0.0
0.0
0.0
0.0
0.0
0.0
0.0
0.0
0.0
