0.0
0.0
0.0
0.0
0.0
0.0
0.0
0.0
0.0
0.0
0.0
0.0
0.0
0.0
0.0
0.0
0.0
0.0
0.0
0.0
0.0
0.0
0.0
0.0
0.0
0.0
0.0
0.0
0.0
0.0
0.0
0.0
0.0
0.0
0.0
0.0
0.0
0.0
0.0
0.0
0.0
0.0
0.0
0.0
0.0
0.0
0.0
0.0
0.0
0.0
0.0
0.0
0.0
0.0
0.0
0.0
0.0
0.0
0.0
0.0
0.0
0.0
0.0
0.0
0.0
0.0
0.0
0.0
0.0
0.0
0.0
0.0
0.0
0.0
0.0
0.0
0.0
0.0
0.0
0.0
0.0
0.0
0.0
0.0
0.0
0.0
0.0
0.0
0.0
0.0
0.0
0.0
0.0
0.0
0.0
0.0
0.0
0.0
0.0
0.0
0.0
0.0
0.0
0.0
0.0
0.0
0.0
0.0
0.0
0.0
0.0
0.0
0.0
0.0
0.0
0.0
0.0
0.0
0.0
0.0
0.0
0.0
0.0
0.0
0.0
0.0
0.0
0.0
0.0
0.0
0.0
0.0
0.0
0.0
0.0
0.0
0.0
0.0
0.0
0.0
0.0
0.0
0.0
0.0
0.0
0.0
0.0
0.0
0.0
0.0
0.0
0.0
0.0
0.0
0.0
0.0
0.0
0.6549019607843137
0.996078431372549
0.8666666666666667
0.13725490196078427
0.0
0.0
0.0
0.0
0.0
0.0
0.0
0.0
0.0
0.0
0.0
0.0
0.0
0.0
0.207843137254902
0.0
0.0
0.0
0.0
0.0
0.0
0.0
0.0
0.18823529411764706
0.9607843137254902
0.9921568627450981
0.9921568627450981
0.8509803921568627
0.14509803921568631
0.0
0.0
0.0
0.0
0.0
0.0
0.0
0.0
0.0
0.0
0.0
0.09019607843137256
0.7058823529411764
0.8823529411764706
0.2196078431372549
0.0
0.0
0.0
0.0
0.0
0.0
0.015686274509803977
0.7607843137254902
0.9921568627450981
0.9921568627450981
0.9921568627450981
0.9921568627450981
0.5333333333333333
0.0
0.0
0.0
0.0
0.0
0.0
0.0
0.0
0.0
0.0
0.0
0.29803921568627456
0.9921568627450981
0.7411764705882353
0.0
0.0
0.0
0.0
0.0
0.0
0.0
0.0
0.4901960784313726
0.9921568627450981
0.33725490196078434
0.7137254901960784
0.9921568627450981
0.9098039215686274
0.0
0.0
0.0
0.0
0.0
0.0
0.0
0.0
0.0
0.0
0.0
0.6627450980392157
0.9921568627450981
0.32156862745098036
0.0
0.0
0.0
0.0
0.0
0.0
0.0
0.0
0.4901960784313726
0.9921568627450981
0.4980392156862745
0.21176470588235297
0.9529411764705882
0.9215686274509804
0.06274509803921569
0.0
0.0
0.0
0.0
0.0
0.0
0.0
0.0
0.0
0.2588235294117647
0.9294117647058824
0.8627450980392157
0.12941176470588234
0.0
0.0
0.0
0.0
0.0
0.0
0.0
0.0
0.4901960784313726
0.9921568627450981
0.6666666666666667
0.0
0.7019607843137254
0.9921568627450981
0.4549019607843138
0.0
0.0
0.0
0.0
0.0
0.0
0.0
0.0
0.0
0.9176470588235295
0.9921568627450981
0.7764705882352941
0.0
0.0
0.0
0.0
0.0
0.0
0.0
0.0
0.0
0.4901960784313726
0.9921568627450981
0.6666666666666667
0.0
0.7019607843137254
0.9490196078431372
0.22352941176470587
0.0
0.0
0.0
0.0
0.0
0.0
0.0
0.0
0.0
0.6235294117647059
0.9921568627450981
0.25098039215686274
0.0
0.0
0.0
0.0
0.0
0.0
0.0
0.0
0.0
0.2784313725490196
0.9725490196078431
0.6666666666666667
0.10588235294117643
0.8274509803921568
0.9098039215686274
0.0
0.0
0.0
0.0
0.0
0.0
0.0
0.0
0.0
0.0
0.9176470588235295
0.8862745098039215
0.1568627450980392
0.0
0.0
0.0
0.0
0.0
0.0
0.0
0.0
0.0
0.0
0.9450980392156862
0.9607843137254902
0.9137254901960784
0.9921568627450981
0.43137254901960786
0.0
0.0
0.0
0.0
0.0
0.0
0.0
0.0
0.0
0.12549019607843137
0.9372549019607843
0.6941176470588235
0.0
0.0
0.0
0.0
0.0
0.0
0.0
0.0
0.0
0.0
0.0
0.9450980392156862
0.9921568627450981
0.9921568627450981
0.9490196078431372
0.27450980392156865
0.0
0.0
0.0
0.0
0.0
0.0
0.0
0.0
0.0
0.4627450980392157
0.9921568627450981
0.3019607843137255
0.0
0.0
0.0
0.0
0.0
0.0
0.0
0.0
0.0
0.0
0.0
0.9450980392156862
0.9921568627450981
0.9921568627450981
0.7294117647058824
0.0
0.0
0.0
0.0
0.0
0.0
0.0
0.0
0.0
0.0
0.8117647058823529
0.9921568627450981
0.1568627450980392
0.0
0.0
0.0
0.0
0.0
0.0
0.0
0.0
0.0
0.0
0.0
0.9450980392156862
0.9921568627450981
0.9647058823529412
0.26274509803921564
0.0
0.0
0.0
0.0
0.0
0.0
0.0
0.0
0.0
0.0
0.9843137254901961
0.9921568627450981
0.1568627450980392
0.0
0.0
0.0
0.0
0.0
0.0
0.0
0.0
0.0
0.0
0.015686274509803977
0.9450980392156862
0.9921568627450981
0.7490196078431373
0.0
0.0
0.0
0.0
0.0
0.0
0.0
0.0
0.0
0.0
0.0
0.4627450980392157
0.9921568627450981
0.1568627450980392
0.0
0.0
0.0
0.0
0.0
0.0
0.0
0.0
0.0
0.015686274509803977
0.7333333333333334
0.9921568627450981
0.9921568627450981
0.8666666666666667
0.14509803921568631
0.0
0.0
0.0
0.0
0.0
0.0
0.0
0.0
0.0
0.0
0.4627450980392157
0.9921568627450981
0.6705882352941177
0.0
0.0
0.0
0.0
0.0
0.0
0.11372549019607847
0.1098039215686275
0.04705882352941182
0.7137254901960784
0.9921568627450981
0.8274509803921568
0.9411764705882353
0.9921568627450981
0.2941176470588235
0.0
0.0
0.0
0.0
0.0
0.0
0.0
0.0
0.0
0.0
0.06274509803921569
0.7490196078431373
0.9529411764705882
0.7450980392156863
0.2823529411764706
0.019607843137254943
0.3254901960784313
0.3254901960784313
0.5137254901960784
0.8980392156862745
0.8980392156862745
0.8431372549019608
0.3647058823529412
0.1333333333333333
0.07843137254901966
0.8627450980392157
0.9921568627450981
0.2941176470588235
0.0
0.0
0.0
0.0
0.0
0.0
0.0
0.0
0.0
0.0
0.0
0.28627450980392155
0.8235294117647058
0.9921568627450981
0.9647058823529412
0.792156862745098
0.9921568627450981
0.8862745098039215
0.7490196078431373
0.3137254901960784
0.603921568627451
0.3764705882352941
0.0
0.0
0.0
0.4392156862745098
0.9921568627450981
0.7176470588235294
0.0
0.0
0.0
0.0
0.0
0.0
0.0
0.0
0.0
0.0
0.0
0.0
0.09019607843137256
0.2941176470588235
0.2941176470588235
0.584313725490196
0.2941176470588235
0.1686274509803921
0.0
0.0
0.0
0.0
0.0
0.0
0.0
0.27450980392156865
0.9568627450980391
0.8588235294117648
0.06274509803921569
0.0
0.0
0.0
0.0
0.0
0.0
0.0
0.0
0.0
0.0
0.0
0.0
0.0
0.0
0.0
0.0
0.0
0.0
0.0
0.0
0.0
0.0
0.0
0.0
0.0
0.7372549019607844
0.9921568627450981
0.3764705882352941
0.0
0.0
0.0
0.0
0.0
0.0
0.0
0.0
0.0
0.0
0.0
0.0
0.0
0.0
0.0
0.0
0.0
0.0
0.0
0.0
0.0
0.0
0.0
0.0
0.0
0.24705882352941178
0.9921568627450981
0.3764705882352941
0.0
0.0
0.0
0.0
0.0
0.0
0.0
0.0
0.0
0.0
0.0
0.0
0.0
0.0
0.0
0.0
0.0
0.0
0.0
0.0
0.0
0.0
0.0
0.0
0.0
0.0
0.0
0.0
0.0
0.0
0.0
0.0
0.0
0.0
0.0
0.0
0.0
0.0
0.0
0.0
0.0
0.0
0.0
0.0
0.0
0.0
0.0
0.0
0.0
0.0
0.0
0.0
0.0
0.0
0.0
0.0
0.0
0.0
0.0
0.0
0.0
0.0
0.0
0.0
0.0
0.0
0.0
0.0
0.0
0.0
0.0
0.0
0.0
0.0
0.0
0.0
0.0
0.0
0.0
0.0
0.0
0.0
0.0
0.0
0.0
0.0
0.0
0.0
0.0
0.0
