0.0
0.0
0.0
0.0
0.0
0.0
0.0
0.0
0.0
0.0
0.0
0.0
0.0
0.0
0.0
0.0
0.0
0.0
0.0
0.0
0.0
0.0
0.0
0.0
0.0
0.0
0.0
0.0
0.0
0.0
0.0
0.0
0.0
0.0
0.0
0.0
0.0
0.0
0.0
0.0
0.0
0.0
0.0
0.0
0.0
0.0
0.0
0.0
0.0
0.0
0.0
0.0
0.0
0.0
0.0
0.0
0.0
0.0
0.0
0.0
0.0
0.0
0.0
0.0
0.0
0.0
0.0
0.0
0.0
0.0
0.0
0.0
0.0
0.0
0.0
0.0
0.0
0.0
0.0
0.0
0.0
0.0
0.0
0.0
0.0
0.0
0.0
0.0
0.0
0.0
0.0
0.0
0.0
0.0
0.0
0.0
0.0
0.0
0.0
0.0
0.0
0.0
0.0
0.0
0.0
0.0
0.0
0.0
0.0
0.0
0.0
0.0
0.0
0.0
0.0
0.0
0.0
0.0
0.0
0.0
0.0
0.0
0.0
0.0
0.0
0.0
0.0
0.0
0.0
0.0
0.0
0.0
0.0
0.0
0.0
0.0
0.0
0.0
0.0
0.0
0.0
0.0
0.0
0.0
0.0
0.0
0.0
0.0
0.0
0.0
0.0
0.0
0.0
0.0
0.0
0.0
0.0
0.0
0.0
0.0
0.0
0.0
0.0
0.0
0.0
0.0
0.0
0.0
0.0
0.0
0.0
0.0
0.0
0.0
0.0
0.0
0.0
0.0
0.0
0.0
0.0
0.0
0.0
0.0
0.0
0.0
0.0
0.0
0.0
0.0
0.0
0.0
0.0
0.0
0.0
0.0
0.0
0.0
0.0
0.0
0.0
0.0
0.0
0.0
0.0
0.0
0.0
0.0
0.0
0.0
0.0
0.0
0.0
0.0
0.0
0.2549019607843137
0.7176470588235294
0.5333333333333333
0.06274509803921569
0.0
0.0
0.0
0.0
0.0
0.0
0.0
0.0
0.0
0.0
0.0
0.0
0.0
0.0
0.0
0.0
0.0
0.0
0.0
0.0
0.0
0.0
0.0
0.0
0.1725490196078432
0.6470588235294117
0.9725490196078431
0.8980392156862745
0.0980392156862745
0.0
0.0
0.0
0.0
0.0
0.0
0.0
0.0
0.0
0.0
0.0
0.0
0.0
0.22352941176470587
0.34901960784313724
0.5568627450980392
0.5568627450980392
0.5568627450980392
0.3411764705882353
0.0
0.0
0.0
0.0
0.0
0.0
0.18039215686274512
0.8705882352941177
0.7176470588235294
0.0
0.0
0.0
0.0
0.0
0.0
0.0
0.0
0.0
0.027450980392156876
0.43529411764705883
0.8666666666666667
0.9215686274509804
0.9921568627450981
0.996078431372549
0.996078431372549
0.996078431372549
0.996078431372549
0.9215686274509804
0.07058823529411762
0.0
0.0
0.0
0.0
0.0
0.0
0.5882352941176471
1.0
0.0
0.0
0.0
0.0
0.0
0.0
0.0
0.0
0.0
0.5098039215686274
0.9921568627450981
0.9803921568627451
0.7019607843137254
0.4745098039215686
0.039215686274509776
0.03137254901960784
0.3529411764705882
0.996078431372549
0.27450980392156865
0.0
0.0
0.0
0.0
0.0
0.0
0.0
0.2823529411764706
0.996078431372549
0.0
0.0
0.0
0.0
0.0
0.0
0.0
0.0
0.0039215686274509665
0.7490196078431373
0.5176470588235293
0.0
0.0
0.0
0.0
0.007843137254901933
0.7607843137254902
0.8196078431372549
0.0
0.0
0.0
0.0
0.0
0.0
0.0
0.0
0.2941176470588235
0.9764705882352941
0.0
0.0
0.0
0.0
0.0
0.0
0.0
0.0
0.0862745098039216
0.996078431372549
0.22352941176470587
0.0
0.0
0.0
0.0
0.20392156862745103
0.996078431372549
0.4901960784313726
0.0
0.0
0.0
0.0
0.0
0.0
0.0
0.0
0.6235294117647059
0.6784313725490196
0.0
0.0
0.0
0.0
0.0
0.0
0.0
0.0
0.3686274509803922
0.9215686274509804
0.04705882352941182
0.0
0.0
0.0
0.0
0.6352941176470588
0.8588235294117648
0.04313725490196074
0.0
0.0
0.0
0.0
0.0
0.0
0.0
0.039215686274509776
0.9215686274509804
0.5254901960784314
0.0
0.0
0.0
0.0
0.0
0.0
0.0
0.0
0.3686274509803922
0.8352941176470589
0.0
0.0
0.0
0.0
0.015686274509803977
0.9529411764705882
0.5019607843137255
0.0
0.0
0.0
0.0
0.0
0.0
0.0
0.0
0.45882352941176474
0.996078431372549
0.196078431372549
0.0
0.0
0.0
0.0
0.0
0.0
0.0
0.0
0.4509803921568627
0.788235294117647
0.0
0.0
0.0
0.0
0.19999999999999996
0.9803921568627451
0.18823529411764706
0.0
0.0
0.0
0.0
0.0
0.0
0.0
0.12941176470588234
0.8941176470588236
0.6745098039215687
0.007843137254901933
0.0
0.0
0.0
0.0
0.0
0.0
0.0
0.0
0.6823529411764706
0.6862745098039216
0.0
0.0
0.0
0.0
0.33725490196078434
0.9333333333333333
0.0
0.0
0.0
0.0
0.0
0.0
0.0
0.039215686274509776
0.7450980392156863
0.9294117647058824
0.0862745098039216
0.0
0.0
0.0
0.0
0.0
0.0
0.0
0.0
0.0
0.6941176470588235
0.5725490196078431
0.0
0.0
0.0
0.0
0.02352941176470591
0.9568627450980393
0.10196078431372546
0.0
0.0
0.0
0.0
0.0
0.039215686274509776
0.5333333333333333
0.9921568627450981
0.4509803921568627
0.0
0.0
0.0
0.0
0.0
0.0
0.0
0.0
0.0
0.0
0.5019607843137255
0.16470588235294115
0.0
0.0
0.0
0.0
0.007843137254901933
0.7568627450980392
0.6941176470588235
0.0
0.0
0.0
0.0
0.039215686274509776
0.6352941176470588
0.996078431372549
0.47058823529411764
0.0
0.0
0.0
0.0
0.0
0.0
0.0
0.0
0.0
0.0
0.0
0.0
0.0
0.0
0.0
0.0
0.0
0.0
0.23529411764705888
0.9411764705882353
0.5098039215686274
0.18039215686274512
0.21176470588235297
0.44705882352941173
0.8392156862745098
0.996078431372549
0.615686274509804
0.04705882352941182
0.0
0.0
0.0
0.0
0.0
0.0
0.0
0.0
0.0
0.0
0.0
0.0
0.0
0.0
0.0
0.0
0.0
0.0
0.0
0.6901960784313725
0.996078431372549
0.996078431372549
0.996078431372549
0.996078431372549
0.8705882352941177
0.48235294117647054
0.04705882352941182
0.0
0.0
0.0
0.0
0.0
0.0
0.0
0.0
0.0
0.0
0.0
0.0
0.0
0.0
0.0
0.0
0.0
0.0
0.0
0.0
0.06274509803921569
0.39607843137254906
0.6588235294117647
0.45882352941176474
0.3647058823529412
0.04705882352941182
0.0
0.0
0.0
0.0
0.0
0.0
0.0
0.0
0.0
0.0
0.0
0.0
0.0
0.0
0.0
0.0
0.0
0.0
0.0
0.0
0.0
0.0
0.0
0.0
0.0
0.0
0.0
0.0
0.0
0.0
0.0
0.0
0.0
0.0
0.0
0.0
0.0
0.0
0.0
0.0
0.0
0.0
0.0
0.0
0.0
0.0
0.0
0.0
0.0
0.0
0.0
0.0
0.0
0.0
0.0
0.0
0.0
0.0
0.0
0.0
0.0
0.0
0.0
0.0
0.0
0.0
0.0
0.0
0.0
0.0
0.0
0.0
0.0
0.0
0.0
0.0
0.0
0.0
0.0
0.0
0.0
0.0
0.0
0.0
0.0
0.0
0.0
0.0
0.0
0.0
0.0
0.0
0.0
0.0
0.0
0.0
0.0
0.0
0.0
0.0
0.0
0.0
0.0
0.0
0.0
0.0
0.0
0.0
0.0
0.0
0.0
0.0
0.0
0.0
0.0
0.0
0.0
0.0
0.0
0.0
0.0
0.0
0.0
0.0
0.0
0.0
0.0
0.0
0.0
0.0
0.0
0.0
0.0
0.0
0.0
0.0
0.0
0.0
0.0
0.0
0.0
0.0
0.0
0.0
0.0
0.0
0.0
0.0
0.0
0.0
