0.0
0.0
0.0
0.0
0.0
0.0
0.0
0.0
0.0
0.0
0.0
0.0
0.0
0.0
0.0
0.0
0.0
0.0
0.0
0.0
0.0
0.0
0.0
0.0
0.0
0.0
0.0
0.0
0.0
0.0
0.0
0.0
0.0
0.0
0.0
0.0
0.0
0.0
0.0
0.0
0.0
0.0
0.0
0.0
0.0
0.0
0.0
0.0
0.0
0.0
0.0
0.0
0.0
0.0
0.0
0.0
0.0
0.0
0.0
0.0
0.0
0.0
0.0
0.0
0.0
0.0
0.0
0.0
0.0
0.0
0.0
0.0
0.0
0.0
0.0
0.0
0.0
0.0
0.0
0.0
0.0
0.0
0.0
0.0
0.0
0.0
0.0
0.0
0.0
0.0
0.0
0.0
0.0
0.0
0.0
0.0
0.0
0.0
0.0
0.0
0.0
0.0
0.0
0.0
0.0
0.0
0.0
0.0
0.0
0.0
0.0
0.0
0.0
0.0
0.0
0.0
0.0
0.0
0.0
0.0
0.0
0.0
0.0
0.0
0.0
0.0
0.0
0.0
0.0
0.0
0.0
0.0
0.0
0.0
0.0
0.0
0.0
0.0
0.0
0.0
0.0
0.0
0.0
0.0
0.0
0.0
0.0
0.0
0.0
0.0
0.0
0.0
0.0
0.0
0.0
0.0
0.0
0.0
0.0
0.0
0.0
0.0
0.0
0.0
0.0
0.0
0.0
0.0
0.0
0.0
0.0
0.0
0.0
0.0
0.0
0.0
0.0
0.0
0.0
0.0
0.0
0.0
0.0
0.0
0.0
0.0
0.0
0.0
0.0
0.0
0.0
0.0
0.0
0.0
0.0
0.0
0.0
0.0
0.0
0.0
0.0
0.0
0.0
0.0
0.0
0.0
0.0
0.0
0.0
0.0
0.0
0.0
0.0
0.0
0.0
0.0
0.0
0.0
0.0
0.0
0.0
0.0
0.0
0.0
0.0
0.0
0.0
0.0
0.0
0.0
0.0
0.0
0.0
0.0
0.0
0.0
0.0
0.0
0.0
0.0
0.0
0.0
0.0
0.0
0.0
0.0
0.0
0.0
0.0
0.0
0.0
0.0
0.0
0.0
0.0
0.0
0.0
0.0
0.0
0.0
0.0
0.09019607843137256
0.38431372549019605
0.2666666666666667
0.0
0.0
0.0
0.0
0.0
0.0
0.29803921568627456
0.4745098039215686
0.7647058823529411
0.7647058823529411
0.5568627450980392
0.09019607843137256
0.0
0.0
0.0
0.0
0.0
0.0
0.0
0.0
0.0
0.0
0.0
0.33333333333333337
0.7607843137254902
1.0
0.996078431372549
0.6862745098039216
0.0
0.0
0.0
0.0
0.19215686274509802
0.6705882352941177
0.996078431372549
1.0
0.996078431372549
0.996078431372549
0.996078431372549
0.8470588235294118
0.0
0.0
0.0
0.0
0.0
0.0
0.0
0.0
0.0
0.039215686274509776
0.5764705882352941
0.9215686274509804
0.9921568627450981
0.996078431372549
0.9254901960784314
0.3686274509803922
0.0
0.0
0.0
0.06666666666666665
0.7686274509803921
0.9921568627450981
0.9921568627450981
0.8588235294117648
0.596078431372549
0.9921568627450981
0.9921568627450981
0.9607843137254902
0.0
0.0
0.0
0.0
0.0
0.0
0.0
0.0
0.0
0.196078431372549
0.9921568627450981
0.9921568627450981
0.9921568627450981
0.803921568627451
0.22352941176470587
0.0
0.0
0.0
0.07450980392156858
0.7686274509803921
0.9921568627450981
0.9921568627450981
0.603921568627451
0.18823529411764706
0.6235294117647059
0.9921568627450981
0.9411764705882353
0.27450980392156865
0.0
0.0
0.0
0.0
0.0
0.0
0.0
0.0
0.039215686274509776
0.8352941176470589
0.9921568627450981
0.9686274509803922
0.39607843137254906
0.03137254901960784
0.0
0.0
0.0
0.0
0.2313725490196078
0.9921568627450981
0.9921568627450981
0.9058823529411765
0.37254901960784315
0.788235294117647
0.9921568627450981
0.9921568627450981
0.5725490196078431
0.0
0.0
0.0
0.0
0.0
0.0
0.0
0.0
0.0
0.5254901960784314
0.9921568627450981
0.9921568627450981
0.5411764705882354
0.0
0.0
0.0
0.0
0.0
0.0
0.5254901960784314
0.9921568627450981
0.9921568627450981
0.9568627450980393
0.9372549019607843
0.996078431372549
0.9921568627450981
0.603921568627451
0.019607843137254943
0.0
0.0
0.0
0.0
0.0
0.0
0.0
0.0
0.0
0.7019607843137254
0.996078431372549
0.996078431372549
0.07450980392156858
0.0
0.0
0.0
0.0
0.0
0.0
0.611764705882353
0.996078431372549
0.996078431372549
0.996078431372549
0.996078431372549
1.0
0.592156862745098
0.0
0.0
0.0
0.0
0.0
0.0
0.0
0.0
0.0
0.0
0.0
0.996078431372549
0.9921568627450981
0.8705882352941177
0.07450980392156858
0.0
0.0
0.0
0.0
0.0
0.207843137254902
0.9372549019607843
0.9921568627450981
0.9921568627450981
0.9921568627450981
0.9607843137254902
0.29803921568627456
0.02352941176470591
0.0
0.0
0.0
0.0
0.0
0.0
0.0
0.0
0.0
0.0
0.0
0.7294117647058824
0.9921568627450981
0.9921568627450981
0.8274509803921568
0.6862745098039216
0.6901960784313725
0.6862745098039216
0.6862745098039216
0.6862745098039216
0.9215686274509804
0.996078431372549
0.9921568627450981
0.9921568627450981
0.9921568627450981
0.4627450980392157
0.0
0.0
0.0
0.0
0.0
0.0
0.0
0.0
0.0
0.0
0.0
0.0
0.0
0.13725490196078427
0.7019607843137254
0.9921568627450981
0.9921568627450981
0.9921568627450981
0.996078431372549
0.9921568627450981
0.9921568627450981
0.9921568627450981
0.9921568627450981
0.9568627450980393
0.5411764705882354
0.9450980392156862
0.9921568627450981
0.9607843137254902
0.4156862745098039
0.0
0.0
0.0
0.0
0.0
0.0
0.0
0.0
0.0
0.0
0.0
0.0
0.0
0.10588235294117643
0.49411764705882355
0.6666666666666667
0.9921568627450981
0.996078431372549
0.9921568627450981
0.9921568627450981
0.6352941176470588
0.3137254901960784
0.17647058823529416
0.0
0.2784313725490196
0.8156862745098039
0.9921568627450981
0.9411764705882353
0.2666666666666667
0.0
0.0
0.0
0.0
0.0
0.0
0.0
0.0
0.0
0.0
0.0
0.0
0.0
0.0
0.0
0.0
0.29803921568627456
0.0
0.0
0.0
0.0
0.0
0.0
0.0
0.0
0.44705882352941173
0.7686274509803921
0.11764705882352944
0.0
0.0
0.0
0.0
0.0
0.0
0.0
0.0
0.0
0.0
0.0
0.0
0.0
0.0
0.0
0.0
0.0
0.0
0.0
0.0
0.0
0.0
0.0
0.0
0.0
0.0
0.0
0.0
0.0
0.0
0.0
0.0
0.0
0.0
0.0
0.0
0.0
0.0
0.0
0.0
0.0
0.0
0.0
0.0
0.0
0.0
0.0
0.0
0.0
0.0
0.0
0.0
0.0
0.0
0.0
0.0
0.0
0.0
0.0
0.0
0.0
0.0
0.0
0.0
0.0
0.0
0.0
0.0
0.0
0.0
0.0
0.0
0.0
0.0
0.0
0.0
0.0
0.0
0.0
0.0
0.0
0.0
0.0
0.0
0.0
0.0
0.0
0.0
0.0
0.0
0.0
0.0
0.0
0.0
0.0
0.0
0.0
0.0
0.0
0.0
0.0
0.0
0.0
0.0
0.0
0.0
0.0
0.0
0.0
0.0
0.0
0.0
0.0
0.0
0.0
0.0
0.0
0.0
0.0
0.0
0.0
0.0
0.0
0.0
0.0
0.0
0.0
0.0
0.0
0.0
0.0
0.0
0.0
0.0
0.0
0.0
0.0
0.0
0.0
0.0
0.0
0.0
0.0
0.0
0.0
0.0
0.0
0.0
0.0
0.0
0.0
0.0
0.0
0.0
0.0
0.0
0.0
0.0
0.0
0.0
0.0
0.0
0.0
0.0
0.0
0.0
0.0
0.0
0.0
0.0
0.0
0.0
0.0
0.0
0.0
0.0
0.0
0.0
0.0
0.0
0.0
0.0
0.0
0.0
0.0
0.0
0.0
0.0
0.0
0.0
0.0
0.0
0.0
0.0
0.0
0.0
0.0
0.0
0.0
0.0
0.0
0.0
0.0
