0.0
0.0
0.0
0.0
0.0
0.0
0.0
0.0
0.0
0.0
0.0
0.0
0.0
0.0
0.0
0.0
0.0
0.0
0.0
0.0
0.0
0.0
0.0
0.0
0.0
0.0
0.0
0.0
0.0
0.0
0.0
0.0
0.0
0.0
0.0
0.0
0.0
0.0
0.0
0.0
0.0
0.0
0.0
0.0
0.0
0.0
0.0
0.0
0.0
0.0
0.0
0.0
0.0
0.0
0.0
0.0
0.0
0.0
0.0
0.0
0.0
0.0
0.0
0.0
0.0
0.0
0.0
0.0
0.0
0.0
0.0
0.0
0.0
0.0
0.0
0.0
0.0
0.0
0.0
0.0
0.0
0.0
0.0
0.0
0.0
0.0
0.0
0.0
0.0
0.0
0.0
0.0
0.0
0.0
0.0
0.0
0.0
0.0
0.0
0.0
0.0
0.0
0.0
0.0
0.0
0.0
0.0
0.0
0.0
0.0
0.0
0.0
0.0
0.0
0.0
0.0
0.0
0.0
0.0
0.0
0.0
0.0
0.0
0.0
0.0
0.0
0.0
0.0
0.0
0.0
0.0
0.0
0.0
0.0
0.0
0.0
0.0
0.0
0.0
0.0
0.0
0.0
0.0
0.0
0.0
0.0
0.0
0.0
0.0
0.0
0.0
0.0
0.0
0.0
0.0
0.0
0.0
0.0
0.0
0.0
0.0
0.0
0.0
0.0
0.0
0.0
0.0
0.0
0.0
0.0
0.0
0.0
0.0
0.0
0.0
0.0
0.0
0.0
0.0
0.0
0.0
0.0
0.0
0.0
0.0
0.0
0.0
0.0
0.0
0.0
0.0
0.0
0.0
0.0
0.0
0.0
0.0
0.0
0.0
0.0
0.0
0.0
0.0
0.0
0.0
0.0
0.0
0.0
0.0
0.0
0.0
0.0
0.0
0.0
0.0
0.0
0.0
0.0
0.0
0.0
0.0
0.0
0.0
0.0
0.0
0.0
0.0
0.0
0.0
0.0
0.0
0.0
0.0
0.0
0.0
0.0
0.0
0.0
0.0
0.0
0.0
0.0
0.0
0.0
0.0
0.0
0.0
0.0
0.0
0.0
0.0
0.0
0.0
0.0
0.0
0.0
0.0
0.0
0.0
0.0
0.0
0.0
0.0
0.0
0.0
0.0
0.0
0.0
0.0
0.0
0.0
0.2666666666666667
0.5372549019607843
0.5333333333333333
0.22352941176470587
0.0
0.0
0.0
0.0
0.0
0.0
0.0
0.0
0.0
0.0
0.0
0.207843137254902
0.38431372549019605
0.0
0.0
0.0
0.0
0.0
0.0
0.0
0.0
0.03137254901960784
0.38431372549019605
0.7372549019607844
0.9372549019607843
0.996078431372549
0.9921568627450981
0.9215686274509804
0.3529411764705882
0.0
0.0
0.0
0.0
0.0
0.0
0.0
0.0
0.0
0.0
0.6980392156862745
0.996078431372549
0.4
0.0
0.0
0.0
0.0
0.0
0.0
0.32156862745098036
0.788235294117647
0.996078431372549
0.8705882352941177
0.7647058823529411
0.5294117647058824
0.4156862745098039
0.8352941176470589
0.9333333333333333
0.14117647058823535
0.0
0.0
0.0
0.0
0.0
0.0
0.0
0.0
0.0
0.8392156862745098
0.9686274509803922
0.9607843137254902
0.2549019607843137
0.0
0.0
0.0
0.1333333333333333
0.603921568627451
0.996078431372549
0.8941176470588236
0.4156862745098039
0.07058823529411762
0.0
0.0
0.0
0.16470588235294115
0.9568627450980393
0.403921568627451
0.0
0.0
0.0
0.0
0.0
0.0
0.0
0.0
0.2784313725490196
0.9215686274509804
0.3294117647058824
0.8
0.9921568627450981
0.388235294117647
0.0
0.33333333333333337
0.9686274509803922
0.9921568627450981
0.7176470588235294
0.04705882352941182
0.0
0.0
0.0
0.0
0.0
0.0
0.8
0.8745098039215686
0.0
0.0
0.0
0.0
0.0
0.0
0.0
0.0
0.6705882352941177
0.8549019607843137
0.0
0.04313725490196074
0.5137254901960784
0.9764705882352941
0.9176470588235294
0.9686274509803922
0.8470588235294118
0.16078431372549018
0.03137254901960784
0.0
0.0
0.0
0.0
0.0
0.0
0.0
0.5333333333333333
0.9921568627450981
0.0
0.0
0.0
0.0
0.0
0.0
0.0
0.0
0.996078431372549
0.5294117647058824
0.0
0.0
0.0
0.996078431372549
0.9921568627450981
0.9921568627450981
0.807843137254902
0.09019607843137256
0.0
0.0
0.0
0.0
0.0
0.0
0.0
0.0
0.8313725490196078
0.8431372549019608
0.0
0.0
0.0
0.0
0.0
0.0
0.0
0.0
1.0
0.5333333333333333
0.0
0.0980392156862745
0.7607843137254902
1.0
0.4784313725490196
0.38431372549019605
0.8588235294117648
0.8470588235294118
0.611764705882353
0.2705882352941177
0.0
0.0
0.0
0.0
0.0
0.0
0.9215686274509804
0.7568627450980392
0.0
0.0
0.0
0.0
0.0
0.0
0.0
0.0
0.996078431372549
0.5607843137254902
0.0
0.6549019607843137
0.8117647058823529
0.44705882352941173
0.02352941176470591
0.0
0.08235294117647063
0.44705882352941173
0.6196078431372549
0.9686274509803922
0.7215686274509804
0.4627450980392157
0.4627450980392157
0.22745098039215683
0.1098039215686275
0.5764705882352941
0.8784313725490196
0.18039215686274512
0.0
0.0
0.0
0.0
0.0
0.0
0.0
0.0
0.7294117647058824
0.9686274509803922
0.21176470588235297
0.6352941176470588
0.27450980392156865
0.0
0.0
0.0
0.0
0.0
0.0
0.2588235294117647
0.5686274509803921
0.6823529411764706
0.6823529411764706
0.996078431372549
0.8470588235294118
0.5647058823529412
0.14117647058823535
0.0
0.0
0.0
0.0
0.0
0.0
0.0
0.0
0.0
0.40784313725490196
0.9921568627450981
0.3647058823529412
0.0
0.0
0.0
0.0
0.0
0.0
0.0
0.0
0.0
0.0
0.0
0.0
0.07450980392156858
0.039215686274509776
0.0
0.0
0.0
0.0
0.0
0.0
0.0
0.0
0.0
0.0
0.0
0.05490196078431375
0.580392156862745
0.803921568627451
0.03137254901960784
0.0
0.0
0.0
0.0
0.0
0.0
0.0
0.0
0.0
0.0
0.0
0.0
0.0
0.0
0.0
0.0
0.0
0.0
0.0
0.0
0.0
0.0
0.0
0.0
0.0
0.0
0.6
0.6941176470588235
0.0
0.0
0.0
0.0
0.0
0.0
0.0
0.0
0.0
0.0
0.0
0.0
0.0
0.0
0.0
0.0
0.0
0.0
0.0
0.0
0.0
0.0
0.0
0.0
0.0
0.0
0.04705882352941182
0.12941176470588234
0.0
0.0
0.0
0.0
0.0
0.0
0.0
0.0
0.0
0.0
0.0
0.0
0.0
0.0
0.0
0.0
0.0
0.0
0.0
0.0
0.0
0.0
0.0
0.0
0.0
0.0
0.0
0.0
0.0
0.0
0.0
0.0
0.0
0.0
0.0
0.0
0.0
0.0
0.0
0.0
0.0
0.0
0.0
0.0
0.0
0.0
0.0
0.0
0.0
0.0
0.0
0.0
0.0
0.0
0.0
0.0
0.0
0.0
0.0
0.0
0.0
0.0
0.0
0.0
0.0
0.0
0.0
0.0
0.0
0.0
0.0
0.0
0.0
0.0
0.0
0.0
0.0
0.0
0.0
0.0
0.0
0.0
0.0
0.0
0.0
0.0
0.0
0.0
0.0
0.0
0.0
0.0
0.0
0.0
0.0
0.0
0.0
0.0
0.0
0.0
0.0
0.0
0.0
0.0
0.0
0.0
0.0
0.0
0.0
0.0
0.0
0.0
0.0
0.0
0.0
0.0
0.0
0.0
0.0
0.0
0.0
0.0
0.0
0.0
0.0
0.0
0.0
0.0
0.0
0.0
0.0
0.0
0.0
0.0
0.0
0.0
0.0
0.0
0.0
0.0
0.0
0.0
0.0
0.0
0.0
0.0
0.0
0.0
0.0
0.0
0.0
0.0
0.0
0.0
0.0
0.0
0.0
0.0
0.0
