0.0
0.0
0.0
0.0
0.0
0.0
0.0
0.0
0.0
0.0
0.0
0.0
0.0
0.0
0.0
0.0
0.0
0.0
0.0
0.0
0.0
0.0
0.0
0.0
0.0
0.0
0.0
0.0
0.0
0.0
0.0
0.0
0.0
0.0
0.0
0.0
0.0
0.0
0.0
0.0
0.0
0.0
0.0
0.0
0.0
0.0
0.0
0.0
0.0
0.0
0.0
0.0
0.0
0.0
0.0
0.0
0.0
0.0
0.0
0.0
0.0
0.0
0.0
0.0
0.0
0.0
0.0
0.0
0.0
0.0
0.0
0.0
0.0
0.0
0.0
0.0
0.0
0.0
0.0
0.0
0.0
0.0
0.0
0.0
0.0
0.0
0.0
0.0
0.0
0.0
0.0
0.0
0.0
0.0
0.0
0.0
0.0
0.0
0.0
0.0
0.0
0.0
0.0
0.0
0.0
0.0
0.0
0.0
0.0
0.0
0.0
0.0
0.0
0.0
0.0
0.0
0.0
0.0
0.0
0.0
0.0
0.0
0.0
0.0
0.0
0.0
0.0
0.0
0.0
0.0
0.0
0.0
0.0
0.0
0.0
0.0
0.0
0.0
0.0
0.0
0.0
0.0
0.0
0.0
0.0
0.0
0.0
0.0
0.0
0.0
0.0
0.0
0.0
0.0
0.0
0.0
0.0
0.0
0.0
0.0
0.0
0.0
0.0
0.0
0.0
0.0
0.0
0.0
0.0
0.0
0.0
0.0
0.0
0.0
0.0
0.0
0.0
0.0
0.0
0.0
0.0
0.0
0.0
0.0
0.0
0.0862745098039216
0.7294117647058824
0.8
0.15294117647058825
0.0
0.0
0.0
0.0
0.0
0.0
0.0
0.0
0.0
0.0
0.0
0.0
0.0
0.0
0.0
0.0
0.0
0.0
0.0
0.0
0.0
0.0
0.207843137254902
0.7450980392156863
0.9607843137254902
0.9882352941176471
0.9882352941176471
0.9647058823529412
0.6274509803921569
0.06666666666666665
0.0
0.0
0.0
0.0
0.0
0.0
0.0
0.0
0.0
0.0
0.0
0.0
0.0
0.0
0.0
0.0
0.0
0.0
0.0
0.15294117647058825
0.7098039215686274
0.9882352941176471
0.9882352941176471
0.9882352941176471
0.9882352941176471
0.9882352941176471
0.9882352941176471
0.12941176470588234
0.0
0.0
0.0
0.0
0.0
0.0
0.0
0.0
0.0
0.0
0.0
0.0
0.0
0.0
0.0
0.0
0.0
0.0
0.2549019607843137
0.9254901960784314
0.9882352941176471
0.9882352941176471
0.9882352941176471
0.9882352941176471
0.9882352941176471
0.9882352941176471
0.9882352941176471
0.4666666666666667
0.0
0.0
0.0
0.0
0.0
0.0
0.0
0.0
0.0
0.0
0.0
0.0
0.0
0.0
0.0
0.0
0.015686274509803977
0.607843137254902
0.9568627450980393
0.9882352941176471
0.9882352941176471
0.9882352941176471
0.9882352941176471
0.9882352941176471
0.9882352941176471
0.9882352941176471
0.9882352941176471
0.7647058823529411
0.0
0.0
0.0
0.0
0.0
0.0
0.0
0.0
0.0
0.0
0.0
0.0
0.0
0.0
0.007843137254901933
0.4392156862745098
0.7215686274509804
0.9882352941176471
0.9921568627450981
0.9882352941176471
0.9882352941176471
0.9725490196078431
0.5333333333333333
0.388235294117647
0.9372549019607843
0.9882352941176471
0.9882352941176471
0.9137254901960784
0.0
0.0
0.0
0.0
0.0
0.0
0.0
0.0
0.0
0.0
0.0
0.0
0.0
0.10588235294117643
0.5215686274509803
0.9882352941176471
0.9882352941176471
0.9882352941176471
0.9921568627450981
0.9882352941176471
0.9882352941176471
0.7686274509803921
0.0
0.10588235294117643
0.9333333333333333
0.9882352941176471
0.9882352941176471
0.5568627450980392
0.0
0.0
0.0
0.0
0.0
0.0
0.0
0.0
0.0
0.0
0.0
0.0
0.0
0.7215686274509804
0.9882352941176471
0.9882352941176471
0.9882352941176471
0.9882352941176471
0.9921568627450981
0.9882352941176471
0.9882352941176471
0.28627450980392155
0.0
0.34901960784313724
0.9882352941176471
0.9882352941176471
0.9882352941176471
0.18039215686274512
0.0
0.0
0.0
0.0
0.0
0.0
0.0
0.0
0.0
0.0
0.0
0.0117647058823529
0.6941176470588235
0.9921568627450981
0.9921568627450981
0.9921568627450981
0.9921568627450981
0.9921568627450981
1.0
0.9921568627450981
0.36078431372549025
0.0
0.12549019607843137
0.9019607843137255
0.9921568627450981
0.9921568627450981
0.6901960784313725
0.0
0.0
0.0
0.0
0.0
0.0
0.0
0.0
0.0
0.0
0.0
0.0
0.5019607843137255
0.9882352941176471
0.9882352941176471
0.9882352941176471
0.9882352941176471
0.9882352941176471
0.9882352941176471
0.9921568627450981
0.9882352941176471
0.1725490196078432
0.02352941176470591
0.607843137254902
0.9882352941176471
0.9882352941176471
0.9450980392156862
0.32156862745098036
0.0
0.0
0.0
0.0
0.0
0.0
0.0
0.0
0.0
0.0
0.0
0.3254901960784313
0.9647058823529412
0.9882352941176471
0.9882352941176471
0.803921568627451
0.6666666666666667
0.9882352941176471
0.9882352941176471
0.9921568627450981
0.8862745098039215
0.10588235294117643
0.2588235294117647
0.9882352941176471
0.9882352941176471
0.9882352941176471
0.6470588235294117
0.0
0.0
0.0
0.0
0.0
0.0
0.0
0.0
0.0
0.0
0.0117647058823529
0.3137254901960784
0.9843137254901961
0.9882352941176471
0.9882352941176471
0.9607843137254902
0.2823529411764706
0.17647058823529416
0.9882352941176471
0.9882352941176471
0.9921568627450981
0.7294117647058824
0.03529411764705881
0.7490196078431373
0.9882352941176471
0.9882352941176471
0.9294117647058824
0.1843137254901961
0.0
0.0
0.0
0.0
0.0
0.0
0.0
0.0
0.0
0.0
0.22745098039215683
0.9882352941176471
0.9882352941176471
0.9882352941176471
0.9411764705882353
0.3176470588235294
0.0
0.3647058823529412
0.9882352941176471
0.9882352941176471
0.9921568627450981
0.788235294117647
0.7098039215686274
0.9882352941176471
0.9882352941176471
0.9882352941176471
0.42352941176470593
0.0
0.0
0.0
0.0
0.0
0.0
0.0
0.0
0.0
0.0
0.0
0.9019607843137255
0.9882352941176471
0.9882352941176471
0.9607843137254902
0.3176470588235294
0.0
0.0
0.17647058823529416
0.9882352941176471
0.9882352941176471
0.9921568627450981
0.9882352941176471
0.9882352941176471
0.9882352941176471
0.9882352941176471
0.7176470588235294
0.019607843137254943
0.0
0.0
0.0
0.0
0.0
0.0
0.0
0.0
0.0
0.0
0.0
0.7843137254901961
0.9882352941176471
0.9725490196078431
0.3019607843137255
0.0
0.0
0.0
0.015686274509803977
0.5333333333333333
0.9843137254901961
0.9921568627450981
0.9882352941176471
0.9882352941176471
0.9882352941176471
0.6784313725490196
0.14901960784313728
0.0
0.0
0.0
0.0
0.0
0.0
0.0
0.0
0.0
0.0
0.0
0.0
0.2196078431372549
0.5019607843137255
0.30980392156862746
0.0
0.0
0.0
0.0
0.0
0.0
0.5254901960784314
0.8196078431372549
0.8156862745098039
0.8156862745098039
0.5882352941176471
0.1333333333333333
0.0
0.0
0.0
0.0
0.0
0.0
0.0
0.0
0.0
0.0
0.0
0.0
0.0
0.0
0.0
0.0
0.0
0.0
0.0
0.0
0.0
0.0
0.0
0.0
0.0
0.0
0.0
0.0
0.0
0.0
0.0
0.0
0.0
0.0
0.0
0.0
0.0
0.0
0.0
0.0
0.0
0.0
0.0
0.0
0.0
0.0
0.0
0.0
0.0
0.0
0.0
0.0
0.0
0.0
0.0
0.0
0.0
0.0
0.0
0.0
0.0
0.0
0.0
0.0
0.0
0.0
0.0
0.0
0.0
0.0
0.0
0.0
0.0
0.0
0.0
0.0
0.0
0.0
0.0
0.0
0.0
0.0
0.0
0.0
0.0
0.0
0.0
0.0
0.0
0.0
0.0
0.0
0.0
0.0
0.0
0.0
0.0
0.0
0.0
0.0
0.0
0.0
0.0
0.0
0.0
0.0
0.0
0.0
0.0
0.0
0.0
0.0
0.0
0.0
0.0
0.0
0.0
0.0
0.0
0.0
0.0
0.0
0.0
0.0
0.0
0.0
0.0
0.0
0.0
0.0
0.0
0.0
0.0
0.0
0.0
0.0
0.0
0.0
0.0
0.0
0.0
0.0
0.0
0.0
0.0
0.0
0.0
0.0
0.0
0.0
0.0
0.0
0.0
0.0
0.0
0.0
0.0
0.0
0.0
0.0
0.0
0.0
0.0
0.0
0.0
0.0
0.0
0.0
0.0
0.0
0.0
0.0
0.0
0.0
0.0
0.0
0.0
0.0
