0.0
0.0
0.0
0.0
0.0
0.0
0.0
0.0
0.0
0.0
0.0
0.0
0.0
0.0
0.0
0.0
0.0
0.0
0.0
0.0
0.0
0.0
0.0
0.0
0.0
0.0
0.0
0.0
0.0
0.0
0.0
0.0
0.0
0.0
0.0
0.0
0.0
0.0
0.0
0.0
0.0
0.0
0.0
0.0
0.0
0.0
0.0
0.0
0.0
0.0
0.0
0.0
0.0
0.0
0.0
0.0
0.0
0.0
0.0
0.0
0.0
0.0
0.0
0.0
0.0
0.0
0.0
0.0
0.0
0.0
0.0
0.0
0.0
0.0
0.0
0.0
0.0
0.0
0.0
0.0
0.0
0.0
0.0
0.0
0.0
0.0
0.0
0.0
0.0
0.0
0.0
0.0
0.0
0.0
0.0
0.0
0.0
0.0
0.0
0.0
0.0
0.0
0.0
0.0
0.0
0.0
0.0
0.0
0.0
0.0
0.0
0.0
0.0
0.0
0.0
0.0
0.0
0.0
0.0
0.0
0.0
0.0
0.0
0.0
0.0
0.0
0.0
0.0
0.0
0.0
0.0
0.0
0.0
0.0
0.0
0.0
0.0
0.0
0.0
0.0
0.0
0.0
0.0
0.0
0.0
0.0
0.0
0.0
0.0
0.0
0.0
0.0
0.0
0.0
0.0
0.0
0.0
0.0
0.0
0.0
0.0
0.0
0.0
0.0
0.0
0.0
0.0
0.0
0.0
0.0
0.0
0.0
0.0
0.0
0.0
0.0
0.0
0.0
0.0
0.0
0.0
0.0
0.0
0.0
0.0
0.0
0.0
0.0
0.0
0.0
0.0
0.0
0.0
0.0
0.0
0.0
0.0
0.0
0.0
0.0
0.0
0.0
0.0
0.0
0.039215686274509776
0.08235294117647063
0.43529411764705883
0.47058823529411764
0.10196078431372546
0.050980392156862786
0.0
0.0
0.0
0.0
0.0
0.0
0.0
0.0
0.0
0.0
0.0
0.0
0.0
0.0
0.0
0.0
0.0
0.0
0.0
0.0
0.0
0.07843137254901966
0.7764705882352941
0.9921568627450981
0.9921568627450981
0.9921568627450981
0.9921568627450981
0.8784313725490196
0.12941176470588234
0.0
0.0
0.0
0.0
0.0
0.0
0.0
0.0
0.0
0.0
0.0
0.0
0.0
0.0
0.0
0.0
0.0
0.0
0.0
0.039215686274509776
0.9254901960784314
0.9921568627450981
0.7960784313725491
0.44313725490196076
0.22745098039215683
0.7176470588235294
0.9921568627450981
0.9372549019607843
0.2666666666666667
0.0
0.0
0.0
0.0
0.0
0.05490196078431375
0.43529411764705883
0.2196078431372549
0.0
0.0
0.0
0.0
0.0
0.0
0.0
0.0
0.0
0.0
0.3254901960784313
0.9921568627450981
0.803921568627451
0.0862745098039216
0.0
0.0
0.04313725490196074
0.41960784313725485
0.9882352941176471
0.9725490196078431
0.0
0.0
0.0
0.0
0.0
0.0
0.23529411764705888
0.7568627450980392
0.07450980392156858
0.0
0.0
0.0
0.0
0.0
0.0
0.0
0.0
0.1215686274509804
0.8941176470588235
0.9529411764705882
0.13725490196078427
0.0
0.0
0.0
0.0
0.0
0.7019607843137254
0.9843137254901961
0.20392156862745103
0.0
0.0
0.0
0.0
0.0
0.0
0.8980392156862745
0.43137254901960786
0.0
0.0
0.0
0.0
0.0
0.0
0.0
0.0
0.5137254901960784
0.9921568627450981
0.592156862745098
0.0
0.0
0.0
0.0
0.0
0.0
0.196078431372549
0.9921568627450981
0.3686274509803922
0.0
0.0
0.0
0.0
0.0
0.0
0.5686274509803921
0.9019607843137255
0.0
0.0
0.0
0.0
0.0
0.0
0.0
0.0
0.603921568627451
0.9803921568627452
0.21176470588235297
0.0
0.0
0.0
0.0
0.0
0.0
0.1215686274509804
0.9176470588235295
0.3686274509803922
0.0
0.0
0.0
0.0
0.0
0.0
0.5686274509803921
0.9921568627450981
0.0
0.0
0.0
0.0
0.0
0.0
0.0
0.0
0.7686274509803921
0.9607843137254902
0.07058823529411762
0.0
0.0
0.0
0.0
0.0
0.0
0.196078431372549
0.9921568627450981
0.3686274509803922
0.0
0.0
0.0
0.0
0.0
0.0
0.7294117647058824
0.6784313725490196
0.0
0.0
0.0
0.0
0.0
0.0
0.0
0.0
0.996078431372549
0.9529411764705882
0.0
0.0
0.0
0.0
0.0
0.0
0.0
0.44313725490196076
0.9921568627450981
0.3686274509803922
0.0
0.0
0.0
0.0
0.0
0.22352941176470587
0.9803921568627452
0.6
0.0
0.0
0.0
0.0
0.0
0.0
0.0
0.0
0.996078431372549
0.9529411764705882
0.0
0.0
0.0
0.0
0.0
0.0
0.0
0.584313725490196
0.9921568627450981
0.3686274509803922
0.0
0.0
0.0
0.0
0.2431372549019608
0.7960784313725491
0.9843137254901961
0.26274509803921564
0.0
0.0
0.0
0.0
0.0
0.0
0.0
0.0
0.996078431372549
0.9529411764705882
0.0
0.0
0.0
0.0
0.0
0.0
0.0
0.48235294117647054
0.9921568627450981
0.788235294117647
0.6627450980392157
0.5568627450980392
0.27450980392156865
0.4
0.8392156862745098
0.9921568627450981
0.7098039215686274
0.0
0.0
0.0
0.0
0.0
0.0
0.0
0.0
0.0
0.803921568627451
0.7215686274509804
0.0
0.0
0.0
0.0
0.0
0.0
0.0
0.10196078431372546
0.8627450980392157
0.996078431372549
0.9921568627450981
0.9921568627450981
0.996078431372549
0.9921568627450981
0.9803921568627452
0.7568627450980392
0.06274509803921569
0.0
0.0
0.0
0.0
0.0
0.0
0.0
0.0
0.0
0.18039215686274512
0.050980392156862786
0.0
0.0
0.0
0.0
0.0
0.0
0.0
0.0
0.2823529411764706
0.6784313725490196
0.6784313725490196
0.7686274509803921
0.8392156862745098
0.6784313725490196
0.2823529411764706
0.0
0.0
0.0
0.0
0.0
0.0
0.0
0.0
0.0
0.0
0.0
0.0
0.0
0.0
0.0
0.0
0.0
0.0
0.0
0.0
0.0
0.0
0.0
0.0
0.02352941176470591
0.039215686274509776
0.0
0.0
0.0
0.0
0.0
0.0
0.0
0.0
0.0
0.0
0.0
0.0
0.0
0.0
0.0
0.0
0.0
0.0
0.0
0.0
0.0
0.0
0.0
0.0
0.0
0.0
0.0
0.0
0.0
0.0
0.0
0.0
0.0
0.0
0.0
0.0
0.0
0.0
0.0
0.0
0.0
0.0
0.0
0.0
0.0
0.0
0.0
0.0
0.0
0.0
0.0
0.0
0.0
0.0
0.0
0.0
0.0
0.0
0.0
0.0
0.0
0.0
0.0
0.0
0.0
0.0
0.0
0.0
0.0
0.0
0.0
0.0
0.0
0.0
0.0
0.0
0.0
0.0
0.0
0.0
0.0
0.0
0.0
0.0
0.0
0.0
0.0
0.0
0.0
0.0
0.0
0.0
0.0
0.0
0.0
0.0
0.0
0.0
0.0
0.0
0.0
0.0
0.0
0.0
0.0
0.0
0.0
0.0
0.0
0.0
0.0
0.0
0.0
0.0
0.0
0.0
0.0
0.0
0.0
0.0
0.0
0.0
0.0
0.0
0.0
0.0
0.0
0.0
0.0
0.0
0.0
0.0
0.0
0.0
0.0
0.0
0.0
0.0
0.0
0.0
0.0
0.0
0.0
0.0
0.0
0.0
0.0
0.0
0.0
0.0
0.0
0.0
0.0
0.0
0.0
0.0
0.0
0.0
0.0
0.0
0.0
0.0
0.0
0.0
0.0
0.0
0.0
0.0
0.0
0.0
0.0
0.0
0.0
0.0
0.0
0.0
0.0
0.0
0.0
0.0
0.0
0.0
0.0
0.0
0.0
0.0
0.0
0.0
0.0
0.0
0.0
0.0
0.0
0.0
0.0
0.0
0.0
0.0
0.0
0.0
0.0
0.0
0.0
0.0
