0.0
0.0
0.0
0.0
0.0
0.0
0.0
0.0
0.0
0.0
0.0
0.0
0.0
0.0
0.0
0.0
0.0
0.0
0.0
0.0
0.0
0.0
0.0
0.0
0.0
0.0
0.0
0.0
0.0
0.0
0.0
0.0
0.0
0.0
0.0
0.0
0.0
0.0
0.0
0.0
0.0
0.0
0.0
0.0
0.0
0.0
0.0
0.0
0.0
0.0
0.0
0.0
0.0
0.0
0.0
0.0
0.0
0.0
0.0
0.0
0.0
0.0
0.0
0.0
0.0
0.0
0.0
0.0
0.0
0.0
0.0
0.0
0.0
0.0
0.0
0.0
0.0
0.0
0.0
0.0
0.0
0.0
0.0
0.0
0.0
0.0
0.0
0.0
0.0
0.0
0.0
0.0
0.0
0.0
0.0
0.0
0.0
0.0
0.0
0.0
0.0
0.0
0.0
0.0
0.0
0.0
0.0
0.0
0.0
0.0
0.0
0.0
0.0
0.0
0.0
0.0
0.0
0.0
0.0
0.0
0.0
0.0
0.0
0.0
0.0
0.0
0.0
0.0
0.0
0.0
0.0
0.0
0.0
0.0
0.0
0.0
0.0
0.0
0.0
0.0
0.0
0.0
0.0
0.0
0.0
0.0
0.0
0.0
0.0
0.0
0.0
0.0
0.0
0.0
0.0
0.0
0.0
0.0
0.0
0.0
0.0
0.0
0.0
0.0
0.0
0.0
0.0
0.0
0.0
0.0
0.0
0.0
0.0
0.0
0.0
0.0
0.0
0.0
0.0
0.0
0.0
0.0
0.0
0.0
0.0
0.0
0.0
0.0
0.0
0.0
0.0
0.0
0.0
0.0
0.0
0.0
0.0
0.0
0.0
0.0
0.0
0.0
0.0
0.0
0.0
0.0
0.0
0.0
0.0
0.0
0.0
0.0
0.0
0.0
0.0
0.0
0.0
0.16470588235294115
0.9490196078431372
0.9411764705882353
0.2901960784313725
0.0
0.0
0.0
0.0
0.0
0.0
0.0
0.0
0.0
0.09019607843137256
0.0
0.0
0.0
0.0
0.0
0.0
0.0
0.0
0.0
0.0
0.0
0.0
0.0
0.0
0.0039215686274509665
0.7294117647058824
0.996078431372549
0.9725490196078431
0.0
0.0
0.0
0.0
0.0
0.0
0.0
0.0
0.603921568627451
0.9411764705882353
0.42352941176470593
0.0
0.0
0.0
0.0
0.0
0.0
0.0
0.0
0.0
0.0
0.0
0.0
0.0
0.04705882352941182
0.9725490196078431
0.996078431372549
0.996078431372549
0.0
0.0
0.0
0.0
0.0
0.0
0.0
0.0
0.7725490196078432
0.996078431372549
0.7058823529411764
0.0
0.0
0.0
0.0
0.0
0.0
0.11372549019607847
0.7843137254901961
0.8980392156862745
0.8980392156862745
0.196078431372549
0.0
0.0
0.35686274509803917
0.996078431372549
0.996078431372549
0.803921568627451
0.0
0.0
0.0
0.0
0.0
0.0
0.0
0.0
0.9607843137254902
0.996078431372549
0.6392156862745098
0.0
0.0
0.0
0.0
0.04313725490196074
0.6745098039215687
0.9372549019607843
0.996078431372549
0.996078431372549
0.996078431372549
0.2196078431372549
0.0
0.015686274509803977
0.7411764705882353
0.996078431372549
0.996078431372549
0.5882352941176471
0.0
0.0
0.0
0.0
0.0
0.0
0.0
0.0
0.996078431372549
0.996078431372549
0.37254901960784315
0.0
0.0
0.0
0.04313725490196074
0.6941176470588235
0.996078431372549
0.996078431372549
0.996078431372549
0.996078431372549
0.8901960784313725
0.03137254901960784
0.0
0.3647058823529412
0.996078431372549
0.996078431372549
0.9843137254901961
0.15294117647058825
0.0
0.0
0.0
0.0
0.0
0.0
0.0
0.0
1.0
0.996078431372549
0.37254901960784315
0.0
0.0
0.04313725490196074
0.6980392156862745
0.996078431372549
0.996078431372549
0.996078431372549
0.996078431372549
0.996078431372549
0.5882352941176471
0.0
0.0
0.5764705882352941
0.996078431372549
0.996078431372549
0.803921568627451
0.0
0.0
0.0
0.0
0.0
0.0
0.0
0.0
0.0
0.996078431372549
0.996078431372549
0.37254901960784315
0.0
0.0
0.6862745098039216
0.996078431372549
0.996078431372549
0.9647058823529412
0.9725490196078431
0.996078431372549
0.9725490196078431
0.22745098039215683
0.0
0.12549019607843137
0.9529411764705882
0.996078431372549
0.9882352941176471
0.3137254901960784
0.0
0.0
0.0
0.0
0.0
0.0
0.0
0.0
0.0
1.0
0.996078431372549
0.6431372549019607
0.0
0.5294117647058824
0.9803921568627452
0.996078431372549
0.9686274509803922
0.3921568627450981
0.9686274509803922
0.996078431372549
0.8588235294117648
0.0
0.0
0.47058823529411764
0.996078431372549
0.996078431372549
0.6392156862745098
0.0
0.0
0.0
0.0
0.0
0.0
0.0
0.0
0.0
0.0
0.7254901960784313
0.996078431372549
0.7411764705882353
0.6470588235294117
0.9803921568627452
0.996078431372549
0.9686274509803922
0.3529411764705882
0.18823529411764706
0.996078431372549
0.996078431372549
0.5882352941176471
0.0
0.23921568627450984
0.9490196078431372
0.996078431372549
0.9137254901960784
0.05882352941176472
0.0
0.0
0.0
0.0
0.0
0.0
0.0
0.0
0.0
0.0
0.6588235294117647
0.996078431372549
0.996078431372549
0.996078431372549
0.996078431372549
0.9686274509803922
0.3529411764705882
0.0
0.18823529411764706
0.996078431372549
0.996078431372549
0.5215686274509803
0.2431372549019608
0.8745098039215686
0.996078431372549
0.9882352941176471
0.3176470588235294
0.0
0.0
0.0
0.0
0.0
0.0
0.0
0.0
0.0
0.0
0.0
0.2666666666666667
0.9882352941176471
0.996078431372549
0.996078431372549
0.9725490196078431
0.34901960784313724
0.0
0.0
0.04705882352941182
0.8823529411764706
0.996078431372549
0.8823529411764706
0.8666666666666667
0.996078431372549
0.9882352941176471
0.3921568627450981
0.0
0.0
0.0
0.0
0.0
0.0
0.0
0.0
0.0
0.0
0.0
0.0
0.0
0.3529411764705882
0.9372549019607843
0.8392156862745098
0.3254901960784313
0.0
0.0
0.0
0.0
0.5686274509803921
0.996078431372549
0.996078431372549
0.996078431372549
0.9058823529411765
0.30980392156862746
0.0
0.0
0.0
0.0
0.0
0.0
0.0
0.0
0.0
0.0
0.0
0.0
0.0
0.0
0.0
0.07843137254901966
0.015686274509803977
0.0
0.0
0.0
0.0
0.0
0.04705882352941182
0.4901960784313726
0.7843137254901961
0.33725490196078434
0.05882352941176472
0.0
0.0
0.0
0.0
0.0
0.0
0.0
0.0
0.0
0.0
0.0
0.0
0.0
0.0
0.0
0.0
0.0
0.0
0.0
0.0
0.0
0.0
0.0
0.0
0.0
0.0
0.0
0.0
0.0
0.0
0.0
0.0
0.0
0.0
0.0
0.0
0.0
0.0
0.0
0.0
0.0
0.0
0.0
0.0
0.0
0.0
0.0
0.0
0.0
0.0
0.0
0.0
0.0
0.0
0.0
0.0
0.0
0.0
0.0
0.0
0.0
0.0
0.0
0.0
0.0
0.0
0.0
0.0
0.0
0.0
0.0
0.0
0.0
0.0
0.0
0.0
0.0
0.0
0.0
0.0
0.0
0.0
0.0
0.0
0.0
0.0
0.0
0.0
0.0
0.0
0.0
0.0
0.0
0.0
0.0
0.0
0.0
0.0
0.0
0.0
0.0
0.0
0.0
0.0
0.0
0.0
0.0
0.0
0.0
0.0
0.0
0.0
0.0
0.0
0.0
0.0
0.0
0.0
0.0
0.0
0.0
0.0
0.0
0.0
0.0
0.0
0.0
0.0
0.0
0.0
0.0
0.0
0.0
0.0
0.0
0.0
0.0
0.0
0.0
0.0
0.0
0.0
0.0
0.0
0.0
0.0
0.0
0.0
0.0
0.0
0.0
0.0
0.0
0.0
0.0
0.0
0.0
0.0
0.0
0.0
0.0
0.0
0.0
0.0
0.0
0.0
0.0
0.0
0.0
0.0
0.0
0.0
0.0
0.0
0.0
0.0
0.0
0.0
0.0
0.0
0.0
0.0
0.0
0.0
0.0
0.0
0.0
0.0
0.0
0.0
0.0
0.0
0.0
0.0
0.0
0.0
0.0
0.0
0.0
0.0
0.0
0.0
0.0
0.0
0.0
