0.0
0.0
0.0
0.0
0.0
0.0
0.0
0.0
0.0
0.0
0.0
0.0
0.0
0.0
0.0
0.0
0.0
0.0
0.0
0.0
0.0
0.0
0.0
0.0
0.0
0.0
0.0
0.0
0.0
0.0
0.0
0.0
0.0
0.0
0.0
0.0
0.0
0.0
0.0
0.0
0.0
0.0
0.0
0.0
0.0
0.0
0.0
0.0
0.0
0.0
0.0
0.0
0.0
0.0
0.0
0.0
0.0
0.0
0.0
0.0
0.0
0.0
0.0
0.0
0.0
0.0
0.0
0.0
0.0
0.0
0.0
0.0
0.0
0.0
0.0
0.0
0.0
0.0
0.0
0.0
0.0
0.0
0.0
0.0
0.0
0.0
0.0
0.0
0.0
0.0
0.0
0.0
0.0
0.0
0.0
0.0
0.0
0.0
0.0
0.0
0.0
0.0
0.0
0.0
0.0
0.0
0.0
0.0
0.0
0.0
0.0
0.0
0.0
0.0
0.0
0.0
0.0
0.0
0.0
0.0
0.0
0.0
0.0
0.0
0.0
0.0
0.0
0.0
0.0
0.0
0.0
0.0
0.0
0.0
0.0
0.0
0.0
0.0
0.0
0.0
0.0
0.0
0.0
0.0
0.0
0.0
0.0
0.0
0.0
0.0
0.0
0.0
0.0
0.0
0.0
0.0
0.0
0.0
0.0
0.0
0.0
0.0
0.0
0.0
0.0
0.0
0.0
0.0
0.0
0.0
0.0
0.0
0.0
0.0
0.0
0.0
0.0
0.0
0.0
0.0
0.0
0.0
0.0
0.0
0.0
0.0
0.0
0.0
0.0
0.0
0.0
0.0
0.0
0.0
0.0
0.0
0.0
0.0
0.0
0.0
0.0
0.0
0.0
0.0
0.0
0.0
0.0
0.5529411764705883
0.807843137254902
0.6196078431372549
0.050980392156862786
0.0
0.0
0.0
0.0
0.0
0.0
0.0
0.0
0.0
0.0
0.0
0.0
0.0
0.0
0.0
0.0
0.0
0.0
0.0
0.0
0.0
0.0
0.23921568627450984
0.6862745098039216
0.9372549019607843
0.7764705882352941
0.996078431372549
0.47058823529411764
0.0
0.0
0.0
0.0
0.11372549019607847
0.27450980392156865
0.388235294117647
0.39607843137254906
0.4980392156862745
0.0
0.0
0.0
0.0
0.0
0.0
0.0
0.0
0.0
0.0
0.0
0.0
0.23921568627450984
0.9411764705882353
0.6941176470588235
0.09411764705882353
0.015686274509803977
0.6549019607843137
0.9372549019607843
0.19999999999999996
0.0
0.0
0.22745098039215683
0.8745098039215686
0.996078431372549
0.996078431372549
0.996078431372549
0.996078431372549
0.0
0.0
0.0
0.0
0.0
0.0
0.0
0.0
0.0
0.0
0.0
0.16078431372549018
0.8274509803921568
0.5019607843137255
0.0117647058823529
0.0
0.0
0.10196078431372546
0.9019607843137255
0.8352941176470589
0.03137254901960784
0.42352941176470593
0.9803921568627451
0.9019607843137255
0.7411764705882353
0.42352941176470593
0.43137254901960786
0.8392156862745098
0.0
0.0
0.0
0.0
0.0
0.0
0.0
0.0
0.0
0.0
0.16470588235294115
0.7960784313725491
0.5882352941176471
0.039215686274509776
0.0
0.0
0.0
0.0
0.7568627450980392
0.9843137254901961
0.5647058823529412
0.996078431372549
0.8745098039215686
0.14509803921568631
0.0
0.0
0.0
0.15294117647058825
0.0
0.0
0.0
0.0
0.0
0.0
0.0
0.0
0.0
0.0
0.5411764705882354
0.9411764705882353
0.05490196078431375
0.0
0.0
0.0
0.0
0.0
0.4274509803921569
0.996078431372549
0.996078431372549
0.6862745098039216
0.14901960784313728
0.0
0.0
0.0
0.0
0.0
0.0
0.0
0.0
0.0
0.0
0.0
0.0
0.0
0.0
0.22745098039215683
0.9843137254901961
0.4862745098039216
0.0
0.0
0.0
0.0
0.0
0.0
0.2196078431372549
0.996078431372549
0.996078431372549
0.2196078431372549
0.0
0.0
0.0
0.0
0.0
0.36078431372549025
0.0
0.0
0.0
0.0
0.0
0.0
0.0
0.0
0.0
0.8196078431372549
0.7529411764705882
0.007843137254901933
0.04705882352941182
0.18823529411764706
0.0
0.0
0.0
0.32156862745098036
0.8666666666666667
0.996078431372549
0.996078431372549
0.580392156862745
0.0980392156862745
0.0
0.0
0.0
0.06666666666666665
0.8431372549019608
0.0
0.0
0.0
0.0
0.0
0.0
0.0
0.0
0.2705882352941177
0.996078431372549
0.4274509803921569
0.09411764705882353
0.5607843137254902
0.2431372549019608
0.0
0.0
0.09411764705882353
0.9215686274509804
0.9215686274509804
0.4549019607843138
0.8470588235294118
0.996078431372549
0.8980392156862745
0.49411764705882355
0.26274509803921564
0.49411764705882355
0.788235294117647
0.996078431372549
0.0
0.0
0.0
0.0
0.0
0.0
0.0
0.0
0.6470588235294117
0.996078431372549
0.6666666666666667
0.9098039215686274
0.580392156862745
0.0
0.0
0.14509803921568631
0.6862745098039216
0.9764705882352941
0.3254901960784313
0.0
0.12549019607843137
0.8
0.996078431372549
0.996078431372549
0.996078431372549
1.0
0.9490196078431372
0.7450980392156863
0.0
0.0
0.0
0.0
0.0
0.0
0.0
0.0
0.8470588235294118
0.9607843137254902
0.7803921568627451
0.4509803921568627
0.08235294117647063
0.0
0.2588235294117647
0.8666666666666667
0.9764705882352941
0.5019607843137255
0.0
0.0
0.0
0.02352941176470591
0.4627450980392157
0.792156862745098
0.7450980392156863
0.5254901960784314
0.12941176470588234
0.0
0.0
0.0
0.0
0.0
0.0
0.0
0.0
0.0
0.14509803921568631
0.15294117647058825
0.0
0.0
0.0
0.14117647058823535
0.8705882352941177
0.9058823529411765
0.3411764705882353
0.0
0.0
0.0
0.0
0.0
0.0
0.0
0.0
0.0
0.0
0.0
0.0
0.0
0.0
0.0
0.0
0.0
0.0
0.0
0.0
0.0
0.0
0.0
0.2549019607843137
0.8705882352941177
0.996078431372549
0.3921568627450981
0.0
0.0
0.0
0.0
0.0
0.0
0.0
0.0
0.0
0.0
0.0
0.0
0.0
0.0
0.0
0.0
0.0
0.0
0.0
0.0
0.0
0.0
0.0
0.25098039215686274
0.8745098039215686
0.8784313725490196
0.28627450980392155
0.03137254901960784
0.0
0.0
0.0
0.0
0.0
0.0
0.0
0.0
0.0
0.0
0.0
0.0
0.0
0.0
0.0
0.0
0.0
0.0
0.0
0.0
0.0
0.0
0.0
0.7450980392156863
0.996078431372549
0.42352941176470593
0.0
0.0
0.0
0.0
0.0
0.0
0.0
0.0
0.0
0.0
0.0
0.0
0.0
0.0
0.0
0.0
0.0
0.0
0.0
0.0
0.0
0.0
0.0
0.0
0.0
0.7098039215686274
0.6235294117647059
0.14901960784313728
0.0
0.0
0.0
0.0
0.0
0.0
0.0
0.0
0.0
0.0
0.0
0.0
0.0
0.0
0.0
0.0
0.0
0.0
0.0
0.0
0.0
0.0
0.0
0.0
0.0
0.0
0.0
0.0
0.0
0.0
0.0
0.0
0.0
0.0
0.0
0.0
0.0
0.0
0.0
0.0
0.0
0.0
0.0
0.0
0.0
0.0
0.0
0.0
0.0
0.0
0.0
0.0
0.0
0.0
0.0
0.0
0.0
0.0
0.0
0.0
0.0
0.0
0.0
0.0
0.0
0.0
0.0
0.0
0.0
0.0
0.0
0.0
0.0
0.0
0.0
0.0
0.0
0.0
0.0
0.0
0.0
0.0
0.0
0.0
0.0
0.0
0.0
0.0
0.0
0.0
0.0
0.0
0.0
0.0
0.0
0.0
0.0
0.0
0.0
0.0
0.0
0.0
0.0
0.0
0.0
0.0
0.0
0.0
0.0
0.0
0.0
0.0
0.0
0.0
0.0
0.0
0.0
0.0
0.0
0.0
0.0
0.0
0.0
0.0
0.0
0.0
0.0
0.0
0.0
0.0
0.0
0.0
0.0
0.0
0.0
0.0
0.0
0.0
0.0
0.0
0.0
0.0
0.0
0.0
0.0
0.0
0.0
0.0
0.0
0.0
0.0
0.0
0.0
0.0
0.0
0.0
0.0
0.0
