0.0
0.0
0.0
0.0
0.0
0.0
0.0
0.0
0.0
0.0
0.0
0.0
0.0
0.0
0.0
0.0
0.0
0.0
0.0
0.0
0.0
0.0
0.0
0.0
0.0
0.0
0.0
0.0
0.0
0.0
0.0
0.0
0.0
0.0
0.0
0.0
0.0
0.0
0.0
0.0
0.0
0.0
0.0
0.0
0.0
0.0
0.0
0.0
0.0
0.0
0.0
0.0
0.0
0.0
0.0
0.0
0.0
0.0
0.0
0.0
0.0
0.0
0.0
0.0
0.0
0.0
0.0
0.0
0.0
0.0
0.0
0.0
0.0
0.0
0.0
0.0
0.0
0.0
0.0
0.0
0.0
0.0
0.0
0.0
0.0
0.0
0.0
0.0
0.0
0.0
0.0
0.0
0.0
0.0
0.0
0.0
0.0
0.0
0.0
0.0
0.0
0.0
0.0
0.0
0.0
0.0
0.0
0.0
0.0
0.0
0.0
0.0
0.0
0.0
0.0
0.0
0.0
0.0
0.0
0.0
0.0
0.0
0.0
0.0
0.0
0.0
0.0
0.0
0.0
0.0
0.0
0.0
0.11764705882352944
0.0
0.0
0.0
0.0
0.0
0.0
0.0
0.0
0.0
0.0
0.0
0.0
0.0
0.0
0.0
0.0
0.0
0.0
0.0
0.0
0.0
0.0
0.0
0.0
0.0
0.0
0.2431372549019608
0.9568627450980391
0.6941176470588235
0.2941176470588235
0.0
0.0
0.0
0.0
0.0
0.0
0.0
0.0
0.0
0.0
0.0
0.0
0.0
0.0
0.0
0.0
0.0
0.0
0.0
0.0
0.0
0.0
0.0
0.0
0.21176470588235297
0.792156862745098
0.9921568627450981
0.6901960784313725
0.0
0.0
0.0
0.0
0.0
0.0
0.0
0.0
0.0
0.0
0.48235294117647054
0.9529411764705882
0.9176470588235295
0.5215686274509803
0.5215686274509803
0.5215686274509803
0.5215686274509803
0.5215686274509803
0.5215686274509803
0.2666666666666667
0.0
0.0
0.0
0.0
0.0
0.25098039215686274
0.9921568627450981
0.8470588235294118
0.06666666666666665
0.0
0.0
0.0
0.0
0.0
0.0
0.0
0.0
0.0
0.6941176470588235
0.9921568627450981
0.9921568627450981
0.9921568627450981
0.9921568627450981
0.9921568627450981
0.9921568627450981
0.9921568627450981
0.9921568627450981
0.8980392156862745
0.06666666666666665
0.0
0.0
0.0
0.0
0.04705882352941182
0.9921568627450981
0.9921568627450981
0.22352941176470587
0.0
0.0
0.0
0.0
0.0
0.0
0.0
0.0
0.0
0.35686274509803917
0.9921568627450981
0.9921568627450981
0.4862745098039216
0.21568627450980393
0.6235294117647059
0.9921568627450981
0.9921568627450981
0.9921568627450981
0.996078431372549
0.3019607843137255
0.0
0.0
0.0
0.0
0.0117647058823529
0.6901960784313725
0.9921568627450981
0.5607843137254902
0.0
0.0
0.0
0.0
0.0
0.0
0.0
0.0
0.0
0.02352941176470591
0.8392156862745098
0.9921568627450981
0.34509803921568627
0.0
0.0039215686274509665
0.0862745098039216
0.7411764705882353
0.9921568627450981
0.8588235294117648
0.027450980392156876
0.0
0.0
0.0
0.0
0.0
0.4
0.9921568627450981
0.5764705882352941
0.0
0.0
0.0
0.0
0.0
0.0
0.0
0.0
0.0
0.0
0.8235294117647058
0.9921568627450981
0.41960784313725485
0.0
0.0
0.0
0.3058823529411765
0.9921568627450981
0.43529411764705883
0.0
0.0
0.0
0.0
0.0
0.0
0.17647058823529416
0.9921568627450981
0.9921568627450981
0.0
0.0
0.0
0.0
0.0
0.0
0.0
0.0
0.0
0.0
0.6901960784313725
0.9921568627450981
0.8431372549019608
0.06666666666666665
0.0
0.0
0.6235294117647059
0.9921568627450981
0.43529411764705883
0.0
0.0
0.0
0.0
0.0
0.0
0.17647058823529416
0.9921568627450981
0.9921568627450981
0.0
0.0
0.0
0.0
0.0
0.0
0.0
0.0
0.0
0.0
0.580392156862745
0.9921568627450981
0.8980392156862745
0.1215686274509804
0.0
0.07843137254901966
0.8509803921568627
0.9921568627450981
0.24705882352941178
0.0
0.0
0.0
0.0
0.0
0.0
0.17647058823529416
0.9921568627450981
0.9921568627450981
0.0
0.0
0.0
0.0
0.0
0.0
0.0
0.0
0.0
0.0
0.39607843137254906
0.996078431372549
0.7803921568627451
0.0
0.0
0.607843137254902
1.0
0.9411764705882353
0.0
0.0
0.0
0.0
0.0
0.0
0.0
0.42352941176470593
0.996078431372549
0.5607843137254902
0.0
0.0
0.0
0.0
0.0
0.0
0.0
0.0
0.0
0.0
0.5019607843137255
0.9921568627450981
0.6627450980392157
0.0
0.0
0.3058823529411765
0.9921568627450981
0.8627450980392157
0.0
0.0
0.0
0.0
0.0
0.0
0.0
0.607843137254902
0.9921568627450981
0.5607843137254902
0.0
0.0
0.0
0.0
0.0
0.0
0.0
0.0
0.0
0.0
0.8235294117647058
0.9921568627450981
0.34509803921568627
0.0
0.0
0.03137254901960784
0.7803921568627451
0.9921568627450981
0.0
0.0
0.0
0.0
0.0
0.0
0.0
0.607843137254902
0.9921568627450981
0.5607843137254902
0.0
0.0
0.0
0.0
0.0
0.0
0.0
0.0
0.0
0.0
0.8235294117647058
0.9843137254901961
0.3137254901960784
0.0
0.0
0.0
0.7372549019607844
0.9921568627450981
0.2313725490196078
0.0
0.0
0.0
0.0
0.0
0.0
0.607843137254902
0.9921568627450981
0.5607843137254902
0.0
0.0
0.0
0.0
0.0
0.0
0.0
0.0
0.0
0.05882352941176472
0.8627450980392157
0.9058823529411765
0.0
0.0
0.0
0.0
0.6431372549019607
0.9921568627450981
0.7176470588235294
0.0
0.0
0.0
0.0
0.0
0.03137254901960784
0.8588235294117648
0.9921568627450981
0.4666666666666667
0.0
0.0
0.0
0.0
0.0
0.0
0.0
0.0
0.0
0.6
0.9921568627450981
0.7529411764705882
0.0
0.0
0.0
0.0
0.19999999999999996
0.9490196078431372
0.9686274509803922
0.6666666666666667
0.06274509803921569
0.0
0.0
0.0
0.5333333333333333
0.9921568627450981
0.9921568627450981
0.12941176470588234
0.0
0.0
0.0
0.0
0.0
0.0
0.0
0.0
0.1215686274509804
0.9686274509803922
0.9764705882352941
0.2666666666666667
0.0
0.0
0.0
0.0
0.0
0.4549019607843138
0.996078431372549
0.9921568627450981
0.9254901960784314
0.4980392156862745
0.4784313725490196
0.4784313725490196
0.9490196078431372
0.9921568627450981
0.6941176470588235
0.0117647058823529
0.0
0.0
0.0
0.0
0.0
0.0
0.0
0.0
0.4745098039215686
0.9490196078431372
0.30980392156862746
0.0
0.0
0.0
0.0
0.0
0.0
0.0
0.6352941176470588
0.8196078431372549
0.9647058823529412
0.9921568627450981
0.9921568627450981
0.9921568627450981
0.9921568627450981
0.9647058823529412
0.21176470588235297
0.0
0.0
0.0
0.0
0.0
0.0
0.0
0.0
0.0
0.5019607843137255
0.32156862745098036
0.0
0.0
0.0
0.0
0.0
0.0
0.0
0.0
0.0
0.0
0.21568627450980393
0.6705882352941177
0.7568627450980392
0.9921568627450981
0.7137254901960784
0.38431372549019605
0.0
0.0
0.0
0.0
0.0
0.0
0.0
0.0
0.0
0.0
0.0
0.0
0.0
0.0
0.0
0.0
0.0
0.0
0.0
0.0
0.0
0.0
0.0
0.0
0.03137254901960784
0.12941176470588234
0.0117647058823529
0.0
0.0
0.0
0.0
0.0
0.0
0.0
0.0
0.0
0.0
0.0
0.0
0.0
0.0
0.0
0.0
0.0
0.0
0.0
0.0
0.0
0.0
0.0
0.0
0.0
0.0
0.0
0.0
0.0
0.0
0.0
0.0
0.0
0.0
0.0
0.0
0.0
0.0
0.0
0.0
0.0
0.0
0.0
0.0
0.0
0.0
0.0
0.0
0.0
0.0
0.0
0.0
0.0
0.0
0.0
0.0
0.0
0.0
0.0
0.0
0.0
0.0
0.0
0.0
0.0
0.0
0.0
0.0
0.0
0.0
0.0
0.0
0.0
0.0
0.0
0.0
0.0
0.0
0.0
0.0
0.0
0.0
0.0
0.0
0.0
0.0
0.0
0.0
0.0
0.0
0.0
0.0
0.0
0.0
0.0
0.0
0.0
0.0
0.0
0.0
0.0
0.0
0.0
0.0
0.0
0.0
0.0
0.0
0.0
0.0
0.0
0.0
0.0
0.0
0.0
0.0
0.0
0.0
0.0
