0.0
0.0
0.0
0.0
0.0
0.0
0.0
0.0
0.0
0.0
0.0
0.0
0.0
0.0
0.0
0.0
0.0
0.0
0.0
0.0
0.0
0.0
0.0
0.0
0.0
0.0
0.0
0.0
0.0
0.0
0.0
0.0
0.0
0.0
0.0
0.0
0.0
0.0
0.0
0.0
0.0
0.0
0.0
0.0
0.0
0.0
0.0
0.0
0.0
0.0
0.0
0.0
0.0
0.0
0.0
0.0
0.0
0.0
0.0
0.0
0.0
0.0
0.0
0.0
0.0
0.0
0.0
0.0
0.0
0.0
0.0
0.0
0.0
0.0
0.0
0.0
0.0
0.0
0.0
0.0
0.0
0.0
0.0
0.0
0.0
0.0
0.0
0.0
0.0
0.0
0.0
0.0
0.0
0.0
0.0
0.0
0.0
0.0
0.0
0.0
0.0
0.0
0.0
0.0
0.0
0.0
0.0
0.0
0.0
0.0
0.0
0.0
0.0
0.0
0.0
0.0
0.0
0.0
0.0
0.0
0.0
0.0
0.0
0.0
0.019607843137254943
0.3764705882352941
0.5137254901960784
0.5137254901960784
0.1333333333333333
0.019607843137254943
0.0
0.0
0.0
0.0
0.0
0.0
0.0
0.0
0.0
0.0
0.0
0.0
0.0
0.0
0.0
0.0
0.0
0.0
0.0
0.0
0.007843137254901933
0.3764705882352941
0.8549019607843137
0.996078431372549
0.996078431372549
0.996078431372549
0.996078431372549
0.8509803921568627
0.09019607843137256
0.0
0.0
0.0
0.0
0.0
0.0
0.0
0.0
0.0
0.0
0.0
0.0
0.0
0.0
0.0
0.0
0.0
0.0
0.0
0.14901960784313728
0.996078431372549
0.996078431372549
0.996078431372549
0.996078431372549
0.996078431372549
0.996078431372549
0.996078431372549
0.1686274509803921
0.0
0.0
0.0
0.0
0.0
0.0
0.0
0.0
0.0
0.0
0.0
0.0
0.0
0.0
0.0
0.0
0.0
0.0
0.0
0.06274509803921569
0.7333333333333334
0.8980392156862745
0.8980392156862745
0.9254901960784314
0.996078431372549
0.996078431372549
0.996078431372549
0.4901960784313726
0.015686274509803977
0.0
0.0
0.0
0.0
0.0
0.0
0.0
0.0
0.0
0.0
0.0
0.0
0.0
0.0
0.0
0.0
0.0
0.0
0.0
0.0
0.0
0.0
0.24705882352941178
0.996078431372549
0.996078431372549
0.996078431372549
0.9568627450980393
0.12549019607843137
0.0
0.0
0.0
0.0
0.0
0.0
0.0
0.0
0.0
0.0
0.0
0.0
0.0
0.0
0.0
0.0
0.0
0.0
0.0
0.0
0.0
0.0
0.12549019607843137
0.8784313725490196
0.996078431372549
0.996078431372549
0.8235294117647058
0.07058823529411762
0.0
0.0
0.0
0.0
0.0
0.0
0.0
0.0
0.0
0.0
0.0
0.0
0.0
0.0
0.0
0.0
0.0
0.0
0.0
0.0
0.0
0.0
0.24705882352941178
0.996078431372549
0.996078431372549
0.996078431372549
0.8235294117647058
0.07058823529411762
0.0
0.0
0.0
0.0
0.0
0.0
0.0
0.0
0.0
0.0
0.0
0.0
0.0
0.10196078431372546
0.09411764705882353
0.0
0.0
0.0
0.0
0.0
0.0
0.0
0.24705882352941178
0.996078431372549
0.996078431372549
0.996078431372549
0.6549019607843137
0.0
0.0
0.0
0.3058823529411765
0.03137254901960784
0.0
0.0
0.0
0.0
0.0
0.0
0.0
0.0
0.0
0.8627450980392157
0.8431372549019608
0.6745098039215687
0.09411764705882353
0.0
0.0
0.0
0.0
0.0
0.24705882352941178
0.996078431372549
0.996078431372549
0.996078431372549
0.6549019607843137
0.0
0.0
0.0
0.44313725490196076
0.6196078431372549
0.0117647058823529
0.0
0.0
0.0
0.0
0.0
0.0
0.0
0.0
0.8823529411764706
0.996078431372549
0.996078431372549
0.5294117647058824
0.0
0.0
0.0
0.0
0.0
0.24705882352941178
0.996078431372549
0.996078431372549
0.996078431372549
0.6549019607843137
0.0
0.0
0.0
0.44313725490196076
0.8745098039215686
0.13725490196078427
0.0
0.0
0.0
0.0
0.0
0.0
0.0
0.0
0.6431372549019607
0.996078431372549
0.996078431372549
0.8980392156862745
0.0
0.0
0.0
0.0
0.0
0.3803921568627451
0.996078431372549
0.996078431372549
0.996078431372549
0.6549019607843137
0.0
0.0
0.0
0.44313725490196076
0.996078431372549
0.7490196078431373
0.0
0.0
0.0
0.0
0.0
0.0
0.0
0.0
0.6196078431372549
0.996078431372549
0.996078431372549
0.8980392156862745
0.0
0.0
0.0
0.0
0.0
0.7333333333333334
0.996078431372549
0.996078431372549
0.996078431372549
0.27450980392156865
0.0
0.0
0.0
0.584313725490196
0.996078431372549
0.8941176470588236
0.0
0.0
0.0
0.0
0.0
0.0
0.0
0.0
0.5137254901960784
0.996078431372549
0.996078431372549
0.9803921568627451
0.3137254901960784
0.0
0.0
0.0
0.0
0.7333333333333334
0.996078431372549
0.996078431372549
0.996078431372549
0.1686274509803921
0.0
0.0
0.0
0.9294117647058824
0.996078431372549
0.996078431372549
0.0
0.0
0.0
0.0
0.0
0.0
0.0
0.0
0.1098039215686275
0.996078431372549
0.996078431372549
0.996078431372549
0.5529411764705883
0.0
0.0
0.0
0.0
0.5647058823529412
0.996078431372549
0.996078431372549
0.996078431372549
0.1686274509803921
0.0
0.0
0.5137254901960784
0.9882352941176471
0.996078431372549
0.996078431372549
0.0
0.0
0.0
0.0
0.0
0.0
0.0
0.0
0.027450980392156876
0.996078431372549
0.996078431372549
0.996078431372549
0.9803921568627451
0.3137254901960784
0.0
0.0
0.0
0.24705882352941178
0.996078431372549
0.996078431372549
0.996078431372549
0.8784313725490196
0.8549019607843137
0.8549019607843137
0.9843137254901961
0.996078431372549
0.996078431372549
0.996078431372549
0.0
0.0
0.0
0.0
0.0
0.0
0.0
0.0
0.015686274509803977
0.8156862745098039
0.996078431372549
0.996078431372549
0.996078431372549
0.3647058823529412
0.0
0.0
0.0
0.14901960784313728
0.7098039215686274
0.996078431372549
0.996078431372549
0.996078431372549
0.996078431372549
0.996078431372549
0.996078431372549
0.996078431372549
0.996078431372549
0.5647058823529412
0.0
0.0
0.0
0.0
0.0
0.0
0.0
0.0
0.0117647058823529
0.7294117647058824
0.996078431372549
0.996078431372549
0.996078431372549
0.3647058823529412
0.0
0.0
0.0
0.0
0.027450980392156876
0.6
0.996078431372549
0.996078431372549
0.996078431372549
0.996078431372549
1.0
0.596078431372549
0.09411764705882353
0.050980392156862786
0.0
0.0
0.0
0.0
0.0
0.0
0.0
0.0
0.0039215686274509665
0.5686274509803921
0.996078431372549
0.996078431372549
0.996078431372549
0.3647058823529412
0.0
0.0
0.0
0.0
0.0
0.02352941176470591
0.07058823529411762
0.07058823529411762
0.07058823529411762
0.07058823529411762
0.07058823529411762
0.039215686274509776
0.0
0.0
0.0
0.0
0.0
0.0
0.0
0.0
0.0
0.0
0.0
0.5372549019607843
0.996078431372549
0.996078431372549
0.9411764705882353
0.196078431372549
0.0
0.0
0.0
0.0
0.0
0.0
0.0
0.0
0.0
0.0
0.0
0.0
0.0
0.0
0.0
0.0
0.0
0.0
0.0
0.0
0.0
0.0
0.0
0.2784313725490196
0.5098039215686274
0.5098039215686274
0.207843137254902
0.0
0.0
0.0
0.0
0.0
0.0
0.0
0.0
0.0
0.0
0.0
0.0
0.0
0.0
0.0
0.0
0.0
0.0
0.0
0.0
0.0
0.0
0.0
0.0
0.0
0.0
0.0
0.0
0.0
0.0
0.0
0.0
0.0
0.0
0.0
0.0
0.0
0.0
0.0
0.0
0.0
0.0
0.0
0.0
0.0
0.0
0.0
0.0
0.0
0.0
0.0
0.0
0.0
0.0
0.0
0.0
0.0
0.0
0.0
0.0
0.0
0.0
0.0
0.0
0.0
0.0
0.0
0.0
0.0
0.0
0.0
0.0
0.0
0.0
0.0
0.0
0.0
0.0
0.0
0.0
0.0
0.0
0.0
0.0
0.0
0.0
0.0
0.0
0.0
0.0
0.0
0.0
0.0
0.0
0.0
0.0
0.0
0.0
0.0
0.0
0.0
0.0
0.0
0.0
0.0
0.0
0.0
0.0
0.0
0.0
0.0
0.0
0.0
0.0
0.0
0.0
0.0
0.0
0.0
0.0
0.0
0.0
0.0
0.0
0.0
0.0
0.0
0.0
0.0
0.0
