0.0
0.0
0.0
0.0
0.0
0.0
0.0
0.0
0.0
0.0
0.0
0.0
0.0
0.0
0.0
0.0
0.0
0.0
0.0
0.0
0.0
0.0
0.0
0.0
0.0
0.0
0.0
0.0
0.0
0.0
0.0
0.0
0.0
0.0
0.0
0.0
0.0
0.0
0.0
0.0
0.0
0.0
0.0
0.0
0.0
0.0
0.0
0.0
0.0
0.0
0.0
0.0
0.0
0.0
0.0
0.0
0.0
0.0
0.0
0.0
0.0
0.0
0.0
0.0
0.0
0.0
0.0
0.0
0.0
0.0
0.0
0.0
0.0
0.0
0.0
0.0
0.0
0.0
0.0
0.0
0.0
0.0
0.0
0.0
0.0
0.0
0.0
0.0
0.0
0.0
0.0
0.0
0.0
0.0
0.0
0.0
0.0
0.0
0.0
0.0
0.0
0.0
0.0
0.0
0.0
0.0
0.0
0.0
0.0
0.0
0.0
0.0
0.0
0.0
0.0
0.0
0.0
0.0
0.0
0.0
0.0
0.0
0.0
0.0
0.0
0.0
0.0
0.0
0.0
0.0
0.0
0.0
0.0
0.0
0.0
0.0
0.0
0.0
0.0
0.0
0.0
0.0
0.0
0.0
0.0
0.0
0.0
0.0
0.0
0.0
0.0
0.0
0.0
0.0
0.0
0.0
0.0
0.0
0.0
0.0
0.0
0.0
0.0
0.0
0.0
0.0
0.0
0.0
0.0
0.0
0.0
0.0
0.0
0.0
0.0
0.06666666666666665
0.09411764705882353
0.29803921568627456
0.792156862745098
0.9098039215686274
0.41960784313725485
0.05882352941176472
0.0
0.0
0.0
0.0
0.0
0.0
0.0
0.0
0.0
0.0
0.0
0.0
0.0
0.0
0.0
0.0
0.0
0.0
0.0
0.0
0.19999999999999996
0.8941176470588236
0.9882352941176471
0.9882352941176471
0.9921568627450981
0.9882352941176471
0.9882352941176471
0.8588235294117648
0.05882352941176472
0.0
0.0
0.0
0.0
0.0
0.019607843137254943
0.2666666666666667
0.6313725490196078
0.196078431372549
0.0
0.0
0.0
0.0
0.0
0.0
0.0
0.0
0.0
0.0
0.6313725490196078
0.9882352941176471
0.9882352941176471
0.8666666666666667
0.2705882352941177
0.603921568627451
0.9882352941176471
0.9882352941176471
0.41960784313725485
0.0
0.0
0.0
0.0
0.33333333333333337
0.7490196078431373
0.9882352941176471
0.9882352941176471
0.8901960784313725
0.18823529411764706
0.0
0.0
0.0
0.0
0.0
0.0
0.0
0.0
0.0
0.6313725490196078
0.9882352941176471
0.6901960784313725
0.13725490196078427
0.0
0.03529411764705881
0.603921568627451
0.9882352941176471
0.7019607843137254
0.0
0.0
0.0
0.0
0.2901960784313725
0.38431372549019605
0.4666666666666667
0.8901960784313725
0.9882352941176471
0.5372549019607843
0.0
0.0
0.0
0.0
0.0
0.0
0.0
0.0
0.0
0.6313725490196078
0.9882352941176471
0.17647058823529416
0.0
0.0
0.0
0.27450980392156865
0.9882352941176471
0.9882352941176471
0.207843137254902
0.0
0.0
0.0
0.0
0.0
0.0
0.7215686274509804
0.9882352941176471
0.5372549019607843
0.0
0.0
0.0
0.0
0.0
0.0
0.0
0.0
0.0
0.592156862745098
0.9921568627450981
0.18039215686274512
0.0
0.0
0.0
0.0
0.8156862745098039
0.9921568627450981
0.7019607843137254
0.0
0.0
0.0
0.0
0.0
0.0
0.7254901960784313
0.9921568627450981
0.5372549019607843
0.0
0.0
0.0
0.0
0.0
0.0
0.0
0.0
0.0
0.1843137254901961
0.8156862745098039
0.06666666666666665
0.0
0.0
0.0
0.0
0.5215686274509803
0.9882352941176471
0.9019607843137255
0.0
0.0
0.0
0.0
0.0
0.0
0.7215686274509804
0.9882352941176471
0.5372549019607843
0.0
0.0
0.0
0.0
0.0
0.0
0.0
0.0
0.0
0.5098039215686274
0.9176470588235294
0.12941176470588234
0.0
0.0
0.0
0.0
0.2666666666666667
0.9647058823529412
0.9294117647058824
0.22352941176470587
0.0
0.0
0.0
0.0
0.0
0.7215686274509804
0.9882352941176471
0.5372549019607843
0.0
0.0
0.0
0.0
0.0
0.0
0.0
0.0
0.0
0.6313725490196078
0.9882352941176471
0.17647058823529416
0.0
0.0
0.0
0.0
0.0
0.7372549019607844
0.9921568627450981
0.807843137254902
0.0
0.0
0.0
0.0
0.0
0.7215686274509804
0.9882352941176471
0.5372549019607843
0.0
0.0
0.0
0.0
0.0
0.0
0.0
0.0
0.0
0.6313725490196078
0.9882352941176471
0.17647058823529416
0.0
0.0
0.0
0.0
0.0
0.24705882352941178
0.9921568627450981
0.9725490196078431
0.4509803921568627
0.0
0.0
0.0
0.1686274509803921
0.9647058823529412
0.9882352941176471
0.33333333333333337
0.0
0.0
0.0
0.0
0.0
0.0
0.0
0.0
0.2588235294117647
0.8313725490196078
0.8431372549019608
0.08235294117647063
0.0
0.0
0.0
0.0
0.0
0.0
1.0
0.9921568627450981
0.7450980392156863
0.019607843137254943
0.0
0.0117647058823529
0.4627450980392157
0.9921568627450981
0.7960784313725491
0.04313725490196074
0.0
0.0
0.0
0.0
0.0
0.0
0.0
0.0
0.3803921568627451
0.9882352941176471
0.7176470588235294
0.0
0.0
0.0
0.0
0.0
0.0
0.0
0.6235294117647059
0.9882352941176471
0.9882352941176471
0.5294117647058824
0.1843137254901961
0.17647058823529416
0.9882352941176471
0.9882352941176471
0.3411764705882353
0.0
0.0
0.0
0.0
0.0
0.0
0.0
0.0
0.0
0.5411764705882354
0.9882352941176471
0.7176470588235294
0.0
0.0
0.0
0.0
0.0
0.0
0.0
0.06666666666666665
0.8901960784313725
0.9882352941176471
0.9882352941176471
0.9882352941176471
0.8705882352941177
0.9882352941176471
0.9137254901960784
0.12941176470588234
0.0
0.0
0.0
0.0
0.0
0.0
0.0
0.0
0.0
0.5411764705882354
0.9882352941176471
0.7176470588235294
0.0
0.0
0.0
0.0
0.0
0.0
0.0
0.0
0.11372549019607847
0.3019607843137255
0.9254901960784314
0.9882352941176471
0.9921568627450981
0.9882352941176471
0.7176470588235294
0.0
0.0
0.0
0.0
0.0
0.0
0.0
0.0
0.0
0.0
0.5411764705882354
0.9882352941176471
0.5098039215686274
0.0
0.0
0.0
0.0
0.0
0.0
0.0
0.0
0.0
0.0
0.23921568627450984
0.5372549019607843
0.5372549019607843
0.5372549019607843
0.18823529411764706
0.0
0.0
0.0
0.0
0.0
0.0
0.0
0.0
0.0
0.0
0.584313725490196
0.9921568627450981
0.2705882352941177
0.0
0.0
0.0
0.0
0.0
0.0
0.0
0.0
0.0
0.0
0.0
0.0
0.0
0.0
0.0
0.0
0.0
0.0
0.0
0.0
0.0
0.0
0.0
0.0
0.0
0.9921568627450981
0.9568627450980393
0.2196078431372549
0.0
0.0
0.0
0.0
0.0
0.0
0.0
0.0
0.0
0.0
0.0
0.0
0.0
0.0
0.0
0.0
0.0
0.0
0.0
0.0
0.0
0.0
0.0
0.0
0.0
0.9921568627450981
0.6
0.0
0.0
0.0
0.0
0.0
0.0
0.0
0.0
0.0
0.0
0.0
0.0
0.0
0.0
0.0
0.0
0.0
0.0
0.0
0.0
0.0
0.0
0.0
0.0
0.0
0.0
0.9921568627450981
0.807843137254902
0.0
0.0
0.0
0.0
0.0
0.0
0.0
0.0
0.0
0.0
0.0
0.0
0.0
0.0
0.0
0.0
0.0
0.0
0.0
0.0
0.0
0.0
0.0
0.0
0.0
0.0
0.580392156862745
0.4
0.0
0.0
0.0
0.0
0.0
0.0
0.0
0.0
0.0
0.0
0.0
0.0
0.0
0.0
0.0
0.0
0.0
0.0
0.0
0.0
0.0
0.0
0.0
0.0
0.0
0.0
0.0
0.0
0.0
0.0
0.0
0.0
0.0
0.0
0.0
0.0
0.0
0.0
0.0
0.0
0.0
0.0
0.0
0.0
0.0
0.0
0.0
0.0
0.0
0.0
0.0
0.0
0.0
0.0
0.0
0.0
0.0
0.0
0.0
0.0
0.0
0.0
0.0
0.0
0.0
0.0
0.0
0.0
0.0
0.0
0.0
0.0
0.0
0.0
0.0
0.0
0.0
