0.0
0.0
0.0
0.0
0.0
0.0
0.0
0.0
0.0
0.0
0.0
0.0
0.0
0.0
0.0
0.0
0.0
0.0
0.0
0.0
0.0
0.0
0.0
0.0
0.0
0.0
0.0
0.0
0.0
0.0
0.0
0.0
0.0
0.0
0.0
0.0
0.0
0.0
0.0
0.0
0.0
0.0
0.0
0.0
0.0
0.0
0.0
0.0
0.0
0.0
0.0
0.0
0.0
0.0
0.0
0.0
0.0
0.0
0.0
0.0
0.0
0.0
0.0
0.0
0.0
0.0
0.0
0.0
0.0
0.0
0.0
0.0
0.0
0.0
0.0
0.0
0.0
0.0
0.0
0.0
0.0
0.0
0.0
0.0
0.0
0.0
0.0
0.0
0.0
0.0
0.0
0.0
0.0
0.0
0.0
0.0
0.0
0.0
0.0
0.0
0.0
0.0
0.0
0.0
0.0
0.0
0.0
0.0
0.0
0.0
0.0
0.0
0.0
0.0
0.0
0.0
0.0
0.0
0.0
0.0
0.0
0.0
0.0
0.0
0.0
0.0
0.0
0.0
0.0
0.0
0.0
0.0
0.0
0.0
0.0
0.0
0.0
0.0
0.0
0.0
0.0
0.0
0.0
0.0
0.0
0.0
0.0
0.0
0.0
0.0
0.0
0.0
0.0
0.0
0.0
0.0
0.0
0.0
0.0
0.0
0.0
0.0
0.0
0.0
0.0
0.0
0.0
0.0
0.0
0.0
0.0
0.0
0.0
0.0
0.0
0.0
0.0
0.0
0.0
0.0
0.0
0.0
0.0
0.0
0.0
0.0
0.0
0.0
0.0
0.0
0.0
0.0
0.0
0.0
0.0
0.0
0.0
0.0
0.0
0.0
0.0
0.0
0.0
0.0
0.0
0.0
0.0
0.0
0.0
0.0
0.0
0.0
0.0
0.0
0.0
0.0
0.0
0.0
0.0
0.0
0.0
0.0
0.0
0.0
0.0
0.0
0.0
0.0
0.0
0.0
0.0
0.0
0.0
0.0
0.0
0.0
0.0
0.0
0.0
0.0
0.0
0.0
0.07058823529411762
0.2588235294117647
0.2549019607843137
0.2588235294117647
0.2549019607843137
0.1098039215686275
0.0
0.0
0.0
0.0
0.0
0.0
0.0
0.0
0.0
0.0
0.0
0.0
0.0
0.0
0.0
0.0
0.0
0.0
0.0
0.0
0.14509803921568631
0.49411764705882355
0.8980392156862745
0.996078431372549
0.9921568627450981
0.996078431372549
0.996078431372549
0.9176470588235294
0.37254901960784315
0.0
0.0
0.0
0.0
0.0
0.0
0.0
0.0
0.0
0.0
0.0
0.0
0.0
0.0
0.0
0.0
0.0
0.0
0.24705882352941178
0.8784313725490196
0.9921568627450981
0.9921568627450981
0.996078431372549
0.9019607843137255
0.7411764705882353
0.996078431372549
0.996078431372549
0.7176470588235294
0.0
0.0
0.0
0.0
0.0
0.0
0.0
0.0
0.0
0.0
0.07843137254901966
0.1215686274509804
0.23529411764705888
0.5058823529411764
0.3803921568627451
0.1215686274509804
0.1215686274509804
0.27450980392156865
0.9764705882352941
0.9921568627450981
0.9921568627450981
0.9137254901960784
0.49411764705882355
0.06666666666666665
0.0862745098039216
0.8941176470588236
0.996078431372549
0.9921568627450981
0.0
0.0
0.0
0.0
0.0
0.0
0.0
0.0
0.0
0.015686274509803977
0.7607843137254902
0.996078431372549
0.9921568627450981
0.9921568627450981
0.9921568627450981
0.9921568627450981
0.996078431372549
0.9921568627450981
0.9921568627450981
0.996078431372549
0.8196078431372549
0.09019607843137256
0.0
0.0
0.13725490196078427
0.996078431372549
0.996078431372549
0.7098039215686274
0.0
0.0
0.0
0.0
0.0
0.0
0.0
0.0
0.03529411764705881
0.6509803921568628
0.9921568627450981
0.9921568627450981
0.9490196078431372
0.792156862745098
0.5764705882352941
0.8627450980392157
0.9921568627450981
0.9921568627450981
0.9921568627450981
0.9921568627450981
0.615686274509804
0.11372549019607847
0.0
0.0
0.5686274509803921
0.9921568627450981
0.996078431372549
0.5411764705882354
0.0
0.0
0.0
0.0
0.0
0.0
0.0
0.0
0.5137254901960784
0.996078431372549
0.9921568627450981
0.9333333333333333
0.16470588235294115
0.0
0.0
0.3058823529411765
0.996078431372549
0.9921568627450981
0.9921568627450981
0.996078431372549
0.9921568627450981
0.9294117647058824
0.7647058823529411
0.7607843137254902
0.9764705882352941
0.996078431372549
0.8588235294117648
0.050980392156862786
0.0
0.0
0.0
0.0
0.0
0.0
0.0
0.0
0.6823529411764706
0.9921568627450981
0.9921568627450981
0.3019607843137255
0.0
0.0
0.06666666666666665
0.9450980392156862
0.9921568627450981
0.9921568627450981
0.6745098039215687
0.40784313725490196
0.40784313725490196
0.6666666666666667
0.9725490196078431
0.9921568627450981
0.996078431372549
0.7098039215686274
0.1843137254901961
0.0
0.0
0.0
0.0
0.0
0.0
0.0
0.0
0.0
1.0
0.9921568627450981
0.9921568627450981
0.13725490196078427
0.0
0.050980392156862786
0.603921568627451
0.9921568627450981
0.9921568627450981
0.9137254901960784
0.11372549019607847
0.0
0.0
0.0
0.1725490196078432
0.19215686274509802
0.34901960784313724
0.050980392156862786
0.0
0.0
0.0
0.0
0.0
0.0
0.0
0.0
0.0
0.0
0.9058823529411765
0.996078431372549
0.9921568627450981
0.13725490196078427
0.0
0.45882352941176474
0.996078431372549
0.9921568627450981
0.996078431372549
0.4627450980392157
0.0
0.0
0.0
0.0
0.0
0.0
0.0
0.0
0.0
0.0
0.0
0.0
0.0
0.0
0.0
0.0
0.0
0.0
0.41960784313725485
0.9843137254901961
0.9921568627450981
0.3411764705882353
0.17647058823529416
0.9411764705882353
0.9921568627450981
0.9921568627450981
0.6549019607843137
0.0039215686274509665
0.0
0.0
0.0
0.0
0.0
0.0
0.0
0.0
0.0
0.0
0.0
0.0
0.0
0.0
0.0
0.0
0.0
0.0
0.0
0.4549019607843138
0.9921568627450981
0.9921568627450981
0.9921568627450981
0.9921568627450981
0.9921568627450981
0.9490196078431372
0.1686274509803921
0.0
0.0
0.0
0.0
0.0
0.0
0.0
0.0
0.0
0.0
0.0
0.0
0.0
0.0
0.0
0.0
0.0
0.0
0.0
0.0
0.007843137254901933
0.14117647058823535
0.8901960784313725
0.996078431372549
0.996078431372549
0.996078431372549
0.4549019607843138
0.0
0.0
0.0
0.0
0.0
0.0
0.0
0.0
0.0
0.0
0.0
0.0
0.0
0.0
0.0
0.0
0.0
0.0
0.0
0.0
0.0
0.0
0.2549019607843137
0.9921568627450981
0.9921568627450981
0.9921568627450981
0.48235294117647054
0.019607843137254943
0.0
0.0
0.0
0.0
0.0
0.0
0.0
0.0
0.0
0.0
0.0
0.0
0.0
0.0
0.0
0.0
0.0
0.0
0.0
0.0
0.0
0.0
0.1215686274509804
0.4980392156862745
0.8588235294117648
0.45882352941176474
0.02352941176470591
0.0
0.0
0.0
0.0
0.0
0.0
0.0
0.0
0.0
0.0
0.0
0.0
0.0
0.0
0.0
0.0
0.0
0.0
0.0
0.0
0.0
0.0
0.0
0.0
0.0
0.0
0.0
0.0
0.0
0.0
0.0
0.0
0.0
0.0
0.0
0.0
0.0
0.0
0.0
0.0
0.0
0.0
0.0
0.0
0.0
0.0
0.0
0.0
0.0
0.0
0.0
0.0
0.0
0.0
0.0
0.0
0.0
0.0
0.0
0.0
0.0
0.0
0.0
0.0
0.0
0.0
0.0
0.0
0.0
0.0
0.0
0.0
0.0
0.0
0.0
0.0
0.0
0.0
0.0
0.0
0.0
0.0
0.0
0.0
0.0
0.0
0.0
0.0
0.0
0.0
0.0
0.0
0.0
0.0
0.0
0.0
0.0
0.0
0.0
0.0
0.0
0.0
0.0
0.0
0.0
0.0
0.0
0.0
0.0
0.0
0.0
0.0
0.0
0.0
0.0
0.0
0.0
0.0
0.0
0.0
0.0
0.0
0.0
0.0
0.0
0.0
0.0
0.0
0.0
0.0
0.0
0.0
0.0
0.0
0.0
0.0
0.0
0.0
0.0
0.0
0.0
0.0
0.0
0.0
0.0
0.0
0.0
0.0
0.0
0.0
0.0
0.0
0.0
0.0
0.0
0.0
