0.0
0.0
0.0
0.0
0.0
0.0
0.0
0.0
0.0
0.0
0.0
0.0
0.0
0.0
0.0
0.0
0.0
0.0
0.0
0.0
0.0
0.0
0.0
0.0
0.0
0.0
0.0
0.0
0.0
0.0
0.0
0.0
0.0
0.0
0.0
0.0
0.0
0.0
0.0
0.0
0.0
0.0
0.0
0.0
0.0
0.0
0.0
0.0
0.0
0.0
0.0
0.0
0.0
0.0
0.0
0.0
0.0
0.0
0.0
0.0
0.0
0.0
0.0
0.0
0.0
0.0
0.0
0.0
0.0
0.0
0.0
0.0
0.0
0.0
0.0
0.0
0.0
0.0
0.0
0.0
0.0
0.0
0.0
0.0
0.0
0.0
0.0
0.0
0.0
0.0
0.0
0.0
0.0
0.0
0.0
0.0
0.0
0.0
0.0
0.0
0.0
0.0
0.0
0.0
0.0
0.0
0.0
0.0
0.0
0.0
0.0
0.0
0.0
0.0
0.0
0.0
0.0
0.0
0.0
0.0
0.0
0.0
0.0
0.0
0.0
0.0
0.0
0.0
0.0
0.0
0.0
0.0
0.0
0.0
0.0
0.0
0.0
0.0
0.0
0.0
0.0
0.0
0.0
0.0
0.0
0.0
0.0
0.0
0.0
0.0
0.0
0.0
0.0
0.0
0.0
0.0
0.0
0.0
0.0
0.0
0.0
0.0
0.0
0.0
0.0
0.0
0.0
0.0
0.0
0.0
0.0
0.0
0.0
0.0
0.0
0.0
0.0
0.0
0.0
0.0
0.0
0.0
0.0
0.0
0.0
0.0
0.0
0.0
0.0
0.0
0.0
0.0
0.0
0.0
0.0
0.0
0.0
0.0
0.0
0.0
0.0
0.0
0.0
0.0
0.0
0.0
0.0
0.0
0.0
0.0
0.0
0.0
0.0
0.0
0.0
0.0
0.0
0.0
0.0
0.0
0.0
0.0
0.0
0.0
0.0
0.0
0.0
0.0
0.0
0.0
0.0
0.0
0.0
0.0
0.0
0.027450980392156876
0.30980392156862746
0.30980392156862746
0.30980392156862746
0.23921568627450984
0.0
0.0
0.0
0.0
0.30980392156862746
0.30980392156862746
0.09411764705882353
0.0
0.0
0.0
0.0
0.0
0.0
0.0
0.0
0.0
0.0
0.0
0.0
0.1098039215686275
0.1568627450980392
0.4509803921568627
0.6274509803921569
0.9254901960784314
0.996078431372549
0.996078431372549
0.996078431372549
0.9803921568627451
0.34901960784313724
0.0
0.0
0.0
0.5450980392156863
0.8509803921568627
0.8235294117647058
0.10196078431372546
0.0
0.0
0.0
0.0
0.0
0.0
0.0
0.0
0.0
0.0
0.0
0.6901960784313725
0.996078431372549
0.996078431372549
0.996078431372549
0.996078431372549
0.996078431372549
0.996078431372549
0.996078431372549
0.996078431372549
0.6823529411764706
0.0
0.0
0.0
0.0
0.07843137254901966
0.996078431372549
0.7529411764705882
0.0
0.0
0.0
0.0
0.0
0.0
0.0
0.0
0.0
0.0
0.196078431372549
0.07058823529411762
0.0
0.29803921568627456
0.14901960784313728
0.0
0.0
0.7764705882352941
0.996078431372549
0.7686274509803921
0.05882352941176472
0.0
0.0
0.0
0.0
0.0
0.603921568627451
1.0
0.2313725490196078
0.0
0.0
0.0
0.0
0.0
0.0
0.0
0.0
0.22745098039215683
0.9725490196078431
0.3058823529411765
0.0
0.0
0.0
0.0
0.584313725490196
0.9843137254901961
0.6392156862745098
0.05882352941176472
0.0
0.0
0.0
0.0
0.0
0.0
0.28627450980392155
0.9882352941176471
0.580392156862745
0.0
0.0
0.0
0.0
0.0
0.0
0.0
0.0
0.611764705882353
0.996078431372549
0.3058823529411765
0.0
0.0
0.0
0.0
0.6901960784313725
0.8862745098039215
0.07058823529411762
0.0
0.0
0.0
0.0
0.0
0.0
0.0
0.0
0.9215686274509804
0.996078431372549
0.0
0.0
0.0
0.0
0.0
0.0
0.0
0.0
0.611764705882353
0.996078431372549
0.3058823529411765
0.0
0.0
0.0
0.0
0.6901960784313725
0.6313725490196078
0.0
0.0
0.0
0.0
0.0
0.0
0.0
0.0
0.0
0.9215686274509804
0.9333333333333333
0.0
0.0
0.0
0.0
0.0
0.0
0.0
0.0
0.611764705882353
0.996078431372549
0.3058823529411765
0.0
0.0
0.0
0.06274509803921569
0.9254901960784314
0.603921568627451
0.0
0.0
0.0
0.0
0.0
0.0
0.0
0.0
0.23921568627450984
0.9764705882352941
0.607843137254902
0.0
0.0
0.0
0.0
0.0
0.0
0.0
0.0
0.615686274509804
0.996078431372549
0.3058823529411765
0.0
0.0
0.0
0.03137254901960784
0.8117647058823529
0.8784313725490196
0.14509803921568631
0.0
0.0
0.0
0.0
0.0
0.0
0.0
0.5450980392156863
1.0
0.5215686274509803
0.0
0.0
0.0
0.0
0.0
0.0
0.0
0.0
0.611764705882353
0.996078431372549
0.3058823529411765
0.0
0.0
0.0
0.0
0.34509803921568627
0.9882352941176471
0.788235294117647
0.06274509803921569
0.0
0.0
0.0
0.0
0.0
0.27450980392156865
0.9490196078431372
0.9529411764705882
0.21176470588235297
0.0
0.0
0.0
0.0
0.0
0.0
0.0
0.0
0.611764705882353
0.996078431372549
0.3058823529411765
0.0
0.0
0.0
0.0
0.0
0.5333333333333333
0.996078431372549
0.9294117647058824
0.3686274509803922
0.09411764705882353
0.0
0.0
0.2823529411764706
0.9490196078431372
0.996078431372549
0.3411764705882353
0.0
0.0
0.0
0.0
0.0
0.0
0.0
0.0
0.0
0.611764705882353
0.9215686274509804
0.02352941176470591
0.0
0.0
0.0
0.0
0.0
0.0117647058823529
0.37254901960784315
0.996078431372549
0.996078431372549
0.9450980392156862
0.9215686274509804
0.9215686274509804
0.9686274509803922
0.9803921568627451
0.45882352941176474
0.007843137254901933
0.0
0.0
0.0
0.0
0.0
0.0
0.0
0.0
0.0
0.611764705882353
0.9176470588235294
0.0
0.0
0.0
0.0
0.0
0.0
0.0
0.0
0.2313725490196078
0.580392156862745
0.996078431372549
0.996078431372549
0.996078431372549
0.9098039215686274
0.2705882352941177
0.0
0.0
0.0
0.0
0.0
0.0
0.0
0.0
0.0
0.0
0.0
0.615686274509804
0.5333333333333333
0.0
0.0
0.0
0.0
0.0
0.0
0.0
0.0
0.0
0.0
0.0
0.0
0.0
0.0
0.0
0.0
0.0
0.0
0.0
0.0
0.0
0.0
0.0
0.0
0.0
0.0
0.7607843137254902
0.21176470588235297
0.0
0.0
0.0
0.0
0.0
0.0
0.0
0.0
0.0
0.0
0.0
0.0
0.0
0.0
0.0
0.0
0.0
0.0
0.0
0.0
0.0
0.0
0.0
0.0
0.0
0.0
0.18823529411764706
0.04705882352941182
0.0
0.0
0.0
0.0
0.0
0.0
0.0
0.0
0.0
0.0
0.0
0.0
0.0
0.0
0.0
0.0
0.0
0.0
0.0
0.0
0.0
0.0
0.0
0.0
0.0
0.0
0.0
0.0
0.0
0.0
0.0
0.0
0.0
0.0
0.0
0.0
0.0
0.0
0.0
0.0
0.0
0.0
0.0
0.0
0.0
0.0
0.0
0.0
0.0
0.0
0.0
0.0
0.0
0.0
0.0
0.0
0.0
0.0
0.0
0.0
0.0
0.0
0.0
0.0
0.0
0.0
0.0
0.0
0.0
0.0
0.0
0.0
0.0
0.0
0.0
0.0
0.0
0.0
0.0
0.0
0.0
0.0
0.0
0.0
0.0
0.0
0.0
0.0
0.0
0.0
0.0
0.0
0.0
0.0
0.0
0.0
0.0
0.0
0.0
0.0
0.0
0.0
0.0
0.0
0.0
0.0
0.0
0.0
0.0
0.0
0.0
0.0
0.0
0.0
0.0
0.0
0.0
0.0
0.0
0.0
0.0
0.0
0.0
0.0
0.0
0.0
0.0
0.0
0.0
0.0
0.0
0.0
0.0
