0.0
0.0
0.0
0.0
0.0
0.0
0.0
0.0
0.0
0.0
0.0
0.0
0.0
0.0
0.0
0.0
0.0
0.0
0.0
0.0
0.0
0.0
0.0
0.0
0.0
0.0
0.0
0.0
0.0
0.0
0.0
0.0
0.0
0.0
0.0
0.0
0.0
0.0
0.0
0.0
0.0
0.0
0.0
0.0
0.0
0.0
0.0
0.0
0.0
0.0
0.0
0.0
0.0
0.0
0.0
0.0
0.0
0.0
0.0
0.0
0.0
0.0
0.0
0.0
0.0
0.0
0.0
0.0
0.0
0.0
0.0
0.0
0.0
0.0
0.0
0.0
0.0
0.0
0.0
0.0
0.0
0.0
0.0
0.0
0.0
0.0
0.0
0.0
0.0
0.0
0.0
0.0
0.0
0.0
0.0
0.0
0.0
0.0
0.0
0.0
0.0
0.0
0.0
0.0
0.0
0.0
0.0
0.0
0.0
0.0
0.0
0.0
0.0
0.0
0.0
0.0
0.0
0.0
0.0
0.0
0.0
0.0
0.027450980392156876
0.5019607843137255
0.9803921568627452
0.6980392156862745
0.33725490196078434
0.0
0.0
0.0
0.0
0.0
0.0
0.0
0.0
0.0
0.0
0.0
0.0
0.0
0.0
0.0
0.0
0.0
0.0
0.0
0.0
0.0
0.0
0.0
0.4627450980392157
0.996078431372549
0.996078431372549
0.996078431372549
0.9647058823529412
0.16078431372549018
0.0
0.0
0.0
0.0
0.0
0.0
0.0
0.0
0.0
0.0
0.0
0.0
0.0
0.0
0.0
0.0
0.0
0.0
0.0
0.0
0.0
0.07843137254901966
0.9294117647058824
0.996078431372549
0.996078431372549
0.996078431372549
0.996078431372549
0.196078431372549
0.0
0.0
0.0
0.0
0.0
0.0
0.0
0.0
0.0
0.0
0.0
0.0
0.0
0.0
0.0
0.0
0.0
0.0
0.0
0.0
0.0
0.29803921568627456
0.996078431372549
0.996078431372549
0.996078431372549
0.996078431372549
0.9215686274509804
0.11764705882352944
0.0
0.0
0.0
0.0
0.0
0.0
0.0
0.0
0.0
0.0
0.0
0.0
0.0
0.0
0.0
0.0
0.0
0.0
0.0
0.0
0.0
0.5647058823529412
0.996078431372549
0.996078431372549
0.4117647058823529
0.9294117647058824
0.9411764705882353
0.13725490196078427
0.0
0.0
0.0
0.0
0.0
0.0
0.0
0.0
0.0
0.0
0.0
0.0
0.0
0.0
0.0
0.0
0.0
0.0
0.0
0.0
0.04313725490196074
0.8470588235294118
0.996078431372549
0.8274509803921568
0.027450980392156876
0.7647058823529411
0.9568627450980391
0.15294117647058825
0.0
0.0
0.0
0.0
0.0
0.0
0.0
0.0
0.0
0.0
0.0
0.0
0.0
0.0
0.0
0.0
0.0
0.0
0.0
0.0
0.21176470588235297
0.996078431372549
0.9568627450980391
0.44313725490196076
0.05490196078431375
0.8431372549019608
0.8
0.0
0.0
0.0
0.0
0.0
0.0
0.0
0.0
0.0
0.0
0.0
0.0
0.0
0.0
0.0
0.0
0.0
0.0
0.0
0.0
0.0
0.6235294117647059
0.996078431372549
0.9254901960784314
0.1098039215686275
0.16078431372549018
0.996078431372549
0.8
0.0
0.0
0.0
0.0
0.5254901960784314
0.9411764705882353
0.8901960784313725
0.20392156862745103
0.0
0.0
0.0
0.0
0.0
0.0
0.0
0.0
0.0
0.0
0.0
0.0
0.0
0.7725490196078432
0.996078431372549
0.8784313725490196
0.0
0.16078431372549018
0.996078431372549
0.8
0.0
0.0
0.0
0.21176470588235297
0.9725490196078431
0.996078431372549
0.996078431372549
0.6431372549019607
0.0
0.0
0.0
0.0
0.0
0.0
0.0
0.0
0.0
0.0
0.0
0.0
0.20392156862745103
0.9686274509803922
0.996078431372549
0.4980392156862745
0.0
0.23529411764705888
0.996078431372549
0.8
0.0
0.0
0.0
0.5294117647058824
0.5098039215686274
0.996078431372549
0.996078431372549
0.6431372549019607
0.0
0.0
0.0
0.0
0.0
0.0
0.0
0.0
0.0
0.0
0.0
0.0
0.207843137254902
0.9725490196078431
0.996078431372549
0.1725490196078432
0.0
0.5490196078431373
0.996078431372549
0.6392156862745098
0.0
0.0
0.0
0.0
0.2705882352941177
0.996078431372549
0.996078431372549
0.4862745098039216
0.0
0.0
0.0
0.0
0.0
0.0
0.0
0.0
0.0
0.0
0.0
0.0
0.2588235294117647
0.996078431372549
0.8117647058823529
0.03529411764705881
0.0
0.7960784313725491
0.996078431372549
0.4117647058823529
0.0
0.0
0.0
0.06666666666666665
0.9098039215686274
0.996078431372549
0.9647058823529412
0.196078431372549
0.0
0.0
0.0
0.0
0.0
0.0
0.0
0.0
0.0
0.0
0.0
0.0
0.5882352941176471
0.996078431372549
0.8196078431372549
0.039215686274509776
0.0
0.9411764705882353
0.996078431372549
0.2313725490196078
0.0
0.0
0.0039215686274509665
0.32156862745098036
0.996078431372549
0.996078431372549
0.8156862745098039
0.0
0.0
0.0
0.0
0.0
0.0
0.0
0.0
0.0
0.0
0.0
0.0
0.0
0.6470588235294117
0.996078431372549
0.7843137254901961
0.027450980392156876
0.0
0.6352941176470588
0.8313725490196078
0.0117647058823529
0.0
0.0
0.1686274509803921
0.996078431372549
0.996078431372549
0.996078431372549
0.07843137254901966
0.0
0.0
0.0
0.0
0.0
0.0
0.0
0.0
0.0
0.0
0.0
0.0
0.0
0.43137254901960786
0.9843137254901961
0.8823529411764706
0.05882352941176472
0.0
0.04705882352941182
0.04705882352941182
0.0
0.0
0.11764705882352944
0.8745098039215686
0.996078431372549
0.9882352941176471
0.5019607843137255
0.0117647058823529
0.0
0.0
0.0
0.0
0.0
0.0
0.0
0.0
0.0
0.0
0.0
0.0
0.0
0.0
0.8627450980392157
0.996078431372549
0.34509803921568627
0.0
0.0
0.0
0.0
0.007843137254901933
0.6313725490196078
0.996078431372549
0.996078431372549
0.7450980392156863
0.0
0.0
0.0
0.0
0.0
0.0
0.0
0.0
0.0
0.0
0.0
0.0
0.0
0.0
0.0
0.0
0.5019607843137255
0.996078431372549
0.9882352941176471
0.9215686274509804
0.33725490196078434
0.14117647058823535
0.5215686274509803
0.6941176470588235
0.996078431372549
0.996078431372549
0.9607843137254902
0.16078431372549018
0.0
0.0
0.0
0.0
0.0
0.0
0.0
0.0
0.0
0.0
0.0
0.0
0.0
0.0
0.0
0.0
0.1215686274509804
0.3686274509803922
0.8235294117647058
0.996078431372549
0.996078431372549
0.996078431372549
0.996078431372549
0.996078431372549
0.996078431372549
0.9764705882352941
0.3137254901960784
0.0
0.0
0.0
0.0
0.0
0.0
0.0
0.0
0.0
0.0
0.0
0.0
0.0
0.0
0.0
0.0
0.0
0.0
0.0
0.22352941176470587
0.7725490196078432
0.996078431372549
0.996078431372549
0.996078431372549
0.996078431372549
0.8862745098039215
0.30980392156862746
0.0
0.0
0.0
0.0
0.0
0.0
0.0
0.0
0.0
0.0
0.0
0.0
0.0
0.0
0.0
0.0
0.0
0.0
0.0
0.0
0.0
0.07450980392156858
0.43137254901960786
0.7607843137254902
0.603921568627451
0.44705882352941173
0.08235294117647063
0.0
0.0
0.0
0.0
0.0
0.0
0.0
0.0
0.0
0.0
0.0
0.0
0.0
0.0
0.0
0.0
0.0
0.0
0.0
0.0
0.0
0.0
0.0
0.0
0.0
0.0
0.0
0.0
0.0
0.0
0.0
0.0
0.0
0.0
0.0
0.0
0.0
0.0
0.0
0.0
0.0
0.0
0.0
0.0
0.0
0.0
0.0
0.0
0.0
0.0
0.0
0.0
0.0
0.0
0.0
0.0
0.0
0.0
0.0
0.0
0.0
0.0
0.0
0.0
0.0
0.0
0.0
0.0
0.0
0.0
0.0
0.0
0.0
0.0
0.0
0.0
0.0
0.0
0.0
0.0
0.0
0.0
0.0
0.0
0.0
0.0
0.0
0.0
0.0
0.0
0.0
0.0
0.0
0.0
0.0
0.0
0.0
0.0
0.0
0.0
0.0
0.0
0.0
0.0
0.0
0.0
0.0
0.0
0.0
0.0
0.0
0.0
0.0
0.0
0.0
0.0
0.0
0.0
0.0
0.0
0.0
0.0
0.0
