0.0
0.0
0.0
0.0
0.0
0.0
0.0
0.0
0.0
0.0
0.0
0.0
0.0
0.0
0.0
0.0
0.0
0.0
0.0
0.0
0.0
0.0
0.0
0.0
0.0
0.0
0.0
0.0
0.0
0.0
0.0
0.0
0.0
0.0
0.0
0.0
0.0
0.0
0.0
0.0
0.0
0.0
0.0
0.0
0.0
0.0
0.0
0.0
0.0
0.0
0.0
0.0
0.0
0.0
0.0
0.0
0.0
0.0
0.0
0.0
0.0
0.0
0.0
0.0
0.0
0.0
0.0
0.0
0.0
0.0
0.0
0.0
0.0
0.0
0.0
0.0
0.0
0.0
0.0
0.0
0.0
0.0
0.0
0.0
0.0
0.0
0.0
0.0
0.0
0.0
0.0
0.0
0.0
0.0
0.0
0.0
0.0
0.0
0.0
0.0
0.0
0.0
0.0
0.0
0.0
0.0
0.0
0.0
0.0
0.0
0.0
0.0
0.0
0.0
0.0
0.0
0.0
0.0
0.0
0.0
0.0
0.0
0.0
0.0
0.0
0.0
0.0
0.0
0.0
0.0
0.0
0.0
0.0
0.0
0.0
0.0
0.0
0.0
0.0
0.0
0.0
0.0
0.0
0.0
0.0
0.0
0.0
0.0
0.0
0.0
0.0
0.0
0.0
0.0
0.0
0.0
0.0
0.0
0.0
0.0
0.0
0.0
0.0
0.0
0.0
0.0
0.0
0.0
0.0
0.0
0.0
0.0
0.0
0.0
0.0
0.0
0.0
0.0
0.0
0.0
0.1215686274509804
0.13725490196078427
0.0
0.0
0.0
0.02352941176470591
0.7137254901960784
0.807843137254902
0.2666666666666667
0.0
0.0
0.0
0.0
0.0
0.0
0.0
0.0
0.0
0.0
0.0
0.0
0.0
0.0
0.0
0.0
0.0117647058823529
0.2431372549019608
0.5647058823529412
0.9215686274509804
0.9333333333333333
0.1843137254901961
0.0
0.0
0.0
0.050980392156862786
0.7176470588235294
0.9450980392156862
0.23529411764705888
0.0
0.0
0.0
0.0
0.0
0.0
0.0
0.0
0.0
0.0
0.0
0.0
0.0
0.0
0.22352941176470587
0.6274509803921569
0.996078431372549
0.996078431372549
0.8980392156862745
0.996078431372549
0.4117647058823529
0.0
0.0
0.0
0.0
0.07450980392156858
0.9215686274509804
0.5686274509803921
0.0
0.0
0.0
0.0
0.0
0.0
0.0
0.0
0.0
0.0
0.0
0.0
0.03529411764705881
0.8627450980392157
0.9803921568627452
0.996078431372549
0.7568627450980392
0.2431372549019608
0.3764705882352941
0.996078431372549
0.4117647058823529
0.0
0.0
0.0
0.0
0.0
0.5215686274509803
0.9254901960784314
0.15294117647058825
0.0
0.0
0.0
0.0
0.0
0.0
0.0
0.0
0.0
0.0
0.0
0.015686274509803977
0.5647058823529412
0.9568627450980391
0.996078431372549
0.2196078431372549
0.0
0.16078431372549018
0.996078431372549
0.4117647058823529
0.0
0.0
0.0
0.0
0.0
0.3176470588235294
0.996078431372549
0.6431372549019607
0.0
0.0
0.0
0.0
0.0
0.0
0.0
0.0
0.0
0.0
0.0
0.0
0.23529411764705888
0.9843137254901961
0.7294117647058824
0.0117647058823529
0.0
0.16078431372549018
0.996078431372549
0.4117647058823529
0.0
0.0
0.0
0.0
0.0
0.03137254901960784
0.7294117647058824
0.9647058823529412
0.03529411764705881
0.0
0.0
0.0
0.0
0.0
0.0
0.0
0.0
0.0
0.0
0.0
0.2588235294117647
0.996078431372549
0.41960784313725485
0.0
0.0
0.16078431372549018
0.996078431372549
0.4117647058823529
0.0
0.0
0.0
0.0
0.0
0.0
0.5294117647058824
0.996078431372549
0.039215686274509776
0.0
0.0
0.0
0.0
0.0
0.0
0.0
0.0
0.0
0.0
0.0
0.6274509803921569
0.996078431372549
0.3137254901960784
0.0
0.0
0.0117647058823529
0.7803921568627451
0.7803921568627451
0.0
0.0
0.0
0.0
0.0
0.0
0.8392156862745098
0.996078431372549
0.039215686274509776
0.0
0.0
0.0
0.0
0.0
0.0
0.0
0.0
0.0
0.0
0.03137254901960784
0.9176470588235295
0.996078431372549
0.3137254901960784
0.0
0.0
0.0
0.6196078431372549
0.9529411764705882
0.14901960784313728
0.0
0.0
0.0
0.0
0.0
0.5294117647058824
0.996078431372549
0.039215686274509776
0.0
0.0
0.0
0.0
0.0
0.0
0.0
0.0
0.0
0.0
0.027450980392156876
0.8588235294117648
0.9529411764705882
0.12941176470588234
0.0
0.0
0.0
0.3019607843137255
0.996078431372549
0.4274509803921569
0.0
0.0
0.0
0.0
0.0
0.5294117647058824
0.996078431372549
0.039215686274509776
0.0
0.0
0.0
0.0
0.0
0.0
0.0
0.0
0.0
0.0
0.039215686274509776
0.9921568627450981
0.9176470588235295
0.0
0.0
0.0
0.0
0.0
0.8117647058823529
0.7490196078431373
0.007843137254901933
0.0
0.0
0.0
0.0
0.5294117647058824
0.996078431372549
0.039215686274509776
0.0
0.0
0.0
0.0
0.0
0.0
0.0
0.0
0.0
0.0
0.027450980392156876
0.8666666666666667
0.9176470588235295
0.0
0.0
0.0
0.0
0.0
0.19999999999999996
0.996078431372549
0.4666666666666667
0.0
0.0
0.0
0.0
0.5294117647058824
0.996078431372549
0.039215686274509776
0.0
0.0
0.0
0.0
0.0
0.0
0.0
0.0
0.0
0.0
0.027450980392156876
0.8588235294117648
0.9176470588235295
0.0
0.0
0.0
0.0
0.0
0.03137254901960784
0.8352941176470589
0.9607843137254902
0.1568627450980392
0.0
0.0
0.0
0.5529411764705883
0.996078431372549
0.039215686274509776
0.0
0.0
0.0
0.0
0.0
0.0
0.0
0.0
0.0
0.0
0.015686274509803977
0.7647058823529411
0.9176470588235295
0.0
0.0
0.0
0.0
0.0
0.0
0.2823529411764706
0.996078431372549
0.8235294117647058
0.09411764705882353
0.0
0.21176470588235297
0.9725490196078431
0.996078431372549
0.039215686274509776
0.0
0.0
0.0
0.0
0.0
0.0
0.0
0.0
0.0
0.0
0.03529411764705881
0.9568627450980391
0.9176470588235295
0.0
0.0
0.0
0.0
0.0
0.0
0.0039215686274509665
0.4784313725490196
0.996078431372549
0.6588235294117647
0.49411764705882355
0.6509803921568628
0.996078431372549
0.49411764705882355
0.007843137254901933
0.0
0.0
0.0
0.0
0.0
0.0
0.0
0.0
0.0
0.0
0.0117647058823529
0.7490196078431373
0.9176470588235295
0.0
0.0
0.0
0.0
0.0
0.0
0.0
0.07058823529411762
0.6431372549019607
0.996078431372549
0.996078431372549
0.996078431372549
0.8313725490196078
0.17647058823529416
0.0
0.0
0.0
0.0
0.0
0.0
0.0
0.0
0.0
0.0
0.0
0.0
0.6470588235294117
0.9176470588235295
0.0
0.0
0.0
0.0
0.0
0.0
0.0
0.0
0.007843137254901933
0.3411764705882353
0.47058823529411764
0.47058823529411764
0.06666666666666665
0.0
0.0
0.0
0.0
0.0
0.0
0.0
0.0
0.0
0.0
0.0
0.0
0.0
0.6470588235294117
0.9176470588235295
0.0
0.0
0.0
0.0
0.0
0.0
0.0
0.0
0.0
0.0
0.0
0.0
0.0
0.0
0.0
0.0
0.0
0.0
0.0
0.0
0.0
0.0
0.0
0.0
0.0
0.0
0.2705882352941177
0.9176470588235295
0.0
0.0
0.0
0.0
0.0
0.0
0.0
0.0
0.0
0.0
0.0
0.0
0.0
0.0
0.0
0.0
0.0
0.0
0.0
0.0
0.0
0.0
0.0
0.0
0.0
0.0
0.1568627450980392
0.8666666666666667
0.0
0.0
0.0
0.0
0.0
0.0
0.0
0.0
0.0
0.0
0.0
0.0
0.0
0.0
0.0
0.0
0.0
0.0
0.0
0.0
0.0
0.0
0.0
0.0
0.0
0.0
0.0
0.0
0.0
0.0
0.0
0.0
0.0
0.0
0.0
0.0
0.0
0.0
0.0
0.0
0.0
0.0
0.0
0.0
0.0
0.0
0.0
0.0
0.0
0.0
0.0
0.0
0.0
0.0
0.0
0.0
0.0
0.0
0.0
0.0
0.0
0.0
0.0
0.0
0.0
0.0
0.0
0.0
0.0
0.0
0.0
0.0
0.0
0.0
0.0
