0.0
0.0
0.0
0.0
0.0
0.0
0.0
0.0
0.0
0.0
0.0
0.0
0.0
0.0
0.0
0.0
0.0
0.0
0.0
0.0
0.0
0.0
0.0
0.0
0.0
0.0
0.0
0.0
0.0
0.0
0.0
0.0
0.0
0.0
0.0
0.0
0.0
0.0
0.0
0.0
0.0
0.0
0.0
0.0
0.0
0.0
0.0
0.0
0.0
0.0
0.0
0.0
0.0
0.0
0.0
0.0
0.0
0.0
0.0
0.0
0.0
0.0
0.0
0.0
0.0
0.0
0.0
0.0
0.0
0.0
0.0
0.0
0.0
0.0
0.0
0.0
0.0
0.0
0.0
0.0
0.0
0.0
0.0
0.0
0.0
0.0
0.0
0.0
0.0
0.0
0.0
0.0
0.0
0.0
0.0
0.0
0.0
0.0
0.0
0.0
0.0
0.0
0.0
0.0
0.0
0.0
0.0
0.0
0.0
0.0
0.0
0.0
0.0
0.0
0.0
0.0
0.0
0.0
0.0
0.0
0.0
0.0
0.0
0.0
0.0
0.0
0.0
0.0
0.0
0.0
0.0
0.0
0.0
0.0
0.0
0.0
0.0
0.0
0.0
0.0
0.0
0.0
0.0
0.0
0.0
0.0
0.0
0.0
0.0
0.0
0.0
0.0
0.0
0.0
0.0
0.0
0.18823529411764706
0.5372549019607843
0.5372549019607843
0.5372549019607843
0.0862745098039216
0.027450980392156876
0.0
0.0
0.0
0.0
0.0
0.0
0.0
0.0
0.0
0.0
0.0
0.0
0.0
0.0
0.0
0.0
0.0
0.0
0.0
0.0
0.0
0.02352941176470591
0.6313725490196078
0.996078431372549
0.9333333333333333
0.9254901960784314
0.9921568627450981
0.5647058823529412
0.0039215686274509665
0.0
0.0
0.0
0.0
0.0
0.0
0.0
0.0
0.0
0.0
0.0
0.0
0.0
0.0
0.0
0.0
0.0
0.0
0.0
0.0
0.603921568627451
0.996078431372549
0.9607843137254902
0.1098039215686275
0.0
0.8823529411764706
0.996078431372549
0.30980392156862746
0.0
0.0
0.0
0.0
0.0
0.0
0.0
0.0
0.0
0.0
0.0
0.0
0.0
0.0
0.0
0.0
0.0
0.0
0.0
0.18039215686274512
0.9254901960784314
0.9568627450980391
0.3176470588235294
0.0
0.0
0.44313725490196076
0.996078431372549
0.807843137254902
0.0
0.0
0.0
0.0
0.0
0.0
0.0
0.0
0.0
0.0
0.0
0.0
0.0
0.0
0.0
0.0
0.0
0.0
0.04313725490196074
0.6352941176470588
0.996078431372549
0.584313725490196
0.0
0.0
0.0
0.44313725490196076
0.996078431372549
1.0
0.0
0.0
0.0
0.0
0.0
0.0
0.0
0.0
0.0
0.0
0.0
0.0
0.0
0.0
0.0
0.0
0.0
0.0
0.2705882352941177
0.996078431372549
0.996078431372549
0.1686274509803921
0.0
0.0
0.0
0.7647058823529411
0.996078431372549
1.0
0.0
0.0
0.0
0.0
0.0
0.0
0.0
0.0
0.0
0.0
0.0
0.0
0.0
0.0
0.0
0.0
0.0
0.0
0.2705882352941177
0.996078431372549
0.996078431372549
0.1686274509803921
0.0
0.0
0.28627450980392155
0.9764705882352941
0.996078431372549
0.9019607843137255
0.0
0.0
0.0
0.0
0.0
0.0
0.0
0.0
0.0
0.0
0.0
0.0
0.0
0.0
0.0
0.0
0.0
0.0
0.2705882352941177
0.996078431372549
0.7725490196078432
0.050980392156862786
0.0
0.09019607843137256
0.7843137254901961
0.996078431372549
0.996078431372549
0.403921568627451
0.0
0.0
0.0
0.0
0.0
0.0
0.0
0.0
0.0
0.0
0.0
0.0
0.0
0.039215686274509776
0.20392156862745103
0.0
0.0
0.0
0.3921568627450981
0.996078431372549
0.6784313725490196
0.0
0.09019607843137256
0.7803921568627451
0.996078431372549
0.996078431372549
0.6549019607843137
0.007843137254901933
0.0
0.0
0.0
0.0
0.0
0.0
0.0
0.0
0.0
0.0
0.0
0.0
0.09411764705882353
0.792156862745098
0.45882352941176474
0.0
0.0
0.0
0.388235294117647
0.996078431372549
0.7647058823529411
0.4392156862745098
0.8470588235294118
0.996078431372549
0.996078431372549
0.6627450980392157
0.12941176470588234
0.0
0.0
0.0
0.0
0.0
0.0
0.0
0.0
0.0
0.0
0.0
0.0
0.0
0.2705882352941177
0.9529411764705882
0.23921568627450984
0.0
0.0
0.0
0.19215686274509802
0.9333333333333333
0.996078431372549
0.996078431372549
0.996078431372549
0.996078431372549
0.8745098039215686
0.1568627450980392
0.0
0.0
0.0
0.0
0.0
0.0
0.0
0.0
0.0
0.0
0.0
0.0
0.0
0.18823529411764706
0.7333333333333334
0.6941176470588235
0.0
0.0
0.0
0.0
0.2196078431372549
0.9568627450980391
0.996078431372549
0.996078431372549
0.996078431372549
0.5254901960784314
0.11372549019607847
0.0
0.0
0.0
0.0
0.0
0.0
0.0
0.0
0.0
0.0
0.0
0.0
0.0
0.2313725490196078
0.9294117647058824
0.4901960784313726
0.06274509803921569
0.0
0.0
0.24705882352941178
0.7019607843137254
0.8745098039215686
0.996078431372549
0.996078431372549
0.996078431372549
0.28627450980392155
0.019607843137254943
0.0
0.0
0.0
0.0
0.0
0.0
0.0
0.0
0.0
0.0
0.0
0.0
0.0
0.22352941176470587
0.9372549019607843
0.9607843137254902
0.24705882352941178
0.05490196078431375
0.3686274509803922
0.7019607843137254
0.9568627450980391
0.996078431372549
0.996078431372549
0.7098039215686274
0.6313725490196078
0.3921568627450981
0.09019607843137256
0.0
0.0
0.0
0.0
0.0
0.0
0.0
0.0
0.0
0.0
0.0
0.0
0.0
0.02352941176470591
0.9450980392156862
0.996078431372549
0.5058823529411764
0.4549019607843138
0.8980392156862745
0.996078431372549
0.996078431372549
0.996078431372549
0.9019607843137255
0.23921568627450984
0.027450980392156876
0.0
0.0
0.0
0.0
0.0
0.0
0.0
0.0
0.0
0.0
0.0
0.0
0.0
0.0
0.0
0.0
0.9098039215686274
0.996078431372549
0.996078431372549
0.9529411764705882
0.996078431372549
0.996078431372549
0.996078431372549
0.7137254901960784
0.23529411764705888
0.07058823529411762
0.0
0.0
0.0
0.0
0.0
0.0
0.0
0.0
0.0
0.0
0.0
0.0
0.0
0.0
0.0
0.0
0.0
0.0
0.788235294117647
0.996078431372549
0.996078431372549
0.9529411764705882
0.5568627450980392
0.5568627450980392
0.4784313725490196
0.02352941176470591
0.0
0.0
0.0
0.0
0.0
0.0
0.0
0.0
0.0
0.0
0.0
0.0
0.0
0.0
0.0
0.0
0.0
0.0
0.0
0.0
0.03529411764705881
0.5333333333333333
0.2588235294117647
0.04313725490196074
0.0
0.0
0.0
0.0
0.0
0.0
0.0
0.0
0.0
0.0
0.0
0.0
0.0
0.0
0.0
0.0
0.0
0.0
0.0
0.0
0.0
0.0
0.0
0.0
0.0
0.0
0.0
0.0
0.0
0.0
0.0
0.0
0.0
0.0
0.0
0.0
0.0
0.0
0.0
0.0
0.0
0.0
0.0
0.0
0.0
0.0
0.0
0.0
0.0
0.0
0.0
0.0
0.0
0.0
0.0
0.0
0.0
0.0
0.0
0.0
0.0
0.0
0.0
0.0
0.0
0.0
0.0
0.0
0.0
0.0
0.0
0.0
0.0
0.0
0.0
0.0
0.0
0.0
0.0
0.0
0.0
0.0
0.0
0.0
0.0
0.0
0.0
0.0
0.0
0.0
0.0
0.0
0.0
0.0
0.0
0.0
0.0
0.0
0.0
0.0
0.0
0.0
0.0
0.0
0.0
0.0
0.0
0.0
0.0
0.0
0.0
0.0
0.0
0.0
0.0
0.0
0.0
0.0
0.0
0.0
0.0
0.0
0.0
0.0
0.0
0.0
0.0
0.0
0.0
0.0
0.0
0.0
0.0
0.0
0.0
0.0
0.0
0.0
0.0
0.0
0.0
0.0
0.0
0.0
0.0
0.0
0.0
0.0
0.0
0.0
0.0
0.0
0.0
0.0
0.0
0.0
0.0
0.0
0.0
0.0
0.0
