0.0
0.0
0.0
0.0
0.0
0.0
0.0
0.0
0.0
0.0
0.0
0.0
0.0
0.0
0.0
0.0
0.0
0.0
0.0
0.0
0.0
0.0
0.0
0.0
0.0
0.0
0.0
0.0
0.0
0.0
0.0
0.0
0.0
0.0
0.0
0.0
0.0
0.0
0.0
0.0
0.0
0.0
0.0
0.0
0.0
0.0
0.0
0.0
0.0
0.0
0.0
0.0
0.0
0.0
0.0
0.0
0.0
0.0
0.0
0.0
0.0
0.0
0.0
0.0
0.0
0.0
0.0
0.0
0.0
0.0
0.0
0.0
0.0
0.0
0.0
0.0
0.0
0.0
0.0
0.0
0.0
0.0
0.0
0.0
0.0
0.0
0.0
0.0
0.0
0.0
0.0
0.0
0.0
0.0
0.0
0.0
0.0
0.0
0.0
0.0
0.0
0.0
0.0
0.0
0.0
0.0
0.0
0.0
0.0
0.0
0.0
0.0
0.0
0.0
0.0
0.0
0.0
0.0
0.0
0.0
0.0
0.0
0.0
0.0
0.0
0.0
0.0
0.0
0.0
0.0
0.0
0.0
0.0
0.0
0.0
0.0
0.0
0.0
0.0
0.0
0.0
0.0
0.0
0.0
0.0
0.0
0.0
0.0
0.0
0.0
0.0
0.0
0.0
0.0
0.0
0.0
0.0
0.0
0.0
0.0
0.0
0.0
0.0
0.0
0.0
0.0
0.0
0.0
0.0
0.0
0.0
0.0
0.0
0.0
0.0
0.0
0.0
0.0
0.0
0.0
0.0
0.0
0.0
0.0
0.0
0.0
0.0
0.0
0.0
0.0
0.0
0.0
0.0
0.0
0.0
0.0
0.0
0.0
0.0
0.0
0.0
0.0
0.0
0.0
0.0
0.0
0.0
0.0
0.0
0.0
0.0
0.0
0.0
0.0
0.0
0.0
0.0
0.0
0.0
0.0
0.0
0.0
0.0
0.0
0.0
0.0
0.0
0.0
0.0
0.0
0.0
0.0
0.0
0.0
0.0
0.0
0.0
0.0
0.0
0.0
0.0
0.0
0.0
0.0
0.0
0.0
0.0
0.0
0.0
0.0
0.0
0.0
0.0
0.0
0.0
0.0
0.0
0.0
0.015686274509803977
0.23529411764705888
0.7254901960784313
0.7568627450980392
0.6509803921568628
0.388235294117647
0.04313725490196074
0.0039215686274509665
0.0
0.0
0.0
0.0
0.0
0.0
0.0
0.0
0.0
0.0
0.0
0.0
0.0
0.0
0.0
0.0
0.0
0.0
0.0
0.0
0.38431372549019605
0.996078431372549
0.996078431372549
0.996078431372549
0.996078431372549
0.996078431372549
0.996078431372549
0.34901960784313724
0.0
0.0
0.0
0.0
0.0
0.0
0.0
0.0
0.0
0.0
0.0
0.0
0.0
0.0
0.0
0.0
0.0
0.0
0.0
0.26274509803921564
0.9333333333333333
0.996078431372549
0.9411764705882353
0.4784313725490196
0.8156862745098039
0.996078431372549
0.996078431372549
0.8862745098039215
0.42352941176470593
0.0
0.0
0.0
0.0
0.3764705882352941
0.7686274509803921
0.7686274509803921
0.4901960784313726
0.0
0.0
0.0
0.0
0.0
0.0
0.0
0.0
0.0
0.0
0.5764705882352941
0.996078431372549
0.996078431372549
0.4392156862745098
0.0
0.05882352941176472
0.5882352941176471
0.9843137254901961
0.996078431372549
0.9803921568627452
0.4274509803921569
0.28627450980392155
0.5882352941176471
0.9176470588235295
0.996078431372549
0.996078431372549
0.996078431372549
0.9882352941176471
0.615686274509804
0.10196078431372546
0.0
0.0
0.0
0.0
0.0
0.0
0.0
0.0
0.5764705882352941
0.996078431372549
0.996078431372549
0.403921568627451
0.0
0.0
0.0
0.42352941176470593
0.9803921568627452
0.996078431372549
0.996078431372549
0.996078431372549
0.996078431372549
0.996078431372549
0.8823529411764706
0.7843137254901961
0.8705882352941177
0.996078431372549
0.996078431372549
0.5725490196078431
0.0
0.0
0.0
0.0
0.0
0.0
0.0
0.0
0.7294117647058824
0.996078431372549
0.996078431372549
0.403921568627451
0.0
0.0
0.0
0.0
0.580392156862745
0.996078431372549
0.996078431372549
0.996078431372549
0.996078431372549
0.7019607843137254
0.11764705882352944
0.0
0.40784313725490196
0.996078431372549
0.996078431372549
0.9098039215686274
0.0
0.0
0.0
0.0
0.0
0.0
0.0
0.0
0.7843137254901961
0.996078431372549
0.996078431372549
0.9607843137254902
0.9372549019607843
0.5019607843137255
0.019607843137254943
0.5568627450980392
0.9686274509803922
0.996078431372549
0.996078431372549
0.996078431372549
0.996078431372549
0.2588235294117647
0.0039215686274509665
0.0
0.44313725490196076
0.996078431372549
0.996078431372549
0.596078431372549
0.0
0.0
0.0
0.0
0.0
0.0
0.0
0.0
0.2588235294117647
0.8313725490196078
0.996078431372549
0.996078431372549
0.7843137254901961
0.30980392156862746
0.7254901960784313
0.996078431372549
0.996078431372549
0.9490196078431372
0.7647058823529411
0.9843137254901961
0.996078431372549
0.996078431372549
0.6745098039215687
0.6588235294117647
0.9411764705882353
0.996078431372549
0.9333333333333333
0.2588235294117647
0.0
0.0
0.0
0.0
0.0
0.0
0.0
0.0
0.0
0.05882352941176472
0.5607843137254902
0.611764705882353
0.6588235294117647
0.8980392156862745
0.996078431372549
0.996078431372549
0.807843137254902
0.3019607843137255
0.0
0.39607843137254906
0.8666666666666667
0.996078431372549
0.996078431372549
0.996078431372549
0.996078431372549
0.9490196078431372
0.26274509803921564
0.0
0.0
0.0
0.0
0.0
0.0
0.0
0.0
0.0
0.0
0.0
0.0
0.5098039215686274
0.8823529411764706
0.8901960784313725
0.8901960784313725
0.5607843137254902
0.23921568627450984
0.0
0.0
0.0
0.12941176470588234
0.4666666666666667
0.4666666666666667
0.4666666666666667
0.4666666666666667
0.22352941176470587
0.0
0.0
0.0
0.0
0.0
0.0
0.0
0.0
0.0
0.0
0.0
0.0
0.0
0.0
0.0
0.0
0.0
0.0
0.0
0.0
0.0
0.0
0.0
0.0
0.0
0.0
0.0
0.0
0.0
0.0
0.0
0.0
0.0
0.0
0.0
0.0
0.0
0.0
0.0
0.0
0.0
0.0
0.0
0.0
0.0
0.0
0.0
0.0
0.0
0.0
0.0
0.0
0.0
0.0
0.0
0.0
0.0
0.0
0.0
0.0
0.0
0.0
0.0
0.0
0.0
0.0
0.0
0.0
0.0
0.0
0.0
0.0
0.0
0.0
0.0
0.0
0.0
0.0
0.0
0.0
0.0
0.0
0.0
0.0
0.0
0.0
0.0
0.0
0.0
0.0
0.0
0.0
0.0
0.0
0.0
0.0
0.0
0.0
0.0
0.0
0.0
0.0
0.0
0.0
0.0
0.0
0.0
0.0
0.0
0.0
0.0
0.0
0.0
0.0
0.0
0.0
0.0
0.0
0.0
0.0
0.0
0.0
0.0
0.0
0.0
0.0
0.0
0.0
0.0
0.0
0.0
0.0
0.0
0.0
0.0
0.0
0.0
0.0
0.0
0.0
0.0
0.0
0.0
0.0
0.0
0.0
0.0
0.0
0.0
0.0
0.0
0.0
0.0
0.0
0.0
0.0
0.0
0.0
0.0
0.0
0.0
0.0
0.0
0.0
0.0
0.0
0.0
0.0
0.0
0.0
0.0
0.0
0.0
0.0
0.0
0.0
0.0
0.0
0.0
0.0
0.0
0.0
0.0
0.0
0.0
0.0
0.0
0.0
0.0
0.0
0.0
0.0
0.0
0.0
0.0
0.0
0.0
0.0
0.0
0.0
0.0
0.0
0.0
0.0
0.0
0.0
0.0
0.0
0.0
0.0
0.0
0.0
0.0
0.0
0.0
0.0
0.0
0.0
0.0
0.0
0.0
0.0
0.0
0.0
0.0
0.0
0.0
0.0
0.0
0.0
0.0
0.0
0.0
0.0
0.0
0.0
0.0
0.0
0.0
0.0
0.0
0.0
0.0
0.0
0.0
0.0
0.0
0.0
0.0
0.0
0.0
0.0
0.0
0.0
0.0
0.0
0.0
