0.0
0.0
0.0
0.0
0.0
0.0
0.0
0.0
0.0
0.0
0.0
0.0
0.0
0.0
0.0
0.0
0.0
0.0
0.0
0.0
0.0
0.0
0.0
0.0
0.0
0.0
0.0
0.0
0.0
0.0
0.0
0.0
0.0
0.0
0.0
0.0
0.0
0.0
0.0
0.0
0.0
0.0
0.0
0.0
0.0
0.0
0.0
0.0
0.0
0.0
0.0
0.0
0.0
0.0
0.0
0.0
0.0
0.0
0.0
0.0
0.0
0.0
0.0
0.0
0.0
0.0
0.0
0.0
0.0
0.0
0.0
0.0
0.0
0.0
0.0
0.0
0.0
0.0
0.0
0.0
0.0
0.0
0.0
0.0
0.0
0.0
0.0
0.0
0.0
0.0
0.0
0.0
0.0
0.0
0.0
0.0
0.0
0.0
0.0
0.0
0.0
0.0
0.0
0.0
0.0
0.0
0.0
0.0
0.0
0.0
0.0
0.0
0.0
0.0
0.0
0.0
0.0
0.0
0.0
0.0
0.0
0.0
0.0
0.0
0.0
0.0
0.0
0.0
0.0
0.0
0.0
0.0
0.0
0.0
0.0
0.0
0.0
0.0
0.0
0.0
0.0
0.0
0.0
0.0
0.0
0.0
0.0
0.0
0.0
0.0
0.0
0.0
0.0
0.0
0.0
0.0
0.0
0.0
0.0
0.0
0.0
0.0
0.0
0.0
0.0
0.0
0.0
0.0
0.0
0.0
0.0
0.0
0.0
0.0
0.0
0.0
0.0
0.0
0.0
0.0
0.19215686274509802
0.38431372549019605
0.580392156862745
0.34901960784313724
0.2431372549019608
0.07450980392156858
0.019607843137254943
0.0
0.0
0.0
0.0
0.0
0.0
0.0
0.0
0.0
0.0
0.0
0.0
0.0
0.0
0.0
0.0
0.0
0.0
0.0
0.23921568627450984
0.596078431372549
0.9725490196078431
0.9921568627450981
0.9921568627450981
0.9921568627450981
0.996078431372549
0.4745098039215686
0.3058823529411765
0.0
0.0
0.0
0.0
0.0
0.0
0.0
0.0
0.0
0.0
0.0
0.0
0.0
0.0
0.0
0.0
0.0
0.04313725490196074
0.3176470588235294
0.9725490196078431
0.9921568627450981
0.9137254901960784
0.5333333333333333
0.13725490196078427
0.7254901960784313
0.996078431372549
0.9921568627450981
0.5137254901960784
0.0
0.0
0.0
0.0
0.0
0.0
0.0
0.0
0.0
0.0
0.0
0.0
0.0
0.0
0.0
0.0
0.0
0.4549019607843138
0.9921568627450981
0.9921568627450981
0.8313725490196078
0.16470588235294115
0.0
0.0
0.403921568627451
0.996078431372549
0.9921568627450981
0.3019607843137255
0.0
0.0
0.0
0.0
0.0
0.0
0.0
0.0
0.0
0.0
0.0
0.0
0.0
0.0
0.0
0.0
0.2549019607843137
0.9764705882352941
0.9921568627450981
0.8784313725490196
0.09411764705882353
0.0
0.0
0.0
0.5019607843137255
0.996078431372549
0.8
0.02352941176470591
0.0
0.0
0.0
0.0
0.0
0.0
0.0
0.0
0.0
0.0
0.0
0.0
0.0
0.0
0.0
0.02352941176470591
0.7607843137254902
0.9921568627450981
0.9529411764705882
0.207843137254902
0.0
0.0
0.0
0.0
0.6862745098039216
0.996078431372549
0.8784313725490196
0.039215686274509776
0.0
0.0
0.0
0.0
0.007843137254901933
0.07058823529411762
0.04705882352941182
0.0
0.0
0.0
0.0
0.0
0.0
0.0
0.0
0.4549019607843138
0.9921568627450981
0.9921568627450981
0.3137254901960784
0.0
0.0
0.0
0.0
0.0039215686274509665
0.6941176470588235
0.996078431372549
0.5725490196078431
0.0
0.0
0.007843137254901933
0.03529411764705881
0.30980392156862746
0.42352941176470593
0.9921568627450981
0.6588235294117647
0.0
0.0
0.0
0.0
0.0
0.0
0.0
0.0
0.996078431372549
0.9921568627450981
0.8235294117647058
0.03137254901960784
0.0
0.0
0.0
0.0
0.03529411764705881
0.9921568627450981
0.7803921568627451
0.0117647058823529
0.0
0.07450980392156858
0.6901960784313725
0.9921568627450981
0.9921568627450981
0.9921568627450981
0.9921568627450981
0.9921568627450981
0.0
0.0
0.0
0.0
0.0
0.0
0.0
0.0
1.0
0.996078431372549
0.4117647058823529
0.0
0.0
0.0
0.0
0.0
0.3803921568627451
0.996078431372549
0.7960784313725491
0.0980392156862745
0.4784313725490196
0.996078431372549
0.996078431372549
0.996078431372549
0.996078431372549
0.9725490196078431
0.5529411764705883
0.10588235294117643
0.0
0.0
0.0
0.0
0.0
0.0
0.0
0.0
0.996078431372549
0.9921568627450981
0.4117647058823529
0.0
0.0
0.0
0.0
0.0
0.5882352941176471
0.9921568627450981
0.9843137254901961
0.9686274509803922
0.9921568627450981
0.9921568627450981
0.9921568627450981
0.8588235294117648
0.2901960784313725
0.03137254901960784
0.0
0.0
0.0
0.0
0.0
0.0
0.0
0.0
0.0
0.0
0.792156862745098
0.9921568627450981
0.7294117647058824
0.0
0.0
0.0
0.0
0.14901960784313728
0.9725490196078431
0.9921568627450981
0.996078431372549
0.9921568627450981
0.9921568627450981
0.7764705882352941
0.2784313725490196
0.03529411764705881
0.0
0.0
0.0
0.0
0.0
0.0
0.0
0.0
0.0
0.0
0.0
0.0
0.4627450980392157
0.9921568627450981
0.9686274509803922
0.09019607843137256
0.0
0.0
0.02352941176470591
0.6509803921568628
0.9921568627450981
0.9921568627450981
0.996078431372549
0.9215686274509804
0.47058823529411764
0.0117647058823529
0.0
0.0
0.0
0.0
0.0
0.0
0.0
0.0
0.0
0.0
0.0
0.0
0.0
0.0
0.04313725490196074
0.9058823529411765
0.9921568627450981
0.5725490196078431
0.0
0.0862745098039216
0.7294117647058824
0.9921568627450981
0.9921568627450981
0.9921568627450981
0.49411764705882355
0.09019607843137256
0.05882352941176472
0.0
0.0
0.0
0.0
0.0
0.0
0.0
0.0
0.0
0.0
0.0
0.0
0.0
0.0
0.0
0.0
0.29803921568627456
0.9803921568627452
0.9568627450980391
0.8235294117647058
0.9058823529411765
0.9921568627450981
0.9921568627450981
0.9372549019607843
0.5019607843137255
0.0
0.0
0.0
0.0
0.0
0.0
0.0
0.0
0.0
0.0
0.0
0.0
0.0
0.0
0.0
0.0
0.0
0.0
0.0
0.0
0.27450980392156865
0.8745098039215686
0.9921568627450981
0.9921568627450981
0.9921568627450981
0.8901960784313725
0.2196078431372549
0.0
0.0
0.0
0.0
0.0
0.0
0.0
0.0
0.0
0.0
0.0
0.0
0.0
0.0
0.0
0.0
0.0
0.0
0.0
0.0
0.0
0.0
0.050980392156862786
0.23921568627450984
0.23921568627450984
0.23921568627450984
0.05882352941176472
0.0
0.0
0.0
0.0
0.0
0.0
0.0
0.0
0.0
0.0
0.0
0.0
0.0
0.0
0.0
0.0
0.0
0.0
0.0
0.0
0.0
0.0
0.0
0.0
0.0
0.0
0.0
0.0
0.0
0.0
0.0
0.0
0.0
0.0
0.0
0.0
0.0
0.0
0.0
0.0
0.0
0.0
0.0
0.0
0.0
0.0
0.0
0.0
0.0
0.0
0.0
0.0
0.0
0.0
0.0
0.0
0.0
0.0
0.0
0.0
0.0
0.0
0.0
0.0
0.0
0.0
0.0
0.0
0.0
0.0
0.0
0.0
0.0
0.0
0.0
0.0
0.0
0.0
0.0
0.0
0.0
0.0
0.0
0.0
0.0
0.0
0.0
0.0
0.0
0.0
0.0
0.0
0.0
0.0
0.0
0.0
0.0
0.0
0.0
0.0
0.0
0.0
0.0
0.0
0.0
0.0
0.0
0.0
0.0
0.0
0.0
0.0
0.0
0.0
0.0
0.0
0.0
0.0
0.0
0.0
0.0
0.0
0.0
0.0
0.0
0.0
0.0
0.0
0.0
0.0
0.0
0.0
0.0
0.0
0.0
0.0
0.0
0.0
0.0
0.0
0.0
0.0
0.0
0.0
0.0
0.0
0.0
0.0
0.0
0.0
0.0
0.0
0.0
0.0
0.0
0.0
0.0
0.0
0.0
0.0
0.0
0.0
0.0
0.0
0.0
0.0
0.0
0.0
0.0
0.0
0.0
0.0
0.0
0.0
0.0
0.0
0.0
0.0
0.0
0.0
0.0
0.0
