0.0
0.0
0.0
0.0
0.0
0.0
0.0
0.0
0.0
0.0
0.0
0.0
0.0
0.0
0.0
0.0
0.0
0.0
0.0
0.0
0.0
0.0
0.0
0.0
0.0
0.0
0.0
0.0
0.0
0.0
0.0
0.0
0.0
0.0
0.0
0.0
0.0
0.0
0.0
0.0
0.0
0.0
0.0
0.0
0.0
0.0
0.0
0.0
0.0
0.0
0.0
0.0
0.0
0.0
0.0
0.0
0.0
0.0
0.0
0.0
0.0
0.0
0.0
0.0
0.0
0.0
0.0
0.0
0.0
0.0
0.0
0.0
0.0
0.0
0.0
0.0
0.0
0.0
0.0
0.0
0.0
0.0
0.0
0.0
0.0
0.0
0.0
0.0
0.0
0.0
0.0
0.0
0.0
0.0
0.0
0.0
0.0
0.0
0.0
0.0
0.0
0.0
0.0
0.0
0.0
0.0
0.0
0.0
0.0
0.0
0.0
0.0
0.0
0.0
0.0
0.0
0.0
0.0
0.0
0.0
0.0
0.0
0.0
0.0
0.0
0.0
0.0
0.0
0.0
0.0
0.0
0.0
0.0
0.0
0.0
0.0
0.0
0.0
0.0
0.0
0.0
0.0
0.0
0.0
0.0
0.0
0.0
0.0
0.0
0.0
0.0
0.0
0.0
0.0
0.0
0.0
0.0
0.0
0.0
0.0
0.0
0.0
0.0
0.0
0.0
0.0
0.0
0.0
0.0
0.0
0.0
0.0
0.0
0.0
0.0
0.0
0.0
0.0
0.0
0.0
0.0
0.0
0.0
0.0
0.0
0.0
0.0
0.0
0.0
0.0
0.0
0.0
0.0
0.0
0.0
0.0
0.0
0.0
0.0
0.0
0.0
0.0
0.0
0.0
0.0
0.0
0.0
0.0
0.0
0.0
0.0
0.0
0.0
0.0
0.0
0.0
0.0
0.0
0.0
0.0
0.0
0.0
0.0
0.0
0.0
0.0
0.0
0.0
0.0
0.0
0.0
0.0
0.0
0.0
0.0
0.0
0.0
0.0
0.0
0.0
0.0
0.0
0.0
0.0
0.0
0.0
0.0
0.0
0.0
0.0
0.0
0.0
0.0
0.0
0.0
0.0
0.0
0.0
0.0
0.0
0.0
0.0
0.0
0.0
0.0
0.027450980392156876
0.42352941176470593
0.7450980392156863
0.7450980392156863
0.7450980392156863
0.7450980392156863
0.5098039215686274
0.0980392156862745
0.0
0.0
0.0
0.0
0.0
0.0
0.0
0.0
0.0
0.0
0.0
0.0
0.0
0.0
0.0
0.0
0.0
0.06666666666666665
0.5607843137254902
0.8941176470588236
0.9058823529411765
0.996078431372549
0.996078431372549
0.996078431372549
0.996078431372549
0.996078431372549
0.996078431372549
0.9254901960784314
0.14901960784313728
0.0
0.0
0.0
0.0
0.0
0.0
0.0
0.0
0.0
0.0
0.0
0.0
0.0
0.0117647058823529
0.45882352941176474
0.6196078431372549
0.9686274509803922
0.996078431372549
0.996078431372549
0.996078431372549
0.996078431372549
0.8431372549019608
0.4
0.6196078431372549
0.996078431372549
0.996078431372549
0.996078431372549
0.6509803921568628
0.0
0.0
0.0
0.0
0.0
0.0
0.0
0.0
0.0
0.0
0.0
0.0
0.2588235294117647
0.7333333333333334
0.996078431372549
0.996078431372549
0.996078431372549
0.9254901960784314
0.6549019607843137
0.6196078431372549
0.2313725490196078
0.17647058823529416
0.5686274509803921
0.9254901960784314
0.996078431372549
0.996078431372549
0.996078431372549
0.996078431372549
0.0
0.0
0.0
0.0
0.0
0.0
0.0
0.0
0.0
0.019607843137254943
0.07450980392156858
0.7450980392156863
0.9764705882352941
0.996078431372549
0.9843137254901961
0.9333333333333333
0.7254901960784313
0.2196078431372549
0.0
0.007843137254901933
0.16470588235294115
0.8666666666666667
0.996078431372549
0.996078431372549
0.9450980392156862
0.996078431372549
0.996078431372549
0.9725490196078431
0.0
0.0
0.0
0.0
0.0
0.0
0.0
0.0
0.12549019607843137
0.4509803921568627
0.996078431372549
0.996078431372549
0.996078431372549
0.8784313725490196
0.2901960784313725
0.0
0.0
0.0
0.0
0.18039215686274512
0.996078431372549
0.996078431372549
0.8823529411764706
0.4980392156862745
0.06274509803921569
0.9803921568627451
0.996078431372549
0.48235294117647054
0.0
0.0
0.0
0.0
0.0
0.0
0.0
0.0
0.9137254901960784
0.996078431372549
0.996078431372549
0.9372549019607843
0.3176470588235294
0.11372549019607847
0.0
0.0
0.0
0.0
0.0
0.8470588235294118
0.996078431372549
0.8588235294117648
0.11764705882352944
0.0
0.4784313725490196
0.996078431372549
0.8980392156862745
0.09411764705882353
0.0
0.0
0.0
0.0
0.0
0.0
0.0
0.0
0.5529411764705883
0.7843137254901961
0.4784313725490196
0.050980392156862786
0.0
0.0
0.0
0.0
0.0
0.0
0.18823529411764706
0.9686274509803922
0.996078431372549
0.4
0.0
0.1686274509803921
0.9176470588235294
0.9333333333333333
0.3529411764705882
0.0
0.0
0.0
0.0
0.0
0.0
0.0
0.0
0.0
0.0
0.0
0.0
0.0
0.0
0.0
0.0
0.0
0.0
0.0
0.3647058823529412
0.996078431372549
0.8980392156862745
0.1098039215686275
0.27450980392156865
0.8901960784313725
0.996078431372549
0.7686274509803921
0.0
0.0
0.0
0.0
0.0
0.0
0.0
0.0
0.0
0.0
0.0
0.0
0.0
0.0
0.0
0.0
0.0
0.0
0.0
0.0
0.3647058823529412
0.996078431372549
0.996078431372549
0.8470588235294118
0.9921568627450981
0.996078431372549
0.996078431372549
0.0980392156862745
0.0
0.0
0.0
0.0
0.0
0.0
0.0
0.0
0.0
0.0
0.0
0.0
0.0
0.0
0.0
0.0
0.0
0.0
0.0
0.0
0.015686274509803977
0.8941176470588236
0.996078431372549
0.996078431372549
0.996078431372549
0.8156862745098039
0.1098039215686275
0.0039215686274509665
0.0
0.0
0.0
0.0
0.0
0.0
0.0
0.0
0.0
0.0
0.0
0.0
0.0
0.0
0.0
0.0
0.0
0.0
0.0
0.0
0.0
0.16470588235294115
0.3176470588235294
0.3176470588235294
0.3176470588235294
0.10196078431372546
0.0
0.0
0.0
0.0
0.0
0.0
0.0
0.0
0.0
0.0
0.0
0.0
0.0
0.0
0.0
0.0
0.0
0.0
0.0
0.0
0.0
0.0
0.0
0.0
0.0
0.0
0.0
0.0
0.0
0.0
0.0
0.0
0.0
0.0
0.0
0.0
0.0
0.0
0.0
0.0
0.0
0.0
0.0
0.0
0.0
0.0
0.0
0.0
0.0
0.0
0.0
0.0
0.0
0.0
0.0
0.0
0.0
0.0
0.0
0.0
0.0
0.0
0.0
0.0
0.0
0.0
0.0
0.0
0.0
0.0
0.0
0.0
0.0
0.0
0.0
0.0
0.0
0.0
0.0
0.0
0.0
0.0
0.0
0.0
0.0
0.0
0.0
0.0
0.0
0.0
0.0
0.0
0.0
0.0
0.0
0.0
0.0
0.0
0.0
0.0
0.0
0.0
0.0
0.0
0.0
0.0
0.0
0.0
0.0
0.0
0.0
0.0
0.0
0.0
0.0
0.0
0.0
0.0
0.0
0.0
0.0
0.0
0.0
0.0
0.0
0.0
0.0
0.0
0.0
0.0
0.0
0.0
0.0
0.0
0.0
0.0
0.0
0.0
0.0
0.0
0.0
0.0
0.0
0.0
0.0
0.0
0.0
0.0
0.0
0.0
0.0
0.0
0.0
0.0
0.0
0.0
0.0
0.0
0.0
0.0
0.0
0.0
0.0
0.0
0.0
0.0
0.0
0.0
0.0
0.0
0.0
0.0
0.0
0.0
0.0
0.0
0.0
0.0
0.0
0.0
0.0
0.0
0.0
0.0
0.0
0.0
0.0
0.0
0.0
0.0
0.0
0.0
0.0
0.0
0.0
0.0
0.0
0.0
0.0
0.0
0.0
0.0
0.0
0.0
0.0
0.0
