0.0
0.0
0.0
0.0
0.0
0.0
0.0
0.0
0.0
0.0
0.0
0.0
0.0
0.0
0.0
0.0
0.0
0.0
0.0
0.0
0.0
0.0
0.0
0.0
0.0
0.0
0.0
0.0
0.0
0.0
0.0
0.0
0.0
0.0
0.0
0.0
0.0
0.0
0.0
0.0
0.0
0.0
0.0
0.0
0.0
0.0
0.0
0.0
0.0
0.0
0.0
0.0
0.0
0.0
0.0
0.0
0.0
0.0
0.0
0.0
0.0
0.0
0.0
0.0
0.0
0.0
0.0
0.0
0.0
0.0
0.0
0.0
0.0
0.0
0.0
0.0
0.0
0.0
0.0
0.0
0.0
0.0
0.0
0.0
0.0
0.0
0.0
0.0
0.0
0.0
0.0
0.0
0.0
0.0
0.0
0.0
0.0
0.0
0.0
0.0
0.0
0.0
0.0
0.0
0.0
0.0
0.0
0.0
0.0
0.0
0.0
0.0
0.0
0.0
0.0
0.0
0.0
0.0
0.0
0.0
0.0
0.0
0.0
0.0
0.0
0.0
0.0
0.0
0.0
0.0
0.0
0.0
0.0
0.0
0.0
0.0
0.0
0.0
0.0
0.0
0.0
0.0
0.0
0.0
0.0
0.0
0.0
0.0
0.0
0.0
0.0
0.0
0.0
0.0
0.0
0.0
0.0
0.0
0.0
0.0
0.0
0.0
0.0
0.0
0.0
0.0
0.0
0.0
0.0
0.0
0.0
0.0
0.07843137254901966
0.5725490196078431
0.12549019607843137
0.0
0.0
0.0
0.0
0.0
0.0
0.0
0.0
0.0
0.0
0.0
0.0
0.11764705882352944
0.2431372549019608
0.14117647058823535
0.0
0.0
0.0
0.0
0.0
0.0
0.0
0.0
0.0
0.0
0.38431372549019605
0.996078431372549
0.7686274509803921
0.02352941176470591
0.0
0.0
0.0
0.0
0.0
0.0
0.0
0.0
0.0
0.0
0.22745098039215683
0.9411764705882353
0.996078431372549
0.9058823529411765
0.05882352941176472
0.0
0.0
0.0
0.0
0.0
0.0
0.0
0.0
0.0
0.6549019607843137
0.996078431372549
0.807843137254902
0.050980392156862786
0.0
0.0
0.0
0.0
0.06666666666666665
0.11372549019607847
0.0
0.0
0.0
0.0
0.07058823529411762
0.13725490196078427
0.1725490196078432
0.8705882352941177
0.6274509803921569
0.0
0.0
0.0
0.0
0.0
0.0
0.0
0.0
0.0
0.6549019607843137
0.996078431372549
0.12549019607843137
0.0
0.0
0.0
0.0
0.03529411764705881
0.7960784313725491
0.9372549019607843
0.0
0.0
0.0
0.0
0.0
0.0
0.0
0.4745098039215686
0.9764705882352941
0.14901960784313728
0.0
0.0
0.0
0.0
0.0
0.0
0.0
0.0
0.9294117647058824
0.7764705882352941
0.015686274509803977
0.0
0.0
0.0
0.0
0.07058823529411762
0.996078431372549
0.996078431372549
0.0
0.0
0.0
0.0
0.0
0.0
0.0
0.14117647058823535
0.996078431372549
0.4627450980392157
0.0
0.0
0.0
0.0
0.0
0.0
0.0
0.0
0.996078431372549
0.7176470588235294
0.0
0.0
0.0
0.0
0.0
0.21568627450980393
0.996078431372549
0.996078431372549
0.0
0.0
0.0
0.0
0.0
0.0
0.0
0.07058823529411762
0.996078431372549
0.6509803921568628
0.0
0.0
0.0
0.0
0.0
0.0
0.0
0.0
1.0
0.7294117647058824
0.0039215686274509665
0.0
0.0
0.0
0.0
0.28627450980392155
0.996078431372549
0.8627450980392157
0.0
0.0
0.0
0.0
0.0
0.0
0.0
0.07058823529411762
0.996078431372549
0.9019607843137255
0.0
0.0
0.0
0.0
0.0
0.0
0.0
0.0
0.7607843137254902
0.996078431372549
0.06666666666666665
0.0
0.0
0.0
0.0
0.07058823529411762
0.996078431372549
0.6509803921568628
0.0
0.0
0.0
0.0
0.0
0.0
0.0
0.02352941176470591
0.807843137254902
0.996078431372549
0.0
0.0
0.0
0.0
0.0
0.0
0.0
0.0
0.43137254901960786
0.996078431372549
0.2941176470588235
0.0
0.0
0.0
0.0
0.07058823529411762
0.996078431372549
0.6509803921568628
0.0
0.0
0.0
0.0
0.0
0.0
0.0
0.04705882352941182
0.9019607843137255
0.8784313725490196
0.0
0.0
0.0
0.0
0.0
0.0
0.0
0.0
0.3137254901960784
0.996078431372549
0.4117647058823529
0.0
0.0
0.0
0.0
0.3803921568627451
0.996078431372549
0.5294117647058824
0.0
0.0
0.0
0.0
0.0
0.0
0.0
0.07058823529411762
0.996078431372549
0.7803921568627451
0.0
0.0
0.0
0.0
0.0
0.0
0.0
0.0
0.12941176470588234
0.9764705882352941
0.8705882352941177
0.05882352941176472
0.0
0.0
0.06274509803921569
0.8980392156862745
0.996078431372549
0.8509803921568627
0.0
0.0
0.0
0.0
0.0
0.0
0.0
0.27450980392156865
0.996078431372549
0.5647058823529412
0.0
0.0
0.0
0.0
0.0
0.0
0.0
0.0
0.0
0.4666666666666667
0.996078431372549
0.3647058823529412
0.0
0.0
0.603921568627451
0.996078431372549
0.803921568627451
0.996078431372549
0.5019607843137255
0.0
0.0
0.0
0.0
0.0
0.05882352941176472
0.8549019607843137
0.9764705882352941
0.13725490196078427
0.0
0.0
0.0
0.0
0.0
0.0
0.0
0.0
0.0
0.1333333333333333
0.9019607843137255
0.9686274509803922
0.5607843137254902
0.6823529411764706
0.9686274509803922
0.6980392156862745
0.10196078431372546
0.7764705882352941
0.9568627450980391
0.2666666666666667
0.0
0.0
0.0
0.027450980392156876
0.615686274509804
0.996078431372549
0.7803921568627451
0.0
0.0
0.0
0.0
0.0
0.0
0.0
0.0
0.0
0.0
0.0
0.1843137254901961
0.7333333333333334
0.996078431372549
0.9764705882352941
0.5450980392156863
0.04313725490196074
0.0
0.05882352941176472
0.9490196078431372
0.8509803921568627
0.4862745098039216
0.1725490196078432
0.3176470588235294
0.6705882352941177
0.996078431372549
0.9607843137254902
0.19999999999999996
0.0
0.0
0.0
0.0
0.0
0.0
0.0
0.0
0.0
0.0
0.0
0.0
0.04313725490196074
0.20392156862745103
0.17647058823529416
0.0
0.0
0.0
0.0
0.2431372549019608
0.788235294117647
0.996078431372549
0.996078431372549
0.996078431372549
0.996078431372549
0.9490196078431372
0.3921568627450981
0.0
0.0
0.0
0.0
0.0
0.0
0.0
0.0
0.0
0.0
0.0
0.0
0.0
0.0
0.0
0.0
0.0
0.0
0.0
0.0
0.0
0.06666666666666665
0.5568627450980392
0.580392156862745
0.580392156862745
0.580392156862745
0.28627450980392155
0.0
0.0
0.0
0.0
0.0
0.0
0.0
0.0
0.0
0.0
0.0
0.0
0.0
0.0
0.0
0.0
0.0
0.0
0.0
0.0
0.0
0.0
0.0
0.0
0.0
0.0
0.0
0.0
0.0
0.0
0.0
0.0
0.0
0.0
0.0
0.0
0.0
0.0
0.0
0.0
0.0
0.0
0.0
0.0
0.0
0.0
0.0
0.0
0.0
0.0
0.0
0.0
0.0
0.0
0.0
0.0
0.0
0.0
0.0
0.0
0.0
0.0
0.0
0.0
0.0
0.0
0.0
0.0
0.0
0.0
0.0
0.0
0.0
0.0
0.0
0.0
0.0
0.0
0.0
0.0
0.0
0.0
0.0
0.0
0.0
0.0
0.0
0.0
0.0
0.0
0.0
0.0
0.0
0.0
0.0
0.0
0.0
0.0
0.0
0.0
0.0
0.0
0.0
0.0
0.0
0.0
0.0
0.0
0.0
0.0
0.0
0.0
0.0
0.0
0.0
0.0
0.0
0.0
0.0
0.0
0.0
0.0
0.0
0.0
0.0
0.0
0.0
0.0
0.0
0.0
0.0
0.0
0.0
0.0
0.0
0.0
0.0
0.0
0.0
0.0
0.0
0.0
0.0
0.0
0.0
0.0
0.0
0.0
0.0
0.0
0.0
0.0
0.0
0.0
0.0
0.0
0.0
0.0
0.0
0.0
0.0
0.0
0.0
0.0
0.0
0.0
0.0
0.0
0.0
0.0
0.0
0.0
0.0
0.0
0.0
