0.0
0.0
0.0
0.0
0.0
0.0
0.0
0.0
0.0
0.0
0.0
0.0
0.0
0.0
0.0
0.0
0.0
0.0
0.0
0.0
0.0
0.0
0.0
0.0
0.0
0.0
0.0
0.0
0.0
0.0
0.0
0.0
0.0
0.0
0.0
0.0
0.0
0.0
0.0
0.0
0.0
0.0
0.0
0.0
0.0
0.0
0.0
0.0
0.0
0.0
0.0
0.0
0.0
0.0
0.0
0.0
0.0
0.0
0.0
0.0
0.0
0.0
0.0
0.0
0.0
0.0
0.0
0.0
0.0
0.0
0.0
0.0
0.0
0.0
0.0
0.0
0.0
0.0
0.0
0.0
0.0
0.0
0.0
0.0
0.0
0.0
0.0
0.0
0.0
0.0
0.0
0.0
0.0
0.0
0.0
0.0
0.0
0.0
0.0
0.0
0.0
0.0
0.0
0.0
0.0
0.0
0.0
0.0
0.0
0.0
0.0
0.0
0.0
0.0
0.0
0.0
0.0
0.0
0.0
0.0
0.0
0.0
0.0
0.0
0.0
0.0
0.0
0.0
0.0
0.0
0.0
0.0
0.0
0.0
0.0
0.0
0.0
0.0
0.0
0.0
0.0
0.0
0.0
0.0
0.0
0.0
0.0
0.0
0.0
0.0
0.0
0.0
0.0
0.0
0.0
0.0
0.0
0.0
0.0
0.0
0.0
0.0
0.0
0.0
0.0
0.0
0.0
0.0
0.0
0.0
0.0
0.0
0.0
0.0
0.0
0.0
0.0
0.0
0.10588235294117643
0.14509803921568631
0.0980392156862745
0.0
0.0
0.0
0.0
0.0
0.0
0.0
0.0
0.0
0.0
0.0
0.0
0.0
0.0
0.0
0.0
0.0
0.0
0.0
0.0
0.0
0.0
0.0
0.0
0.2196078431372549
0.8980392156862745
0.9882352941176471
0.8784313725490196
0.2588235294117647
0.019607843137254943
0.0
0.0
0.0
0.0
0.0
0.0
0.0
0.0
0.0
0.0
0.0
0.0
0.0
0.0
0.0
0.0
0.0
0.0
0.0
0.0
0.0
0.10588235294117643
0.8980392156862745
0.9882352941176471
0.9882352941176471
0.9882352941176471
0.9882352941176471
0.20392156862745103
0.0
0.0
0.0
0.0
0.0
0.0
0.0
0.0
0.0
0.0
0.0
0.0
0.0
0.0
0.0
0.0
0.0
0.0
0.0
0.0
0.0
0.5019607843137255
0.9882352941176471
0.9882352941176471
0.7725490196078432
0.9372549019607843
0.9882352941176471
0.8901960784313725
0.03529411764705881
0.0
0.0
0.0
0.0
0.0
0.0
0.0
0.0
0.0
0.0
0.0
0.0
0.0
0.0
0.0
0.0
0.0
0.0
0.0
0.07843137254901966
0.9176470588235295
0.9882352941176471
0.6352941176470588
0.04705882352941182
0.30980392156862746
0.9411764705882353
0.9882352941176471
0.43137254901960786
0.0
0.0
0.0
0.0
0.0
0.0
0.0
0.0
0.0
0.0
0.0
0.0
0.0
0.0
0.0
0.0
0.0
0.0
0.0
0.5019607843137255
0.9882352941176471
0.9882352941176471
0.2823529411764706
0.0
0.0
0.44705882352941173
0.9882352941176471
0.9215686274509804
0.0
0.0
0.0
0.0
0.0
0.0
0.0
0.0
0.16470588235294115
0.019607843137254943
0.0
0.0
0.0
0.0
0.0
0.0
0.0
0.0
0.0
0.5686274509803921
0.9882352941176471
0.611764705882353
0.027450980392156876
0.0
0.0
0.2196078431372549
0.9490196078431372
0.9882352941176471
0.207843137254902
0.0
0.0
0.0
0.0
0.0
0.0
0.5450980392156863
0.9372549019607843
0.6745098039215687
0.0
0.0
0.0
0.0
0.0
0.0
0.0
0.0
0.04705882352941182
0.9686274509803922
0.9882352941176471
0.3294117647058824
0.0
0.0
0.0
0.0
0.8980392156862745
0.9882352941176471
0.9254901960784314
0.0
0.0
0.0
0.0
0.0
0.0
0.8509803921568627
0.9882352941176471
0.5333333333333333
0.0
0.0
0.0
0.0
0.0
0.0
0.0
0.0
0.5215686274509803
0.9921568627450981
0.8509803921568627
0.0
0.0
0.0
0.0
0.0
0.207843137254902
0.9725490196078431
1.0
0.44705882352941173
0.0
0.0
0.0
0.0
0.580392156862745
0.9921568627450981
0.9921568627450981
0.4980392156862745
0.0
0.0
0.0
0.0
0.0
0.0
0.0
0.0
0.5176470588235293
0.9882352941176471
0.8
0.0
0.0
0.0
0.0
0.0
0.0
0.6745098039215687
0.9921568627450981
0.9490196078431372
0.21568627450980393
0.0
0.0
0.4392156862745098
0.9098039215686274
0.9882352941176471
0.9490196078431372
0.039215686274509776
0.0
0.0
0.0
0.0
0.0
0.0
0.0
0.0
0.5176470588235293
0.9882352941176471
0.3764705882352941
0.0
0.0
0.0
0.0
0.0
0.0
0.40784313725490196
0.9254901960784314
0.9882352941176471
0.6862745098039216
0.14509803921568631
0.2588235294117647
0.9019607843137255
0.9882352941176471
0.9882352941176471
0.4980392156862745
0.0
0.0
0.0
0.0
0.0
0.0
0.0
0.0
0.0
0.8352941176470589
0.9882352941176471
0.3764705882352941
0.0
0.0
0.0
0.0
0.0
0.0
0.0
0.43137254901960786
0.9882352941176471
0.9882352941176471
0.9882352941176471
0.9882352941176471
0.9882352941176471
0.9882352941176471
0.9176470588235295
0.07450980392156858
0.0
0.0
0.0
0.0
0.0
0.0
0.0
0.0
0.0
0.8784313725490196
0.9882352941176471
0.7137254901960784
0.0
0.0
0.0
0.0
0.0
0.0
0.0
0.015686274509803977
0.5725490196078431
0.9882352941176471
0.9882352941176471
0.9882352941176471
0.9882352941176471
0.6352941176470588
0.17647058823529416
0.0
0.0
0.0
0.0
0.0
0.0
0.0
0.0
0.0
0.0
0.388235294117647
0.9882352941176471
0.9568627450980391
0.25098039215686274
0.0
0.0
0.0
0.0
0.0
0.0
0.0
0.02352941176470591
0.5254901960784314
0.7058823529411764
0.7058823529411764
0.34509803921568627
0.04705882352941182
0.0
0.0
0.0
0.0
0.0
0.0
0.0
0.0
0.0
0.0
0.0
0.0117647058823529
0.45882352941176474
0.5882352941176471
0.06274509803921569
0.0
0.0
0.0
0.0
0.0
0.0
0.0
0.0
0.0
0.0
0.0
0.0
0.0
0.0
0.0
0.0
0.0
0.0
0.0
0.0
0.0
0.0
0.0
0.0
0.0
0.0
0.0
0.0
0.0
0.0
0.0
0.0
0.0
0.0
0.0
0.0
0.0
0.0
0.0
0.0
0.0
0.0
0.0
0.0
0.0
0.0
0.0
0.0
0.0
0.0
0.0
0.0
0.0
0.0
0.0
0.0
0.0
0.0
0.0
0.0
0.0
0.0
0.0
0.0
0.0
0.0
0.0
0.0
0.0
0.0
0.0
0.0
0.0
0.0
0.0
0.0
0.0
0.0
0.0
0.0
0.0
0.0
0.0
0.0
0.0
0.0
0.0
0.0
0.0
0.0
0.0
0.0
0.0
0.0
0.0
0.0
0.0
0.0
0.0
0.0
0.0
0.0
0.0
0.0
0.0
0.0
0.0
0.0
0.0
0.0
0.0
0.0
0.0
0.0
0.0
0.0
0.0
0.0
0.0
0.0
0.0
0.0
0.0
0.0
0.0
0.0
0.0
0.0
0.0
0.0
0.0
0.0
0.0
0.0
0.0
0.0
0.0
0.0
0.0
0.0
0.0
0.0
0.0
0.0
0.0
0.0
0.0
0.0
0.0
0.0
0.0
0.0
0.0
0.0
0.0
0.0
0.0
0.0
0.0
0.0
0.0
0.0
0.0
0.0
0.0
0.0
0.0
0.0
0.0
0.0
0.0
0.0
0.0
0.0
0.0
0.0
0.0
0.0
0.0
0.0
0.0
0.0
0.0
0.0
0.0
0.0
0.0
0.0
0.0
0.0
0.0
0.0
0.0
0.0
0.0
0.0
0.0
0.0
0.0
0.0
0.0
0.0
0.0
0.0
0.0
0.0
0.0
0.0
0.0
0.0
0.0
0.0
0.0
0.0
