0.0
0.0
0.0
0.0
0.0
0.0
0.0
0.0
0.0
0.0
0.0
0.0
0.0
0.0
0.0
0.0
0.0
0.0
0.0
0.0
0.0
0.0
0.0
0.0
0.0
0.0
0.0
0.0
0.0
0.0
0.0
0.0
0.0
0.0
0.0
0.0
0.0
0.0
0.0
0.0
0.0
0.0
0.0
0.0
0.0
0.0
0.0
0.0
0.0
0.0
0.0
0.0
0.0
0.0
0.0
0.0
0.0
0.0
0.0
0.0
0.0
0.0
0.0
0.0
0.0
0.0
0.0
0.0
0.0
0.0
0.0
0.0
0.0
0.0
0.0
0.0
0.0
0.0
0.0
0.0
0.0
0.0
0.0
0.0
0.0
0.0
0.0
0.0
0.0
0.0
0.0
0.0
0.0
0.0
0.0
0.0
0.0
0.0
0.0
0.0
0.0
0.0
0.0
0.0
0.0
0.0
0.0
0.0
0.0
0.0
0.0
0.0
0.0
0.0
0.0
0.0
0.0
0.0
0.0
0.0
0.0
0.0
0.0
0.0
0.0
0.0
0.0
0.0
0.0
0.0
0.0
0.0
0.0
0.0
0.0
0.0
0.0
0.0
0.0
0.0
0.0
0.0
0.0
0.0
0.0
0.0
0.0
0.0
0.0
0.0
0.0
0.0
0.0
0.0
0.0
0.0
0.0
0.0
0.0
0.0
0.0
0.0
0.0
0.0
0.0
0.0
0.0
0.0
0.0
0.0
0.0
0.0
0.0
0.0
0.0
0.0
0.15294117647058825
0.7372549019607844
0.807843137254902
0.0
0.0
0.0
0.0
0.0
0.0
0.0
0.0
0.0
0.0
0.0
0.0
0.0
0.0
0.0
0.0
0.0
0.0
0.0
0.0
0.0
0.0
0.0
0.0
0.20392156862745103
0.9215686274509804
0.996078431372549
0.9725490196078431
0.19215686274509802
0.0
0.0
0.0
0.0
0.05882352941176472
0.5137254901960784
0.2784313725490196
0.15294117647058825
0.0
0.0
0.0
0.0
0.0
0.0
0.0
0.0
0.0
0.0
0.0
0.0
0.0
0.14509803921568631
0.8941176470588236
0.9647058823529412
0.996078431372549
0.9686274509803922
0.34509803921568627
0.0
0.0
0.0
0.0
0.30980392156862746
0.8235294117647058
0.996078431372549
0.996078431372549
0.8941176470588236
0.05882352941176472
0.0
0.0
0.0
0.0
0.0
0.0
0.0
0.0
0.0
0.0
0.0
0.05882352941176472
0.7529411764705882
0.996078431372549
0.9568627450980393
0.788235294117647
0.3529411764705882
0.0
0.0
0.0
0.0
0.0
0.6549019607843137
0.996078431372549
0.8862745098039215
0.8862745098039215
0.996078431372549
0.6313725490196078
0.05882352941176472
0.0
0.0
0.0
0.0
0.0
0.0
0.0
0.0
0.0
0.0
0.5725490196078431
0.996078431372549
0.996078431372549
0.34901960784313724
0.0
0.0
0.0
0.0
0.0
0.0
0.0
0.9294117647058824
0.996078431372549
0.1843137254901961
0.06666666666666665
0.7607843137254902
0.996078431372549
0.5686274509803921
0.0
0.0
0.0
0.0
0.0
0.0
0.0
0.0
0.0
0.0
0.9058823529411765
0.996078431372549
0.37254901960784315
0.02352941176470591
0.0
0.0
0.0
0.0
0.0
0.0
0.13725490196078427
0.9607843137254902
0.9647058823529412
0.11764705882352944
0.0
0.2823529411764706
0.996078431372549
0.615686274509804
0.0
0.0
0.0
0.0
0.0
0.0
0.0
0.0
0.0
0.0
0.9647058823529412
0.996078431372549
0.10196078431372546
0.0
0.0
0.0
0.0
0.0
0.0
0.0
0.2784313725490196
0.996078431372549
0.788235294117647
0.0
0.0
0.10588235294117643
0.996078431372549
0.615686274509804
0.0
0.0
0.0
0.0
0.0
0.0
0.0
0.0
0.0
0.0
0.7960784313725491
0.996078431372549
0.5019607843137255
0.0
0.0
0.0
0.0
0.0
0.0
0.0
0.41960784313725485
0.996078431372549
0.6666666666666667
0.0
0.0
0.10588235294117643
0.996078431372549
0.615686274509804
0.0
0.0
0.0
0.0
0.0
0.0
0.0
0.0
0.0
0.0
0.07843137254901966
0.9450980392156862
0.9372549019607843
0.5450980392156863
0.09019607843137256
0.0
0.0
0.0
0.0
0.0
0.6196078431372549
0.996078431372549
0.5254901960784314
0.0
0.0
0.3686274509803922
0.996078431372549
0.615686274509804
0.0
0.0
0.0
0.0
0.0
0.0
0.0
0.0
0.0
0.0
0.0
0.40784313725490196
0.9254901960784314
0.996078431372549
0.9058823529411765
0.4666666666666667
0.08235294117647063
0.0
0.0
0.0
0.6196078431372549
0.996078431372549
0.2196078431372549
0.0
0.0980392156862745
0.9333333333333333
0.996078431372549
0.3803921568627451
0.0
0.0
0.0
0.0
0.0
0.0
0.0
0.0
0.0
0.0
0.0
0.0
0.14509803921568631
0.7411764705882353
0.996078431372549
1.0
0.7098039215686274
0.43137254901960786
0.0980392156862745
0.0
0.6196078431372549
0.996078431372549
0.207843137254902
0.16470588235294115
0.6431372549019607
0.996078431372549
0.8196078431372549
0.0
0.0
0.0
0.0
0.0
0.0
0.0
0.0
0.0
0.0
0.0
0.0
0.0
0.0
0.007843137254901933
0.24705882352941178
0.9372549019607843
0.996078431372549
0.996078431372549
0.7333333333333334
0.7411764705882353
0.9725490196078431
0.996078431372549
0.8588235294117648
0.9803921568627451
0.996078431372549
0.9647058823529412
0.42352941176470593
0.0
0.0
0.0
0.0
0.0
0.0
0.0
0.0
0.0
0.0
0.0
0.0
0.0
0.0
0.0
0.0
0.09019607843137256
0.5529411764705883
0.5137254901960784
0.9215686274509804
0.996078431372549
0.996078431372549
0.996078431372549
0.996078431372549
0.996078431372549
0.7098039215686274
0.25098039215686274
0.0
0.0
0.0
0.0
0.0
0.0
0.0
0.0
0.0
0.0
0.0
0.0
0.0
0.0
0.0
0.0
0.0
0.0
0.0
0.0
0.30980392156862746
0.44705882352941173
0.6588235294117647
0.9803921568627451
0.996078431372549
0.7098039215686274
0.11372549019607847
0.0
0.0
0.0
0.0
0.0
0.0
0.0
0.0
0.0
0.0
0.0
0.0
0.0
0.0
0.0
0.0
0.0
0.0
0.0
0.0
0.0
0.0
0.0
0.0
0.4549019607843138
0.996078431372549
0.6549019607843137
0.0
0.0
0.0
0.0
0.0
0.0
0.0
0.0
0.0
0.0
0.0
0.0
0.0
0.0
0.0
0.0
0.0
0.0
0.0
0.0
0.0
0.0
0.0
0.0
0.0
0.12549019607843137
0.9450980392156862
0.8470588235294118
0.02352941176470591
0.0
0.0
0.0
0.0
0.0
0.0
0.0
0.0
0.0
0.0
0.0
0.0
0.0
0.0
0.0
0.0
0.0
0.0
0.0
0.0
0.0
0.0
0.0
0.0
0.0
0.584313725490196
0.996078431372549
0.611764705882353
0.02352941176470591
0.0
0.0
0.0
0.0
0.0
0.0
0.0
0.0
0.0
0.0
0.0
0.0
0.0
0.0
0.0
0.0
0.0
0.0
0.0
0.0
0.0
0.0
0.0
0.0
0.050980392156862786
0.8666666666666667
0.996078431372549
0.4980392156862745
0.019607843137254943
0.0
0.0
0.0
0.0
0.0
0.0
0.0
0.0
0.0
0.0
0.0
0.0
0.0
0.0
0.0
0.0
0.0
0.0
0.0
0.0
0.0
0.0
0.0
0.0
0.388235294117647
0.996078431372549
0.996078431372549
0.37254901960784315
0.0
0.0
0.0
0.0
0.0
0.0
0.0
0.0
0.0
0.0
0.0
0.0
0.0
0.0
0.0
0.0
0.0
0.0
0.0
0.0
0.0
0.0
0.0
0.0
0.05490196078431375
0.592156862745098
0.6862745098039216
0.4666666666666667
0.0
0.0
0.0
0.0
0.0
0.0
0.0
0.0
0.0
0.0
0.0
0.0
0.0
0.0
0.0
0.0
0.0
0.0
0.0
0.0
0.0
0.0
0.0
0.0
0.0
0.0
0.0
0.0
0.0
0.0
0.0
0.0
0.0
0.0
0.0
0.0
0.0
0.0
0.0
0.0
0.0
0.0
0.0
0.0
0.0
0.0
0.0
0.0
0.0
0.0
0.0
0.0
0.0
0.0
0.0
0.0
0.0
0.0
0.0
0.0
0.0
0.0
0.0
