0.0
0.0
0.0
0.0
0.0
0.0
0.0
0.0
0.0
0.0
0.0
0.0
0.0
0.0
0.0
0.0
0.0
0.0
0.0
0.0
0.0
0.0
0.0
0.0
0.0
0.0
0.0
0.0
0.0
0.0
0.0
0.0
0.0
0.0
0.0
0.0
0.0
0.0
0.0
0.0
0.0
0.0
0.0
0.0
0.0
0.0
0.0
0.0
0.0
0.0
0.0
0.0
0.0
0.0
0.0
0.0
0.0
0.0
0.0
0.0
0.0
0.0
0.0
0.0
0.0
0.0
0.0
0.0
0.0
0.0
0.0
0.0
0.0
0.0
0.0
0.0
0.0
0.0
0.0
0.0
0.0
0.0
0.0
0.0
0.0
0.0
0.0
0.0
0.0
0.0
0.0
0.0
0.0
0.0
0.0
0.0
0.0
0.0
0.0
0.0
0.0
0.0
0.0
0.0
0.0
0.0
0.0
0.0
0.0
0.0
0.0
0.0
0.0
0.0
0.0
0.0
0.0
0.0
0.0
0.0
0.0
0.0
0.0
0.0
0.0
0.0
0.0
0.0
0.0
0.0
0.0
0.0
0.0
0.0
0.0
0.0
0.0
0.0
0.0
0.0
0.0
0.0
0.0
0.0
0.0
0.0
0.0
0.0
0.0
0.0
0.0
0.0
0.0
0.0
0.0
0.0
0.0
0.0
0.0
0.0
0.0
0.0
0.0
0.0
0.0
0.0
0.0
0.0
0.0
0.0
0.0
0.0
0.0
0.0
0.0
0.0
0.0
0.0
0.0
0.0
0.0
0.0
0.0
0.0
0.0
0.0
0.0
0.0
0.0
0.0
0.0
0.17647058823529416
0.12549019607843137
0.0
0.0
0.0
0.0
0.0
0.0
0.0
0.0
0.0
0.0
0.0
0.0
0.18823529411764706
0.33725490196078434
0.48235294117647054
0.7764705882352941
0.29803921568627456
0.0
0.0
0.0
0.0
0.0
0.0
0.0
0.0
0.0
0.7764705882352941
0.6980392156862745
0.0
0.0
0.0
0.0
0.0
0.0
0.0
0.0
0.0
0.592156862745098
0.8862745098039215
0.8862745098039215
0.9490196078431372
0.9921568627450981
0.9921568627450981
0.9921568627450981
0.9843137254901961
0.49411764705882355
0.0
0.0
0.0
0.0
0.0
0.0
0.0
0.0
0.7764705882352941
0.9921568627450981
0.0
0.0
0.0
0.0
0.0
0.0
0.0
0.0
0.11372549019607847
0.8509803921568627
1.0
0.996078431372549
0.6431372549019607
0.44705882352941173
0.44705882352941173
0.44705882352941173
0.9529411764705882
1.0
0.47058823529411764
0.0
0.0
0.0
0.0
0.0
0.0
0.0
0.580392156862745
0.7490196078431373
0.0
0.0
0.0
0.0
0.0
0.0
0.0
0.0
0.8509803921568627
0.9921568627450981
0.9921568627450981
0.6941176470588235
0.0
0.0
0.0
0.0
0.23529411764705888
0.9215686274509804
0.7333333333333334
0.027450980392156876
0.0
0.0
0.0
0.0
0.0
0.050980392156862786
0.8235294117647058
0.5490196078431373
0.0
0.0
0.0
0.0
0.0
0.0
0.0
0.0
0.41960784313725485
0.3176470588235294
0.9215686274509804
0.5490196078431373
0.0
0.0
0.0
0.0
0.0
0.6627450980392157
0.9921568627450981
0.4549019607843138
0.0
0.0
0.0
0.0
0.0
0.37254901960784315
0.9921568627450981
0.20392156862745103
0.0
0.0
0.0
0.0
0.0
0.0
0.0
0.0
0.0
0.19999999999999996
0.9686274509803922
0.5490196078431373
0.0
0.0
0.0
0.0
0.0
0.47058823529411764
0.9921568627450981
0.5490196078431373
0.0
0.0
0.0
0.0
0.10196078431372546
0.9568627450980393
0.8431372549019608
0.06274509803921569
0.0
0.0
0.0
0.0
0.0
0.0
0.0
0.0
0.0
0.22352941176470587
0.996078431372549
0.7490196078431373
0.0
0.0
0.0
0.0
0.0
0.10196078431372546
0.8784313725490196
0.996078431372549
0.0
0.0
0.0
0.0
0.36078431372549025
0.996078431372549
0.6627450980392157
0.0
0.0
0.0
0.0
0.0
0.0
0.0
0.0
0.0
0.0
0.22352941176470587
0.9921568627450981
0.5490196078431373
0.0
0.0
0.0
0.0
0.0
0.0
0.7764705882352941
0.9921568627450981
0.10196078431372546
0.0
0.0
0.0
0.6509803921568628
0.9921568627450981
0.5607843137254902
0.0
0.0
0.0
0.0
0.0
0.0
0.0
0.0
0.0
0.0
0.22352941176470587
0.9921568627450981
0.5490196078431373
0.0
0.0
0.0
0.0
0.0
0.0
0.6274509803921569
0.9921568627450981
0.44705882352941173
0.0
0.0
0.0
0.996078431372549
0.9176470588235294
0.14509803921568631
0.0
0.0
0.0
0.0
0.0
0.0
0.0
0.0
0.0
0.0
0.22352941176470587
0.9921568627450981
0.5490196078431373
0.0
0.0
0.0
0.0
0.0
0.0
0.33333333333333337
0.9921568627450981
0.44705882352941173
0.0
0.0
0.4
0.996078431372549
0.5725490196078431
0.0
0.0
0.0
0.0
0.0
0.0
0.0
0.0
0.0
0.0
0.0
0.12549019607843137
0.9019607843137255
0.5529411764705883
0.0
0.0
0.0
0.0
0.0
0.0
0.33725490196078434
0.996078431372549
0.8901960784313725
0.0
0.039215686274509776
0.9019607843137255
0.9411764705882353
0.14901960784313728
0.0
0.0
0.0
0.0
0.0
0.0
0.0
0.0
0.0
0.0
0.0
0.17647058823529416
0.9450980392156862
0.4549019607843138
0.0
0.0
0.0
0.0
0.0
0.0
0.11372549019607847
0.9215686274509804
0.9098039215686274
0.07450980392156858
0.43529411764705883
0.9921568627450981
0.5882352941176471
0.0
0.0
0.0
0.0
0.0
0.0
0.0
0.0
0.0
0.0
0.0
0.0
0.17647058823529416
0.9450980392156862
0.1098039215686275
0.0
0.0
0.0
0.0
0.0
0.0
0.0
0.8862745098039215
0.996078431372549
0.5019607843137255
0.9450980392156862
0.9921568627450981
0.0980392156862745
0.0
0.0
0.0
0.0
0.0
0.0
0.0
0.0
0.0
0.0
0.0
0.0
0.22352941176470587
0.9921568627450981
0.1098039215686275
0.0
0.0
0.0
0.0
0.0
0.0
0.0
0.2941176470588235
0.996078431372549
0.9450980392156862
0.9921568627450981
0.7960784313725491
0.0
0.0
0.0
0.0
0.0
0.0
0.0
0.0
0.0
0.0
0.0
0.0
0.0
0.22352941176470587
0.8117647058823529
0.050980392156862786
0.0
0.0
0.0
0.0
0.0
0.0
0.0
0.0
0.7529411764705882
0.996078431372549
0.996078431372549
0.3058823529411765
0.0
0.0
0.0
0.0
0.0
0.0
0.0
0.0
0.0
0.0
0.0
0.0
0.0
0.07450980392156858
0.2196078431372549
0.0
0.0
0.0
0.0
0.0
0.0
0.0
0.0
0.0
0.23529411764705888
0.7725490196078432
0.6235294117647059
0.03529411764705881
0.0
0.0
0.0
0.0
0.0
0.0
0.0
0.0
0.0
0.0
0.0
0.0
0.0
0.0
0.0
0.0
0.0
0.0
0.0
0.0
0.0
0.0
0.0
0.0
0.0
0.0
0.0
0.0
0.0
0.0
0.0
0.0
0.0
0.0
0.0
0.0
0.0
0.0
0.0
0.0
0.0
0.0
0.0
0.0
0.0
0.0
0.0
0.0
0.0
0.0
0.0
0.0
0.0
0.0
0.0
0.0
0.0
0.0
0.0
0.0
0.0
0.0
0.0
0.0
0.0
0.0
0.0
0.0
0.0
0.0
0.0
0.0
0.0
0.0
0.0
0.0
0.0
0.0
0.0
0.0
0.0
0.0
0.0
0.0
0.0
0.0
0.0
0.0
0.0
0.0
0.0
0.0
0.0
0.0
0.0
0.0
0.0
0.0
0.0
0.0
0.0
0.0
0.0
0.0
0.0
0.0
0.0
0.0
0.0
0.0
0.0
0.0
0.0
0.0
0.0
0.0
0.0
0.0
0.0
0.0
0.0
0.0
0.0
0.0
0.0
0.0
0.0
0.0
0.0
0.0
0.0
0.0
0.0
0.0
0.0
0.0
0.0
0.0
0.0
0.0
0.0
0.0
0.0
0.0
0.0
0.0
0.0
