0.0
0.0
0.0
0.0
0.0
0.0
0.0
0.0
0.0
0.0
0.0
0.0
0.0
0.0
0.0
0.0
0.0
0.0
0.0
0.0
0.0
0.0
0.0
0.0
0.0
0.0
0.0
0.0
0.0
0.0
0.0
0.0
0.0
0.0
0.0
0.0
0.0
0.0
0.0
0.0
0.0
0.0
0.0
0.0
0.0
0.0
0.0
0.0
0.0
0.0
0.0
0.0
0.0
0.0
0.0
0.0
0.0
0.0
0.0
0.0
0.0
0.0
0.0
0.0
0.0
0.0
0.0
0.0
0.0
0.0
0.0
0.0
0.0
0.0
0.0
0.0
0.0
0.0
0.0
0.0
0.0
0.0
0.0
0.0
0.0
0.0
0.0
0.0
0.0
0.0
0.0
0.0
0.0
0.0
0.0
0.0
0.0
0.0
0.0
0.0
0.0
0.0
0.0
0.0
0.0
0.0
0.0
0.0
0.0
0.0
0.0
0.0
0.0
0.0
0.0
0.0
0.0
0.0
0.0
0.0
0.0
0.0
0.0
0.0
0.0
0.0
0.0
0.0
0.0
0.0
0.0
0.0
0.0
0.0
0.0
0.0
0.0
0.0
0.0
0.0
0.0
0.0
0.0
0.0
0.0
0.0
0.0
0.0
0.0
0.0
0.0
0.0
0.0
0.0
0.0
0.0
0.0
0.0
0.0
0.0
0.0
0.0
0.0
0.0
0.0
0.0
0.0
0.0
0.0
0.0
0.0
0.0
0.0
0.0
0.0
0.0
0.0
0.0
0.0
0.0
0.019607843137254943
0.050980392156862786
0.5019607843137255
0.5254901960784314
0.5215686274509803
0.5215686274509803
0.5215686274509803
0.5215686274509803
0.5215686274509803
0.5215686274509803
0.5215686274509803
0.5215686274509803
0.02352941176470591
0.0
0.0
0.0
0.0
0.0
0.0
0.0
0.0
0.0
0.0
0.0
0.0
0.0
0.027450980392156876
0.0980392156862745
0.6666666666666667
0.9921568627450981
0.9921568627450981
0.996078431372549
0.9921568627450981
0.9921568627450981
0.9921568627450981
0.9921568627450981
0.9921568627450981
0.9921568627450981
0.9921568627450981
0.9921568627450981
0.3647058823529412
0.0
0.0
0.0
0.0
0.0
0.0
0.0
0.0
0.0
0.0
0.0
0.0
0.03529411764705881
0.611764705882353
0.9921568627450981
0.9921568627450981
0.9921568627450981
0.9921568627450981
0.996078431372549
0.9921568627450981
0.9921568627450981
0.9921568627450981
0.9921568627450981
0.9921568627450981
0.9921568627450981
0.9921568627450981
0.9921568627450981
0.9921568627450981
0.0
0.0
0.0
0.0
0.0
0.0
0.0
0.0
0.0
0.0
0.027450980392156876
0.5058823529411764
0.7450980392156863
0.9921568627450981
0.9921568627450981
0.9921568627450981
0.9921568627450981
0.9921568627450981
0.8980392156862745
0.8196078431372549
0.9921568627450981
0.9921568627450981
0.8352941176470589
0.8352941176470589
0.9921568627450981
0.9921568627450981
0.9921568627450981
0.7647058823529411
0.0
0.0
0.0
0.0
0.0
0.0
0.0
0.0
0.0
0.02352941176470591
0.5725490196078431
0.9921568627450981
0.9921568627450981
0.9921568627450981
0.9921568627450981
0.9921568627450981
0.9921568627450981
0.7647058823529411
0.13725490196078427
0.027450980392156876
0.5764705882352941
0.7568627450980392
0.34901960784313724
0.6470588235294117
0.9921568627450981
0.9921568627450981
0.9921568627450981
0.8784313725490196
0.0
0.0
0.0
0.0
0.0
0.0
0.0
0.0
0.0
0.02352941176470591
0.7058823529411764
0.9921568627450981
0.9921568627450981
0.9921568627450981
0.9921568627450981
0.9921568627450981
0.5294117647058824
0.0117647058823529
0.0
0.0
0.0
0.0
0.0
0.42352941176470593
0.9921568627450981
0.9921568627450981
0.9921568627450981
0.5176470588235293
0.0
0.0
0.0
0.0
0.0
0.0
0.0
0.0
0.0
0.03529411764705881
0.7411764705882353
0.9921568627450981
0.9921568627450981
0.9921568627450981
0.9921568627450981
0.5254901960784314
0.019607843137254943
0.0
0.0
0.0
0.0
0.0
0.0
0.7607843137254902
0.9921568627450981
0.9921568627450981
0.9921568627450981
0.36078431372549025
0.0
0.0
0.0
0.0
0.0
0.0
0.0
0.0
0.019607843137254943
0.6666666666666667
0.9921568627450981
0.9921568627450981
0.9921568627450981
0.9921568627450981
0.5254901960784314
0.019607843137254943
0.0
0.0
0.0
0.0
0.0
0.0
0.09411764705882353
0.8509803921568627
0.9921568627450981
0.9921568627450981
0.9921568627450981
0.04313725490196074
0.0
0.0
0.0
0.0
0.0
0.0
0.0
0.0
0.050980392156862786
0.9921568627450981
0.9921568627450981
0.9921568627450981
0.9921568627450981
0.7333333333333334
0.019607843137254943
0.0
0.0
0.0
0.0
0.0
0.0
0.0
0.44705882352941173
0.9921568627450981
0.9921568627450981
0.9921568627450981
0.807843137254902
0.027450980392156876
0.0
0.0
0.0
0.0
0.0
0.0
0.0
0.0
0.5019607843137255
0.9921568627450981
0.9921568627450981
0.9921568627450981
0.9921568627450981
0.2549019607843137
0.0
0.0
0.0
0.0
0.0
0.0
0.0
0.0
0.7137254901960784
0.9921568627450981
0.9921568627450981
0.9921568627450981
0.3411764705882353
0.0
0.0
0.0
0.0
0.0
0.0
0.0
0.0
0.0
0.5254901960784314
0.996078431372549
0.996078431372549
0.996078431372549
0.7372549019607844
0.0
0.0
0.0
0.0
0.0
0.0
0.0
0.0
0.19215686274509802
0.996078431372549
0.996078431372549
0.996078431372549
0.996078431372549
0.09411764705882353
0.0
0.0
0.0
0.0
0.0
0.0
0.0
0.0
0.0
0.7960784313725491
0.9921568627450981
0.9921568627450981
0.9921568627450981
0.2823529411764706
0.0
0.0
0.0
0.0
0.0
0.0
0.0
0.0
0.23921568627450984
0.9921568627450981
0.9921568627450981
0.9921568627450981
0.7294117647058824
0.039215686274509776
0.0
0.0
0.0
0.0
0.0
0.0
0.0
0.0
0.0
0.996078431372549
0.9921568627450981
0.9921568627450981
0.9921568627450981
0.2823529411764706
0.0
0.0
0.0
0.0
0.0
0.0
0.0
0.16078431372549018
0.8705882352941177
0.9921568627450981
0.9921568627450981
0.7843137254901961
0.05490196078431375
0.0
0.0
0.0
0.0
0.0
0.0
0.0
0.0
0.0
0.0
0.996078431372549
0.9921568627450981
0.9921568627450981
0.9921568627450981
0.2823529411764706
0.0
0.0
0.0
0.0
0.0
0.0
0.06666666666666665
0.8705882352941177
0.9921568627450981
0.9921568627450981
0.9921568627450981
0.34509803921568627
0.0
0.0
0.0
0.0
0.0
0.0
0.0
0.0
0.0
0.0
0.0
0.8823529411764706
0.9921568627450981
0.9921568627450981
0.9921568627450981
0.2823529411764706
0.0
0.0
0.0
0.0
0.0
0.12549019607843137
0.3137254901960784
0.9921568627450981
0.9921568627450981
0.9372549019607843
0.6196078431372549
0.05490196078431375
0.0
0.0
0.0
0.0
0.0
0.0
0.0
0.0
0.0
0.0
0.0
0.16078431372549018
0.9921568627450981
0.9921568627450981
0.9921568627450981
0.41960784313725485
0.0
0.0
0.0
0.0
0.13725490196078427
0.8862745098039215
0.9921568627450981
0.9921568627450981
0.9921568627450981
0.6196078431372549
0.0
0.0
0.0
0.0
0.0
0.0
0.0
0.0
0.0
0.0
0.0
0.0
0.0
0.0117647058823529
0.2666666666666667
0.9921568627450981
0.9921568627450981
0.9490196078431372
0.44705882352941173
0.33725490196078434
0.33725490196078434
0.7647058823529411
0.8980392156862745
0.996078431372549
0.9921568627450981
0.9921568627450981
0.4549019607843138
0.05490196078431375
0.0
0.0
0.0
0.0
0.0
0.0
0.0
0.0
0.0
0.0
0.0
0.0
0.0
0.0
0.015686274509803977
0.43529411764705883
0.6862745098039216
0.9921568627450981
0.9921568627450981
0.9921568627450981
0.9921568627450981
0.9921568627450981
0.9921568627450981
0.996078431372549
0.9568627450980391
0.5450980392156863
0.04705882352941182
0.0
0.0
0.0
0.0
0.0
0.0
0.0
0.0
0.0
0.0
0.0
0.0
0.0
0.0
0.0
0.0
0.0
0.019607843137254943
0.207843137254902
0.5647058823529412
0.5647058823529412
0.7294117647058824
0.9921568627450981
0.788235294117647
0.5450980392156863
0.08235294117647063
0.0
0.0
0.0
0.0
0.0
0.0
0.0
0.0
0.0
0.0
0.0
0.0
0.0
0.0
0.0
0.0
0.0
0.0
0.0
0.0
0.0
0.0
0.0
0.019607843137254943
0.04313725490196074
0.02352941176470591
0.0
0.0
0.0
0.0
0.0
0.0
0.0
0.0
0.0
0.0
0.0
0.0
0.0
0.0
0.0
0.0
0.0
0.0
0.0
0.0
0.0
0.0
0.0
0.0
0.0
0.0
0.0
0.0
0.0
0.0
0.0
0.0
0.0
0.0
0.0
0.0
0.0
0.0
0.0
0.0
0.0
0.0
0.0
0.0
0.0
0.0
0.0
0.0
0.0
0.0
0.0
0.0
0.0
0.0
0.0
0.0
0.0
0.0
0.0
0.0
0.0
0.0
0.0
0.0
0.0
0.0
0.0
0.0
0.0
