0.0
0.0
0.0
0.0
0.0
0.0
0.0
0.0
0.0
0.0
0.0
0.0
0.0
0.0
0.0
0.0
0.0
0.0
0.0
0.0
0.0
0.0
0.0
0.0
0.0
0.0
0.0
0.0
0.0
0.0
0.0
0.0
0.0
0.0
0.0
0.0
0.0
0.0
0.0
0.0
0.0
0.0
0.0
0.0
0.0
0.0
0.0
0.0
0.0
0.0
0.0
0.0
0.0
0.0
0.0
0.0
0.0
0.0
0.0
0.0
0.0
0.0
0.0
0.0
0.0
0.0
0.0
0.0
0.0
0.0
0.0
0.0
0.0
0.0
0.0
0.0
0.0
0.0
0.0
0.0
0.0
0.0
0.0
0.0
0.0
0.0
0.0
0.0
0.0
0.0
0.0
0.0
0.0
0.0
0.0
0.0
0.0
0.0
0.0
0.0
0.0
0.0
0.0
0.0
0.0
0.0
0.0
0.0
0.0
0.0
0.0
0.0
0.0
0.0
0.0
0.0
0.0
0.0
0.0
0.0
0.0
0.0
0.0
0.0
0.0
0.0
0.0
0.0
0.0
0.0
0.0
0.0
0.0
0.0
0.0
0.0
0.0
0.0
0.0
0.0
0.0
0.0
0.0
0.0
0.0
0.0
0.0
0.0
0.0
0.0
0.0
0.0
0.0
0.0
0.0
0.0
0.0
0.0
0.0
0.0
0.0
0.0
0.0
0.0
0.0
0.0
0.0
0.0
0.0
0.0
0.0
0.0
0.0
0.0
0.12941176470588234
0.9568627450980391
0.611764705882353
0.0
0.0
0.07058823529411762
0.14901960784313728
0.14901960784313728
0.07843137254901966
0.0
0.0
0.0
0.0
0.0
0.0
0.0
0.0
0.0
0.34509803921568627
0.21176470588235297
0.0
0.0
0.0
0.0
0.0
0.0
0.0
0.0
0.0
0.7215686274509804
0.9725490196078431
0.050980392156862786
0.615686274509804
0.8509803921568627
0.9921568627450981
0.9921568627450981
0.8588235294117648
0.6313725490196078
0.06274509803921569
0.0
0.0
0.0
0.0
0.0
0.0
0.09411764705882353
0.9137254901960784
0.8784313725490196
0.0
0.0
0.0
0.0
0.0
0.0
0.0
0.0
0.0
0.7215686274509804
0.9921568627450981
0.8901960784313725
0.9921568627450981
0.9921568627450981
0.9921568627450981
0.9921568627450981
0.9921568627450981
0.9921568627450981
0.4
0.0
0.0
0.0
0.0
0.0
0.0
0.5019607843137255
0.9921568627450981
0.803921568627451
0.0
0.0
0.0
0.0
0.0
0.0
0.0
0.0
0.0
0.7215686274509804
0.9921568627450981
0.9921568627450981
0.9921568627450981
0.9137254901960784
0.8235294117647058
0.5019607843137255
0.6196078431372549
0.9921568627450981
0.8470588235294118
0.039215686274509776
0.0
0.0
0.0
0.0
0.0
0.6235294117647059
0.9921568627450981
0.5686274509803921
0.0
0.0
0.0
0.0
0.0
0.0
0.0
0.0
0.0
0.7215686274509804
0.9921568627450981
0.9921568627450981
0.9921568627450981
0.3921568627450981
0.0
0.0
0.019607843137254943
0.7254901960784313
0.9921568627450981
0.06274509803921569
0.0
0.0
0.0
0.0
0.1333333333333333
0.9803921568627452
0.9921568627450981
0.2549019607843137
0.0
0.0
0.0
0.0
0.0
0.0
0.0
0.0
0.0
0.5215686274509803
0.9921568627450981
0.9921568627450981
0.9921568627450981
0.10588235294117643
0.0
0.0
0.0
0.6352941176470588
0.9921568627450981
0.06274509803921569
0.0
0.0
0.0
0.0
0.42352941176470593
0.9921568627450981
0.8627450980392157
0.07843137254901966
0.0
0.0
0.0
0.0
0.0
0.0
0.0
0.0
0.0
0.29803921568627456
0.9921568627450981
0.9607843137254902
0.6666666666666667
0.039215686274509776
0.0
0.0
0.0
0.6352941176470588
0.9921568627450981
0.06274509803921569
0.0
0.0
0.0
0.0
0.8274509803921568
0.9921568627450981
0.7176470588235294
0.0
0.0
0.0
0.0
0.0
0.0
0.0
0.0
0.0
0.0
0.29803921568627456
0.9921568627450981
0.8235294117647058
0.0
0.0
0.0
0.0
0.0
0.6352941176470588
0.9921568627450981
0.207843137254902
0.0
0.0
0.0
0.19999999999999996
0.9568627450980391
0.9921568627450981
0.5725490196078431
0.0
0.0
0.0
0.0
0.0
0.0
0.0
0.0
0.0
0.0
0.29803921568627456
0.9921568627450981
0.8235294117647058
0.0
0.0
0.0
0.0
0.0
0.25098039215686274
0.9921568627450981
0.4862745098039216
0.0
0.0
0.0
0.28627450980392155
0.9921568627450981
0.9294117647058824
0.15294117647058825
0.0
0.0
0.0
0.0
0.0
0.0
0.0
0.0
0.0
0.0
0.3921568627450981
0.9921568627450981
0.8235294117647058
0.0
0.0
0.0
0.0
0.0
0.21568627450980393
0.9921568627450981
0.4862745098039216
0.0
0.0
0.02352941176470591
0.7450980392156863
0.9921568627450981
0.8666666666666667
0.0
0.0
0.0
0.0
0.0
0.0
0.0
0.0
0.0
0.0
0.0
0.7215686274509804
0.9921568627450981
0.8235294117647058
0.0
0.0
0.0
0.0
0.0
0.21568627450980393
0.9921568627450981
0.4862745098039216
0.0
0.0
0.44313725490196076
0.9921568627450981
0.9921568627450981
0.5294117647058824
0.0
0.0
0.0
0.0
0.0
0.0
0.0
0.0
0.0
0.0
0.0
0.7215686274509804
0.9921568627450981
0.603921568627451
0.0
0.0
0.0
0.0
0.0
0.21568627450980393
0.9921568627450981
0.4862745098039216
0.0
0.19999999999999996
0.9490196078431372
0.9921568627450981
0.9921568627450981
0.22745098039215683
0.0
0.0
0.0
0.0
0.0
0.0
0.0
0.0
0.0
0.0
0.0
0.7215686274509804
0.9921568627450981
0.403921568627451
0.0
0.0
0.0
0.0
0.0
0.16470588235294115
0.9450980392156862
0.4862745098039216
0.0
0.4862745098039216
0.9921568627450981
0.9921568627450981
0.6274509803921569
0.007843137254901933
0.0
0.0
0.0
0.0
0.0
0.0
0.0
0.0
0.0
0.0
0.1215686274509804
0.9411764705882353
0.9921568627450981
0.403921568627451
0.0
0.0
0.0
0.0
0.0
0.0
0.7843137254901961
0.6470588235294117
0.09019607843137256
0.8784313725490196
0.9921568627450981
0.8941176470588235
0.10588235294117643
0.0
0.0
0.0
0.0
0.0
0.0
0.0
0.0
0.0
0.0
0.0
0.14901960784313728
0.9921568627450981
0.9921568627450981
0.36078431372549025
0.0
0.0
0.0
0.0
0.0
0.0
0.5568627450980392
0.9921568627450981
0.9647058823529412
0.9921568627450981
0.9921568627450981
0.5098039215686274
0.0
0.0
0.0
0.0
0.0
0.0
0.0
0.0
0.0
0.0
0.0
0.0
0.44313725490196076
0.9921568627450981
0.9725490196078431
0.0
0.0
0.0
0.0
0.0
0.0
0.0
0.2705882352941177
0.9803921568627452
0.9921568627450981
0.9921568627450981
0.9215686274509804
0.10196078431372546
0.0
0.0
0.0
0.0
0.0
0.0
0.0
0.0
0.0
0.0
0.0
0.0
0.7450980392156863
0.9921568627450981
0.6196078431372549
0.0
0.0
0.0
0.0
0.0
0.0
0.0
0.0
0.7607843137254902
0.9921568627450981
0.9921568627450981
0.3647058823529412
0.0
0.0
0.0
0.0
0.0
0.0
0.0
0.0
0.0
0.0
0.0
0.0
0.0
1.0
0.9921568627450981
0.4980392156862745
0.0
0.0
0.0
0.0
0.0
0.0
0.0
0.0
0.08235294117647063
0.8666666666666667
0.7019607843137254
0.019607843137254943
0.0
0.0
0.0
0.0
0.0
0.0
0.0
0.0
0.0
0.0
0.0
0.0
0.0
0.8784313725490196
0.9921568627450981
0.12549019607843137
0.0
0.0
0.0
0.0
0.0
0.0
0.0
0.0
0.0
0.0
0.0
0.0
0.0
0.0
0.0
0.0
0.0
0.0
0.0
0.0
0.0
0.0
0.0
0.0
0.0
0.39607843137254906
0.8666666666666667
0.07450980392156858
0.0
0.0
0.0
0.0
0.0
0.0
0.0
0.0
0.0
0.0
0.0
0.0
0.0
0.0
0.0
0.0
0.0
0.0
0.0
0.0
0.0
0.0
0.0
0.0
0.0
0.0
0.0
0.0
0.0
0.0
0.0
0.0
0.0
0.0
0.0
0.0
0.0
0.0
0.0
0.0
0.0
0.0
0.0
0.0
0.0
0.0
0.0
0.0
0.0
0.0
0.0
0.0
0.0
0.0
0.0
0.0
0.0
0.0
0.0
0.0
0.0
0.0
0.0
0.0
0.0
0.0
0.0
0.0
0.0
0.0
0.0
0.0
0.0
0.0
0.0
