0.0
0.0
0.0
0.0
0.0
0.0
0.0
0.0
0.0
0.0
0.0
0.0
0.0
0.0
0.0
0.0
0.0
0.0
0.0
0.0
0.0
0.0
0.0
0.0
0.0
0.0
0.0
0.0
0.0
0.0
0.0
0.0
0.0
0.0
0.0
0.0
0.0
0.0
0.0
0.0
0.0
0.0
0.0
0.0
0.0
0.0
0.0
0.0
0.0
0.0
0.0
0.0
0.0
0.0
0.0
0.0
0.0
0.0
0.0
0.0
0.0
0.0
0.0
0.0
0.0
0.0
0.0
0.0
0.0
0.0
0.0
0.0
0.0
0.0
0.0
0.0
0.0
0.0
0.0
0.0
0.0
0.0
0.0
0.0
0.0
0.0
0.0
0.0
0.0
0.0
0.0
0.0
0.0
0.0
0.0
0.0
0.0
0.0
0.0
0.0
0.0
0.0
0.0
0.0
0.0
0.0
0.0
0.0
0.0
0.0
0.0
0.0
0.0
0.0
0.0
0.0
0.0
0.0
0.0
0.0
0.0
0.0
0.0
0.0
0.0
0.0
0.0
0.0
0.0
0.0
0.0
0.0
0.0
0.0
0.0
0.0
0.0
0.0
0.0
0.0
0.0
0.0
0.0
0.0
0.0
0.0
0.0
0.0
0.0
0.0
0.0
0.0
0.0
0.0
0.0
0.0
0.0
0.0
0.0
0.0
0.0
0.0
0.0
0.0
0.0
0.0
0.0
0.0
0.0
0.0
0.0
0.0
0.09411764705882353
0.12549019607843137
0.12549019607843137
0.12549019607843137
0.0
0.0
0.0
0.0
0.0
0.0
0.0
0.0
0.0
0.0
0.0
0.0
0.0
0.0
0.0
0.0
0.0
0.0
0.0
0.0
0.0
0.0
0.0
0.0
0.7450980392156863
0.9843137254901961
0.9843137254901961
0.9843137254901961
0.3137254901960784
0.0
0.0
0.0
0.0
0.0
0.0
0.0
0.0
0.0
0.5019607843137255
0.43529411764705883
0.0
0.0
0.0
0.0
0.0
0.0
0.0
0.0
0.0
0.0
0.0
0.3294117647058824
0.9568627450980393
0.9843137254901961
0.9843137254901961
0.9843137254901961
0.9490196078431372
0.21568627450980393
0.0
0.0
0.0
0.0
0.0
0.0
0.06274509803921569
0.6352941176470588
0.9921568627450981
0.9725490196078431
0.8666666666666667
0.3254901960784313
0.09411764705882353
0.0
0.0
0.0
0.0
0.0
0.0
0.0
0.0
0.3764705882352941
0.9843137254901961
0.9843137254901961
0.9843137254901961
0.9843137254901961
0.9921568627450981
0.2431372549019608
0.0
0.0
0.0
0.0
0.0
0.0
0.25098039215686274
0.9843137254901961
0.9921568627450981
0.9843137254901961
0.9843137254901961
0.9843137254901961
0.3686274509803922
0.0
0.0
0.0
0.0
0.0
0.0
0.0
0.0
0.607843137254902
0.9921568627450981
0.9921568627450981
0.9921568627450981
0.9921568627450981
0.6235294117647059
0.0
0.0
0.0
0.0
0.0
0.04705882352941182
0.3764705882352941
0.9176470588235294
0.9921568627450981
1.0
0.9921568627450981
0.9921568627450981
0.9921568627450981
0.6
0.0
0.0
0.0
0.0
0.0
0.0
0.0
0.0
0.9921568627450981
0.9843137254901961
0.9843137254901961
0.9843137254901961
0.9843137254901961
0.5411764705882354
0.0
0.0
0.0
0.0
0.0
0.20392156862745103
0.9843137254901961
0.9843137254901961
0.9843137254901961
0.9921568627450981
0.9843137254901961
0.9843137254901961
0.9843137254901961
0.596078431372549
0.0
0.0
0.0
0.0
0.0
0.0
0.0
0.0
0.9921568627450981
0.9843137254901961
0.9843137254901961
0.9843137254901961
0.9843137254901961
0.0
0.0
0.0
0.0
0.0
0.5019607843137255
0.8666666666666667
0.9843137254901961
0.9843137254901961
0.9843137254901961
0.9921568627450981
0.9843137254901961
0.9843137254901961
0.9843137254901961
0.9843137254901961
0.0
0.0
0.0
0.0
0.0
0.0
0.0
0.0
0.8352941176470589
0.9843137254901961
0.9843137254901961
0.9843137254901961
0.9843137254901961
0.0
0.0
0.0
0.0
0.1568627450980392
0.9921568627450981
0.9843137254901961
0.9843137254901961
0.9843137254901961
0.9843137254901961
0.9921568627450981
0.9843137254901961
0.9843137254901961
0.9843137254901961
0.9843137254901961
0.0
0.0
0.0
0.0
0.0
0.0
0.0
0.0
0.14117647058823535
0.8313725490196078
0.9843137254901961
0.9843137254901961
0.9843137254901961
0.0
0.0
0.3137254901960784
0.6196078431372549
0.8509803921568627
0.9921568627450981
0.9843137254901961
0.9843137254901961
0.9843137254901961
0.9843137254901961
0.9921568627450981
0.9843137254901961
0.9843137254901961
0.9843137254901961
0.9843137254901961
0.0
0.0
0.0
0.0
0.0
0.0
0.0
0.0
0.0
0.5137254901960784
0.9921568627450981
0.9921568627450981
0.9921568627450981
1.0
0.9921568627450981
0.9921568627450981
0.9921568627450981
0.9921568627450981
1.0
0.9921568627450981
0.9921568627450981
0.9921568627450981
0.9921568627450981
1.0
0.9921568627450981
0.9921568627450981
0.9921568627450981
0.9921568627450981
0.0
0.0
0.0
0.0
0.0
0.0
0.0
0.0
0.0
0.03137254901960784
0.2431372549019608
0.8196078431372549
0.9843137254901961
0.9921568627450981
0.9843137254901961
0.9843137254901961
0.9843137254901961
0.9843137254901961
0.9921568627450981
0.9843137254901961
0.9843137254901961
0.7215686274509804
0.7098039215686274
0.9921568627450981
0.9843137254901961
0.9843137254901961
0.9843137254901961
0.9843137254901961
0.0
0.0
0.0
0.0
0.0
0.0
0.0
0.0
0.0
0.0
0.0
0.12549019607843137
0.49411764705882355
0.9921568627450981
0.9843137254901961
0.9843137254901961
0.9843137254901961
0.9843137254901961
0.9921568627450981
0.9843137254901961
0.7372549019607844
0.05882352941176472
0.6196078431372549
0.9921568627450981
0.9843137254901961
0.9843137254901961
0.9843137254901961
0.9843137254901961
0.0
0.0
0.0
0.0
0.0
0.0
0.0
0.0
0.0
0.0
0.0
0.0
0.0
0.1215686274509804
0.1215686274509804
0.1215686274509804
0.27450980392156865
0.34901960784313724
0.1215686274509804
0.1215686274509804
0.05882352941176472
0.0
0.6196078431372549
0.9921568627450981
0.9843137254901961
0.9843137254901961
0.9843137254901961
0.9843137254901961
0.0
0.0
0.0
0.0
0.0
0.0
0.0
0.0
0.0
0.0
0.0
0.0
0.0
0.0
0.0
0.0
0.0
0.0
0.0
0.0
0.0
0.0
0.6196078431372549
0.9921568627450981
0.9843137254901961
0.9843137254901961
0.9843137254901961
0.9843137254901961
0.0
0.0
0.0
0.0
0.0
0.0
0.0
0.0
0.0
0.0
0.0
0.0
0.0
0.0
0.0
0.0
0.0
0.0
0.0
0.0
0.0
0.0
0.6235294117647059
1.0
0.9921568627450981
0.9921568627450981
0.9921568627450981
0.9921568627450981
0.0
0.0
0.0
0.0
0.0
0.0
0.0
0.0
0.0
0.0
0.0
0.0
0.0
0.0
0.0
0.0
0.0
0.0
0.0
0.0
0.0
0.0
0.6196078431372549
0.9921568627450981
0.9843137254901961
0.9843137254901961
0.9843137254901961
0.9843137254901961
0.0
0.0
0.0
0.0
0.0
0.0
0.0
0.0
0.0
0.0
0.0
0.0
0.0
0.0
0.0
0.0
0.0
0.0
0.0
0.0
0.0
0.0
0.30980392156862746
0.9921568627450981
0.9843137254901961
0.9843137254901961
0.9843137254901961
0.9843137254901961
0.0
0.0
0.0
0.0
0.0
0.0
0.0
0.0
0.0
0.0
0.0
0.0
0.0
0.0
0.0
0.0
0.0
0.0
0.0
0.0
0.0
0.0
0.0
0.1215686274509804
0.1215686274509804
0.1215686274509804
0.1215686274509804
0.1215686274509804
0.0
0.0
0.0
0.0
0.0
0.0
0.0
0.0
0.0
0.0
0.0
0.0
0.0
0.0
0.0
0.0
0.0
0.0
0.0
0.0
0.0
0.0
0.0
0.0
0.0
0.0
0.0
0.0
0.0
0.0
0.0
0.0
0.0
0.0
0.0
0.0
0.0
0.0
0.0
0.0
0.0
0.0
0.0
0.0
0.0
0.0
0.0
0.0
0.0
0.0
0.0
0.0
0.0
0.0
0.0
0.0
0.0
0.0
0.0
0.0
0.0
0.0
0.0
0.0
0.0
0.0
0.0
0.0
0.0
0.0
0.0
0.0
0.0
0.0
0.0
0.0
0.0
0.0
0.0
0.0
0.0
0.0
0.0
0.0
0.0
0.0
0.0
0.0
0.0
0.0
0.0
0.0
0.0
0.0
0.0
0.0
0.0
0.0
0.0
0.0
0.0
0.0
0.0
0.0
0.0
0.0
0.0
0.0
0.0
0.0
0.0
0.0
0.0
0.0
0.0
0.0
0.0
