0.0
0.0
0.0
0.0
0.0
0.0
0.0
0.0
0.0
0.0
0.0
0.0
0.0
0.0
0.0
0.0
0.0
0.0
0.0
0.0
0.0
0.0
0.0
0.0
0.0
0.0
0.0
0.0
0.0
0.0
0.0
0.0
0.0
0.0
0.0
0.0
0.0
0.0
0.0
0.0
0.0
0.0
0.0
0.0
0.0
0.0
0.0
0.0
0.0
0.0
0.0
0.0
0.0
0.0
0.0
0.0
0.0
0.0
0.0
0.0
0.0
0.0
0.0
0.0
0.0
0.0
0.0
0.0
0.0
0.0
0.0
0.0
0.0
0.0
0.0
0.0
0.0
0.0
0.0
0.0
0.0
0.0
0.0
0.0
0.0
0.0
0.0
0.0
0.0
0.0
0.0
0.0
0.0
0.0
0.0
0.0
0.0
0.0
0.0
0.0
0.0
0.0
0.0
0.0
0.0
0.0
0.0
0.0
0.0
0.0
0.0
0.0
0.0
0.0
0.0
0.0
0.0
0.0
0.0
0.0
0.0
0.0
0.05882352941176472
0.5450980392156863
0.580392156862745
0.16470588235294115
0.0
0.0
0.0
0.0
0.0
0.0
0.0
0.0
0.0
0.0
0.0
0.0
0.0
0.0
0.0
0.0
0.0
0.0
0.0
0.0
0.0
0.0
0.0
0.403921568627451
0.8274509803921568
0.9882352941176471
0.9882352941176471
0.8862745098039215
0.4549019607843138
0.0
0.0
0.0
0.0
0.0
0.0
0.0
0.0
0.0
0.0
0.0
0.0
0.0
0.0
0.0
0.0
0.0
0.0
0.0
0.0
0.05882352941176472
0.6
0.9921568627450981
0.9254901960784314
0.6980392156862745
0.596078431372549
0.9764705882352941
0.8431372549019608
0.02352941176470591
0.0
0.0
0.0
0.0
0.0
0.0
0.0
0.0
0.0
0.0
0.0
0.0
0.0
0.0
0.0
0.0
0.0
0.0
0.05882352941176472
0.8823529411764706
0.9882352941176471
0.7803921568627451
0.08235294117647063
0.0
0.0
0.7254901960784313
0.9921568627450981
0.34901960784313724
0.0
0.0
0.0
0.0
0.0
0.0
0.0
0.0
0.0
0.0
0.0
0.0
0.0
0.0
0.0
0.0
0.0
0.0
0.6
0.9882352941176471
0.8156862745098039
0.07058823529411762
0.0
0.0
0.0
0.07058823529411762
0.9921568627450981
0.6588235294117647
0.0
0.0
0.0
0.0
0.0
0.0
0.0
0.0
0.0
0.0
0.0
0.0
0.0
0.0
0.0
0.0
0.0
0.196078431372549
0.9607843137254902
0.8470588235294118
0.07058823529411762
0.0
0.0
0.0
0.0
0.0
1.0
0.6588235294117647
0.0
0.0
0.0
0.0
0.0
0.0
0.0
0.0
0.0
0.0
0.0
0.0
0.0
0.0
0.0
0.0
0.0
0.33333333333333337
0.9882352941176471
0.43137254901960786
0.0
0.0
0.0
0.0
0.0
0.0
0.8549019607843137
0.7686274509803921
0.027450980392156876
0.0
0.0
0.0
0.0
0.0
0.0
0.0
0.0
0.0
0.0
0.0
0.0
0.0
0.0
0.0
0.0
0.3686274509803922
0.9137254901960784
0.027450980392156876
0.0
0.0
0.0
0.0
0.0
0.0
0.5450980392156863
0.9882352941176471
0.11372549019607847
0.0
0.0
0.0
0.0
0.0
0.0
0.0
0.0
0.0
0.0
0.0
0.0
0.0
0.0
0.0
0.04313725490196074
0.807843137254902
0.9058823529411765
0.0
0.0
0.0
0.0
0.0
0.0
0.0
0.1686274509803921
0.9882352941176471
0.49411764705882355
0.0
0.0
0.0
0.0
0.0
0.0
0.0
0.0
0.0
0.0
0.0
0.0
0.0
0.0
0.0
0.3411764705882353
0.9882352941176471
0.5607843137254902
0.2784313725490196
0.07058823529411762
0.0
0.0
0.0
0.0
0.0
0.1686274509803921
0.9882352941176471
0.7019607843137254
0.3137254901960784
0.0
0.0
0.0
0.0
0.0
0.0
0.0
0.0
0.0
0.0
0.0
0.0
0.0
0.0
0.996078431372549
0.9921568627450981
0.5764705882352941
0.9921568627450981
0.8196078431372549
0.580392156862745
0.14509803921568631
0.0862745098039216
0.44705882352941173
0.580392156862745
0.8235294117647058
0.9921568627450981
0.9921568627450981
0.9921568627450981
0.9921568627450981
0.580392156862745
0.388235294117647
0.0
0.0
0.0
0.0
0.0
0.0
0.0
0.0
0.0
0.0
0.0
0.4901960784313726
0.6588235294117647
0.38431372549019605
0.8784313725490196
0.9882352941176471
0.9921568627450981
0.803921568627451
0.8666666666666667
0.9882352941176471
0.9882352941176471
0.6588235294117647
0.7686274509803921
0.9882352941176471
0.49411764705882355
0.41960784313725485
0.7176470588235294
0.9058823529411765
0.33725490196078434
0.0
0.0
0.0
0.0
0.0
0.0
0.0
0.0
0.0
0.0
0.0
0.0
0.0
0.26274509803921564
0.9764705882352941
0.9921568627450981
0.9882352941176471
0.9882352941176471
0.8313725490196078
0.14901960784313728
0.0
0.3058823529411765
0.9843137254901961
0.5568627450980392
0.015686274509803977
0.0862745098039216
0.6313725490196078
0.9764705882352941
0.33725490196078434
0.0
0.0
0.0
0.0
0.0
0.0
0.0
0.0
0.0
0.0
0.0
0.0
0.0
0.5490196078431373
0.9921568627450981
0.9882352941176471
0.7254901960784313
0.1098039215686275
0.0
0.0
0.0
0.807843137254902
0.9882352941176471
0.2666666666666667
0.0
0.0
0.9098039215686274
0.9058823529411765
0.1098039215686275
0.0
0.0
0.0
0.0
0.0
0.0
0.0
0.0
0.0
0.0
0.0
0.0
0.07058823529411762
0.16470588235294115
0.16470588235294115
0.015686274509803977
0.0
0.0
0.0
0.0
0.15294117647058825
0.9882352941176471
0.9215686274509804
0.17647058823529416
0.0
0.5647058823529412
0.9882352941176471
0.5058823529411764
0.0
0.0
0.0
0.0
0.0
0.0
0.0
0.0
0.0
0.0
0.0
0.0
0.0
0.0
0.0
0.0
0.0
0.0
0.0
0.0
0.03529411764705881
0.7333333333333334
0.9921568627450981
0.9294117647058824
0.2705882352941177
0.5098039215686274
0.9921568627450981
0.5764705882352941
0.0
0.0
0.0
0.0
0.0
0.0
0.0
0.0
0.0
0.0
0.0
0.0
0.0
0.0
0.0
0.0
0.0
0.0
0.0
0.0
0.0
0.06274509803921569
0.7294117647058824
0.9921568627450981
0.9882352941176471
0.8862745098039215
0.9882352941176471
0.5764705882352941
0.0
0.0
0.0
0.0
0.0
0.0
0.0
0.0
0.0
0.0
0.0
0.0
0.0
0.0
0.0
0.0
0.0
0.0
0.0
0.0
0.0
0.0
0.03529411764705881
0.7372549019607844
0.9333333333333333
0.9882352941176471
0.9882352941176471
0.9215686274509804
0.0
0.0
0.0
0.0
0.0
0.0
0.0
0.0
0.0
0.0
0.0
0.0
0.0
0.0
0.0
0.0
0.0
0.0
0.0
0.0
0.0
0.0
0.0
0.0
0.1098039215686275
0.5333333333333333
0.9058823529411765
0.4745098039215686
0.0
0.0
0.0
0.0
0.0
0.0
0.0
0.0
0.0
0.0
0.0
0.0
0.0
0.0
0.0
0.0
0.0
0.0
0.0
0.0
0.0
0.0
0.0
0.0
0.0
0.0
0.1098039215686275
0.027450980392156876
0.0
0.0
0.0
0.0
0.0
0.0
0.0
0.0
0.0
0.0
0.0
0.0
0.0
0.0
0.0
0.0
0.0
0.0
0.0
0.0
0.0
0.0
0.0
0.0
0.0
0.0
0.0
0.0
0.0
0.0
0.0
0.0
0.0
0.0
0.0
0.0
0.0
0.0
0.0
0.0
0.0
0.0
0.0
0.0
0.0
0.0
0.0
0.0
0.0
0.0
0.0
0.0
0.0
0.0
0.0
0.0
0.0
0.0
0.0
0.0
0.0
0.0
0.0
0.0
0.0
0.0
0.0
0.0
0.0
0.0
0.0
0.0
0.0
0.0
0.0
0.0
0.0
0.0
0.0
0.0
0.0
0.0
0.0
0.0
0.0
0.0
0.0
0.0
0.0
0.0
0.0
0.0
0.0
0.0
0.0
0.0
0.0
0.0
0.0
0.0
0.0
0.0
0.0
0.0
0.0
0.0
0.0
0.0
0.0
0.0
0.0
0.0
0.0
0.0
0.0
0.0
