0.0
0.0
0.0
0.0
0.0
0.0
0.0
0.0
0.0
0.0
0.0
0.0
0.0
0.0
0.0
0.0
0.0
0.0
0.0
0.0
0.0
0.0
0.0
0.0
0.0
0.0
0.0
0.0
0.0
0.0
0.0
0.0
0.0
0.0
0.0
0.0
0.0
0.0
0.0
0.0
0.0
0.0
0.0
0.0
0.0
0.0
0.0
0.0
0.0
0.0
0.0
0.0
0.0
0.0
0.0
0.0
0.0
0.0
0.0
0.0
0.0
0.0
0.0
0.0
0.0
0.0
0.0
0.0
0.0
0.0
0.0
0.0
0.0
0.0
0.0
0.0
0.0
0.0
0.0
0.0
0.0
0.0
0.0
0.0
0.0
0.0
0.0
0.0
0.0
0.0
0.0
0.0
0.0
0.0
0.0
0.0
0.0
0.0
0.0
0.0
0.0
0.0
0.0
0.0
0.0
0.0
0.0
0.0
0.0
0.0
0.0
0.0
0.0
0.0
0.0
0.0
0.0
0.0
0.0
0.0
0.0
0.0
0.0
0.0
0.0
0.0
0.0
0.0
0.0
0.0
0.0
0.0
0.0
0.0
0.0
0.0
0.0
0.0
0.0
0.0
0.0
0.0
0.0
0.0
0.0
0.0
0.0
0.0
0.0
0.0
0.0
0.0
0.0
0.0
0.0
0.0
0.0
0.0
0.0
0.0
0.0
0.0
0.0
0.0
0.0
0.0
0.0
0.0
0.0
0.0
0.0
0.0
0.0
0.0
0.0
0.0
0.0
0.05882352941176472
0.09411764705882353
0.08235294117647063
0.0
0.0
0.0
0.0
0.0
0.0
0.0
0.0
0.0
0.0
0.0
0.0
0.0
0.0
0.0
0.0
0.0
0.0
0.0
0.0
0.0
0.0
0.0
0.0
0.0
0.8980392156862745
0.9921568627450981
0.9647058823529412
0.4627450980392157
0.0
0.0
0.0
0.0
0.0
0.0
0.0
0.0
0.0
0.0
0.0
0.0
0.0
0.0
0.0
0.0
0.0
0.0
0.0
0.0
0.0
0.0
0.0
0.592156862745098
1.0
0.996078431372549
0.996078431372549
0.996078431372549
0.996078431372549
0.5490196078431373
0.0
0.0
0.0
0.0
0.0
0.0
0.0
0.0
0.0
0.0
0.0
0.0
0.0
0.0
0.0
0.0
0.0
0.0
0.0
0.0
0.21568627450980393
0.9686274509803922
0.996078431372549
0.9921568627450981
0.6784313725490196
0.580392156862745
0.996078431372549
0.9764705882352941
0.36078431372549025
0.0
0.0
0.0
0.0
0.0
0.0
0.0
0.0
0.0
0.0
0.0
0.0
0.0
0.0
0.0
0.0
0.0
0.0
0.0
0.6823529411764706
0.9921568627450981
0.996078431372549
0.5450980392156863
0.03529411764705881
0.0
0.3803921568627451
0.9843137254901961
0.9098039215686274
0.388235294117647
0.0
0.0
0.03529411764705881
0.06666666666666665
0.06666666666666665
0.0
0.0
0.0
0.0
0.0
0.0
0.0
0.0
0.0
0.0
0.0
0.0
0.1333333333333333
0.9411764705882353
0.9921568627450981
0.8941176470588235
0.1568627450980392
0.0
0.0
0.0
0.5058823529411764
0.9921568627450981
0.8941176470588235
0.1333333333333333
0.4
0.8196078431372549
0.9176470588235295
0.9215686274509804
0.5254901960784314
0.19999999999999996
0.0
0.0
0.0
0.0
0.0
0.0
0.0
0.0
0.0
0.0
0.5450980392156863
0.996078431372549
0.996078431372549
0.4980392156862745
0.0
0.0
0.0
0.0
0.06666666666666665
0.6509803921568628
0.996078431372549
0.996078431372549
0.996078431372549
0.996078431372549
0.996078431372549
0.996078431372549
0.996078431372549
0.9607843137254902
0.2705882352941177
0.0
0.0
0.0
0.0
0.0
0.0
0.0
0.0
0.0
0.4117647058823529
0.9921568627450981
0.9921568627450981
0.7058823529411764
0.4784313725490196
0.03529411764705881
0.0
0.0
0.1333333333333333
0.5176470588235293
0.9921568627450981
0.996078431372549
0.9921568627450981
0.9725490196078431
0.6784313725490196
0.6627450980392157
0.9921568627450981
0.9921568627450981
0.7607843137254902
0.0
0.0
0.0
0.0
0.0
0.0
0.0
0.0
0.0
0.44705882352941173
0.9921568627450981
0.9921568627450981
0.996078431372549
0.9921568627450981
0.5137254901960784
0.22352941176470587
0.5529411764705883
0.9411764705882353
0.9607843137254902
0.9921568627450981
0.996078431372549
0.9098039215686274
0.36078431372549025
0.0
0.6313725490196078
0.9921568627450981
0.9921568627450981
0.6274509803921569
0.0
0.0
0.0
0.0
0.0
0.0
0.0
0.0
0.33333333333333337
0.9686274509803922
0.9921568627450981
0.9921568627450981
0.5333333333333333
0.403921568627451
0.9921568627450981
0.9921568627450981
0.996078431372549
0.9921568627450981
0.9921568627450981
0.9921568627450981
0.996078431372549
0.9411764705882353
0.5254901960784314
0.0
0.7647058823529411
0.9921568627450981
0.9921568627450981
0.5019607843137255
0.0
0.0
0.0
0.0
0.0
0.0
0.0
0.0
0.996078431372549
0.996078431372549
0.996078431372549
0.5333333333333333
0.07450980392156858
0.5333333333333333
0.996078431372549
0.996078431372549
0.996078431372549
0.996078431372549
0.7725490196078432
0.3294117647058824
0.33333333333333337
0.9725490196078431
0.996078431372549
0.8627450980392157
0.996078431372549
0.996078431372549
0.996078431372549
0.2705882352941177
0.0
0.0
0.0
0.0
0.0
0.0
0.0
0.0
0.996078431372549
0.9921568627450981
0.9921568627450981
0.5294117647058824
0.9294117647058824
0.9921568627450981
0.9921568627450981
0.9254901960784314
0.8117647058823529
0.15294117647058825
0.015686274509803977
0.0
0.0
0.34509803921568627
0.9568627450980391
0.9921568627450981
0.996078431372549
0.9921568627450981
0.8431372549019608
0.02352941176470591
0.0
0.0
0.0
0.0
0.0
0.0
0.0
0.0
0.996078431372549
0.9921568627450981
0.9921568627450981
0.9921568627450981
0.996078431372549
0.9725490196078431
0.8666666666666667
0.21176470588235297
0.0
0.0
0.0
0.0
0.0
0.0
0.18039215686274512
0.6705882352941177
0.9019607843137255
0.9019607843137255
0.36078431372549025
0.0
0.0
0.0
0.0
0.0
0.0
0.0
0.0
0.0
0.8627450980392157
0.9921568627450981
0.9921568627450981
0.9921568627450981
0.996078431372549
0.5450980392156863
0.0
0.0
0.0
0.0
0.0
0.0
0.0
0.0
0.0
0.0
0.0
0.0
0.0
0.0
0.0
0.0
0.0
0.0
0.0
0.0
0.0
0.0
0.0
0.33333333333333337
0.4980392156862745
0.3647058823529412
0.0
0.0
0.0
0.0
0.0
0.0
0.0
0.0
0.0
0.0
0.0
0.0
0.0
0.0
0.0
0.0
0.0
0.0
0.0
0.0
0.0
0.0
0.0
0.0
0.0
0.0
0.0
0.0
0.0
0.0
0.0
0.0
0.0
0.0
0.0
0.0
0.0
0.0
0.0
0.0
0.0
0.0
0.0
0.0
0.0
0.0
0.0
0.0
0.0
0.0
0.0
0.0
0.0
0.0
0.0
0.0
0.0
0.0
0.0
0.0
0.0
0.0
0.0
0.0
0.0
0.0
0.0
0.0
0.0
0.0
0.0
0.0
0.0
0.0
0.0
0.0
0.0
0.0
0.0
0.0
0.0
0.0
0.0
0.0
0.0
0.0
0.0
0.0
0.0
0.0
0.0
0.0
0.0
0.0
0.0
0.0
0.0
0.0
0.0
0.0
0.0
0.0
0.0
0.0
0.0
0.0
0.0
0.0
0.0
0.0
0.0
0.0
0.0
0.0
0.0
0.0
0.0
0.0
0.0
0.0
0.0
0.0
0.0
0.0
0.0
0.0
0.0
0.0
0.0
0.0
0.0
0.0
0.0
0.0
0.0
0.0
0.0
0.0
0.0
0.0
0.0
0.0
0.0
0.0
0.0
0.0
0.0
0.0
0.0
0.0
0.0
0.0
0.0
0.0
0.0
0.0
0.0
0.0
0.0
0.0
0.0
0.0
0.0
0.0
0.0
0.0
0.0
0.0
0.0
0.0
0.0
0.0
0.0
0.0
0.0
0.0
0.0
0.0
0.0
0.0
0.0
0.0
0.0
0.0
0.0
0.0
0.0
0.0
0.0
0.0
0.0
0.0
0.0
0.0
0.0
0.0
0.0
0.0
0.0
0.0
0.0
0.0
0.0
0.0
0.0
0.0
0.0
0.0
0.0
0.0
0.0
0.0
0.0
0.0
0.0
