0.0
0.0
0.0
0.0
0.0
0.0
0.0
0.0
0.0
0.0
0.0
0.0
0.0
0.0
0.0
0.0
0.0
0.0
0.0
0.0
0.0
0.0
0.0
0.0
0.0
0.0
0.0
0.0
0.0
0.0
0.0
0.0
0.0
0.0
0.0
0.0
0.0
0.0
0.0
0.0
0.0
0.0
0.0
0.0
0.0
0.0
0.0
0.0
0.0
0.0
0.0
0.0
0.0
0.0
0.0
0.0
0.0
0.0
0.0
0.0
0.0
0.0
0.0
0.0
0.0
0.0
0.0
0.0
0.0
0.0
0.0
0.0
0.0
0.0
0.0
0.0
0.0
0.0
0.0
0.0
0.0
0.0
0.0
0.0
0.0
0.0
0.0
0.0
0.0
0.0
0.0
0.0
0.0
0.0
0.0
0.0
0.0
0.0
0.0
0.0
0.0
0.0
0.0
0.0
0.0
0.0
0.0
0.0
0.0
0.0
0.0
0.0
0.0
0.0
0.0
0.0
0.0
0.0
0.0
0.0
0.0
0.0
0.0
0.0
0.0
0.0
0.0
0.0
0.0
0.0
0.0
0.13725490196078427
0.4862745098039216
0.8235294117647058
0.8235294117647058
0.36078431372549025
0.0
0.0
0.0
0.0
0.0
0.0
0.0
0.0
0.0
0.0
0.0
0.0
0.0
0.0
0.0
0.0
0.0
0.0
0.0
0.0
0.0
0.0
0.12549019607843137
0.6392156862745098
0.996078431372549
0.803921568627451
0.9843137254901961
0.9921568627450981
0.0
0.0
0.0
0.0
0.0
0.0
0.0
0.0
0.0
0.0
0.0
0.0
0.0
0.0
0.0
0.0
0.0
0.0
0.0
0.0
0.0
0.16078431372549018
0.8823529411764706
0.996078431372549
0.6588235294117647
0.06274509803921569
0.9607843137254902
0.9921568627450981
0.0
0.0
0.0
0.0
0.0
0.0
0.0
0.0
0.0
0.0
0.0
0.0
0.0
0.0
0.0
0.0
0.0
0.0
0.0
0.0
0.0
0.6627450980392157
0.996078431372549
0.6627450980392157
0.02352941176470591
0.35686274509803917
0.996078431372549
0.8784313725490196
0.0
0.0
0.0
0.0
0.0
0.0
0.0
0.0
0.0
0.0
0.0
0.0
0.19999999999999996
0.7098039215686274
0.7686274509803921
0.03137254901960784
0.0
0.0
0.0
0.0
0.3019607843137255
0.9647058823529412
0.6588235294117647
0.027450980392156876
0.019607843137254943
0.580392156862745
0.996078431372549
0.403921568627451
0.0
0.0
0.0
0.0
0.0
0.0
0.0
0.0
0.0
0.0
0.0
0.34509803921568627
0.9098039215686274
0.9921568627450981
0.9921568627450981
0.05490196078431375
0.0
0.0
0.0
0.08235294117647063
0.8941176470588235
0.7960784313725491
0.03137254901960784
0.0
0.13725490196078427
0.996078431372549
0.8666666666666667
0.05882352941176472
0.0
0.0
0.0
0.0
0.0
0.0
0.0
0.0
0.0
0.0
0.14117647058823535
0.9137254901960784
0.9921568627450981
0.9921568627450981
0.9921568627450981
0.05490196078431375
0.0
0.0
0.0
0.4549019607843138
0.9921568627450981
0.5019607843137255
0.0
0.050980392156862786
0.7333333333333334
0.996078431372549
0.23529411764705888
0.0
0.0
0.0
0.0
0.0
0.0
0.0
0.0
0.0
0.0
0.015686274509803977
0.6862745098039216
0.996078431372549
0.996078431372549
0.996078431372549
0.7372549019607844
0.015686274509803977
0.0
0.0
0.007843137254901933
0.7647058823529411
0.9490196078431372
0.07843137254901966
0.039215686274509776
0.7215686274509804
0.996078431372549
0.5764705882352941
0.0117647058823529
0.0
0.0
0.0
0.0
0.0
0.0
0.0
0.0
0.0
0.0
0.27450980392156865
0.9921568627450981
0.996078431372549
0.9921568627450981
0.9725490196078431
0.22352941176470587
0.0
0.0
0.0
0.019607843137254943
0.996078431372549
0.7019607843137254
0.16470588235294115
0.6274509803921569
0.9921568627450981
0.7568627450980392
0.10588235294117643
0.0
0.0
0.0
0.0
0.0
0.0
0.0
0.0
0.0
0.0
0.007843137254901933
0.7490196078431373
0.9921568627450981
0.996078431372549
0.9882352941176471
0.4
0.0
0.0
0.0
0.0
0.33725490196078434
0.996078431372549
0.5529411764705883
0.596078431372549
0.9921568627450981
0.8509803921568627
0.04705882352941182
0.0
0.0
0.0
0.0
0.0
0.0
0.0
0.0
0.0
0.0
0.0
0.2196078431372549
0.996078431372549
0.996078431372549
0.996078431372549
0.607843137254902
0.0
0.0
0.0
0.0
0.0
0.4117647058823529
0.996078431372549
0.996078431372549
0.9921568627450981
0.7098039215686274
0.0
0.0
0.0
0.0
0.0
0.0
0.0
0.0
0.0
0.0
0.0
0.0
0.0
0.23921568627450984
0.9921568627450981
0.9921568627450981
0.9568627450980391
0.1725490196078432
0.0
0.0
0.0
0.0
0.0
0.43529411764705883
0.996078431372549
0.9921568627450981
0.7372549019607844
0.019607843137254943
0.0
0.0
0.0
0.0
0.0
0.0
0.0
0.0
0.0
0.0
0.0
0.0
0.0
0.607843137254902
0.9921568627450981
0.9921568627450981
0.39607843137254906
0.0
0.0
0.0
0.0
0.0
0.2431372549019608
0.9294117647058824
0.9921568627450981
0.8470588235294118
0.1098039215686275
0.0
0.0
0.0
0.0
0.0
0.0
0.0
0.0
0.0
0.0
0.0
0.0
0.0
0.0
0.9529411764705882
0.996078431372549
0.5764705882352941
0.015686274509803977
0.0
0.0
0.0
0.33333333333333337
0.7254901960784313
0.9490196078431372
0.996078431372549
0.996078431372549
0.5450980392156863
0.0
0.0
0.0
0.0
0.0
0.0
0.0
0.0
0.0
0.0
0.0
0.0
0.0
0.0
0.0
1.0
0.9647058823529412
0.10196078431372546
0.0
0.0
0.039215686274509776
0.3176470588235294
0.8431372549019608
0.9921568627450981
0.9333333333333333
0.6862745098039216
0.9921568627450981
0.8392156862745098
0.3137254901960784
0.16078431372549018
0.0
0.0
0.0
0.0
0.0
0.0
0.0
0.0
0.0
0.0
0.0
0.0
0.0
0.9450980392156862
0.9764705882352941
0.2784313725490196
0.13725490196078427
0.13725490196078427
0.6980392156862745
0.996078431372549
0.8549019607843137
0.7647058823529411
0.22745098039215683
0.0117647058823529
0.7450980392156863
0.996078431372549
0.996078431372549
0.7647058823529411
0.5254901960784314
0.5294117647058824
0.5294117647058824
0.4627450980392157
0.03137254901960784
0.0
0.0
0.0
0.0
0.0
0.0
0.0
0.0
0.47058823529411764
0.996078431372549
0.996078431372549
0.996078431372549
0.996078431372549
0.996078431372549
0.996078431372549
0.30980392156862746
0.0
0.0
0.0
0.06274509803921569
0.6
0.9921568627450981
0.996078431372549
0.9921568627450981
0.996078431372549
0.996078431372549
0.996078431372549
0.21176470588235297
0.0
0.0
0.0
0.0
0.0
0.0
0.0
0.0
0.007843137254901933
0.22352941176470587
0.8156862745098039
0.8196078431372549
0.8156862745098039
0.41960784313725485
0.03529411764705881
0.0039215686274509665
0.0
0.0
0.0
0.0
0.0039215686274509665
0.03529411764705881
0.42352941176470593
0.8156862745098039
0.8196078431372549
0.8156862745098039
0.2196078431372549
0.007843137254901933
0.0
0.0
0.0
0.0
0.0
0.0
0.0
0.0
0.0
0.0
0.0
0.0
0.0
0.0
0.0
0.0
0.0
0.0
0.0
0.0
0.0
0.0
0.0
0.0
0.0
0.0
0.0
0.0
0.0
0.0
0.0
0.0
0.0
0.0
0.0
0.0
0.0
0.0
0.0
0.0
0.0
0.0
0.0
0.0
0.0
0.0
0.0
0.0
0.0
0.0
0.0
0.0
0.0
0.0
0.0
0.0
0.0
0.0
0.0
0.0
0.0
0.0
0.0
0.0
0.0
0.0
0.0
0.0
0.0
0.0
0.0
0.0
0.0
0.0
0.0
0.0
0.0
0.0
0.0
0.0
0.0
0.0
0.0
0.0
0.0
0.0
0.0
0.0
0.0
0.0
0.0
0.0
0.0
0.0
0.0
0.0
0.0
0.0
0.0
0.0
0.0
0.0
0.0
0.0
0.0
0.0
0.0
0.0
0.0
0.0
0.0
0.0
0.0
0.0
0.0
0.0
0.0
0.0
0.0
0.0
0.0
0.0
0.0
0.0
0.0
0.0
0.0
0.0
0.0
0.0
0.0
0.0
0.0
0.0
0.0
0.0
0.0
0.0
0.0
0.0
0.0
0.0
0.0
0.0
0.0
0.0
0.0
0.0
0.0
0.0
0.0
0.0
0.0
0.0
0.0
0.0
0.0
0.0
0.0
0.0
0.0
0.0
0.0
0.0
0.0
0.0
0.0
0.0
0.0
0.0
0.0
0.0
