0.0
0.0
0.0
0.0
0.0
0.0
0.0
0.0
0.0
0.0
0.0
0.0
0.0
0.0
0.0
0.0
0.0
0.0
0.0
0.0
0.0
0.0
0.0
0.0
0.0
0.0
0.0
0.0
0.0
0.0
0.0
0.0
0.0
0.0
0.0
0.0
0.0
0.0
0.0
0.0
0.0
0.0
0.0
0.0
0.0
0.0
0.0
0.0
0.0
0.0
0.0
0.0
0.0
0.0
0.0
0.0
0.0
0.0
0.0
0.0
0.0
0.0
0.0
0.0
0.0
0.0
0.0
0.0
0.0
0.0
0.0
0.0
0.0
0.0
0.0
0.0
0.0
0.0
0.0
0.0
0.0
0.0
0.0
0.0
0.0
0.0
0.0
0.0
0.0
0.0
0.0
0.0
0.0
0.0
0.0
0.0
0.0
0.0
0.0
0.0
0.0
0.0
0.0
0.0
0.0
0.0
0.0
0.0
0.0
0.0
0.0
0.0
0.0
0.0
0.0
0.0
0.0
0.0
0.0
0.0
0.0
0.0
0.0980392156862745
0.615686274509804
0.9921568627450981
0.8901960784313725
0.23529411764705888
0.0
0.0
0.0
0.0
0.0
0.0
0.0
0.0
0.0
0.0
0.0
0.0
0.0
0.0
0.0
0.0
0.0
0.0
0.0
0.0
0.0
0.0
0.0
0.7176470588235294
0.9882352941176471
0.9882352941176471
0.9882352941176471
0.9882352941176471
0.14117647058823535
0.0
0.0
0.0
0.0
0.0
0.0
0.0
0.0
0.0
0.0
0.0
0.0
0.0
0.0
0.0
0.0
0.0
0.0
0.0
0.0
0.0
0.5882352941176471
0.9921568627450981
0.788235294117647
0.11372549019607847
0.2901960784313725
0.9764705882352941
0.7960784313725491
0.0
0.0
0.0
0.0
0.0
0.0
0.0
0.0
0.0
0.0
0.0
0.0
0.0
0.0
0.0
0.0
0.0
0.0
0.0
0.0
0.27450980392156865
0.9372549019607843
0.8823529411764706
0.08235294117647063
0.0
0.0
0.8274509803921568
0.9372549019607843
0.16470588235294115
0.0
0.0
0.0
0.0
0.0
0.0
0.0
0.0
0.0
0.0
0.0
0.0
0.0
0.0
0.0
0.0
0.0
0.0
0.03529411764705881
0.8
0.9882352941176471
0.4862745098039216
0.0
0.0
0.0
0.6549019607843137
0.9921568627450981
0.5568627450980392
0.4509803921568627
0.7254901960784313
0.4156862745098039
0.0
0.0
0.0
0.0
0.0
0.0
0.0
0.0
0.0
0.0
0.0
0.0
0.0
0.0
0.0
0.15294117647058825
0.9921568627450981
0.9254901960784314
0.0
0.0
0.0
0.0
0.4862745098039216
1.0
0.9921568627450981
0.9921568627450981
0.9921568627450981
0.9921568627450981
0.6862745098039216
0.11372549019607847
0.0
0.0
0.0
0.0
0.0
0.0
0.0
0.0
0.0
0.0
0.0
0.0
0.0
0.6352941176470588
0.9882352941176471
0.4392156862745098
0.0
0.0
0.0
0.0862745098039216
0.8823529411764706
0.9921568627450981
0.7411764705882353
0.24705882352941178
0.24705882352941178
0.7294117647058824
0.9921568627450981
0.7686274509803921
0.027450980392156876
0.0
0.0
0.0
0.0
0.0
0.0
0.0
0.0
0.0
0.0
0.0
0.1686274509803921
0.9490196078431372
0.8666666666666667
0.08235294117647063
0.0
0.0
0.07843137254901966
0.792156862745098
0.9882352941176471
0.9921568627450981
0.6588235294117647
0.0
0.0
0.03529411764705881
0.7843137254901961
0.9882352941176471
0.6666666666666667
0.0
0.0
0.0
0.0
0.0
0.0
0.0
0.0
0.0
0.0
0.0
0.4392156862745098
0.9882352941176471
0.4666666666666667
0.0
0.0
0.0
0.7725490196078432
0.9882352941176471
0.607843137254902
0.9921568627450981
0.6588235294117647
0.0
0.0
0.0
0.26274509803921564
0.9294117647058824
0.9058823529411765
0.0
0.0
0.0
0.0
0.0
0.0
0.0
0.0
0.0
0.0
0.0
0.7450980392156863
0.9215686274509804
0.05490196078431375
0.0
0.0
0.4549019607843138
0.9764705882352941
0.607843137254902
0.027450980392156876
0.9921568627450981
0.7960784313725491
0.03529411764705881
0.0
0.0
0.0
0.7450980392156863
0.9764705882352941
0.27450980392156865
0.0
0.0
0.0
0.0
0.0
0.0
0.0
0.0
0.0
0.03137254901960784
0.788235294117647
0.8392156862745098
0.0
0.0
0.03137254901960784
0.788235294117647
0.9803921568627452
0.27450980392156865
0.0
0.7568627450980392
0.9921568627450981
0.08235294117647063
0.0
0.0
0.0
0.5058823529411764
0.9921568627450981
0.4
0.0
0.0
0.0
0.0
0.0
0.0
0.0
0.0
0.0
0.0980392156862745
0.8862745098039215
0.49411764705882355
0.0
0.0
0.1686274509803921
0.9882352941176471
0.596078431372549
0.0
0.0
0.580392156862745
0.9882352941176471
0.08235294117647063
0.0
0.0
0.0
0.33333333333333337
0.9882352941176471
0.7411764705882353
0.0
0.0
0.0
0.0
0.0
0.0
0.0
0.0
0.0
0.1686274509803921
0.9882352941176471
0.9490196078431372
0.8901960784313725
0.13725490196078427
0.580392156862745
0.9882352941176471
0.11372549019607847
0.0
0.0
0.580392156862745
0.9882352941176471
0.4274509803921569
0.0
0.0
0.0
0.1686274509803921
0.9490196078431372
0.7607843137254902
0.015686274509803977
0.0
0.0
0.0
0.0
0.0
0.0
0.0
0.0
0.1686274509803921
0.9882352941176471
0.9686274509803922
0.38431372549019605
0.0
0.9921568627450981
0.7686274509803921
0.027450980392156876
0.0
0.0
0.4784313725490196
0.9882352941176471
0.35686274509803917
0.0
0.0
0.0
0.0
0.9098039215686274
0.8235294117647058
0.05490196078431375
0.0
0.0
0.0
0.0
0.0
0.0
0.0
0.0
0.0980392156862745
0.5764705882352941
0.5254901960784314
0.0
0.17647058823529416
0.9921568627450981
0.3137254901960784
0.0
0.0
0.0
0.1686274509803921
0.9882352941176471
0.6666666666666667
0.0
0.0
0.0
0.14117647058823535
0.9450980392156862
0.7411764705882353
0.0
0.0
0.0
0.0
0.0
0.0
0.0
0.0
0.0
0.0
0.0
0.0
0.0
0.41960784313725485
0.7607843137254902
0.0
0.0
0.0
0.0
0.14117647058823535
0.9529411764705882
0.9098039215686274
0.0
0.0
0.0
0.403921568627451
0.9921568627450981
0.3294117647058824
0.0
0.0
0.0
0.0
0.0
0.0
0.0
0.0
0.0
0.0
0.0
0.0
0.0862745098039216
0.7803921568627451
0.2784313725490196
0.0
0.0
0.0
0.0
0.05882352941176472
0.8274509803921568
0.9411764705882353
0.13725490196078427
0.0
0.05882352941176472
0.8274509803921568
0.8235294117647058
0.2196078431372549
0.0
0.0
0.0
0.0
0.0
0.0
0.0
0.0
0.0
0.0
0.0
0.0
0.25098039215686274
0.607843137254902
0.0
0.0
0.0
0.0
0.0
0.015686274509803977
0.7294117647058824
0.9843137254901961
0.33725490196078434
0.0
0.7529411764705882
0.9882352941176471
0.4627450980392157
0.0
0.0
0.0
0.0
0.0
0.0
0.0
0.0
0.0
0.0
0.0
0.0
0.0
0.25098039215686274
0.5764705882352941
0.0
0.0
0.0
0.0
0.0
0.0
0.1098039215686275
0.9372549019607843
0.9058823529411765
0.6627450980392157
0.9921568627450981
0.7686274509803921
0.027450980392156876
0.0
0.0
0.0
0.0
0.0
0.0
0.0
0.0
0.0
0.0
0.0
0.0
0.0
0.25098039215686274
0.403921568627451
0.0
0.0
0.0
0.0
0.0
0.0
0.0
0.5294117647058824
0.8509803921568627
0.9882352941176471
0.7490196078431373
0.21176470588235297
0.0
0.0
0.0
0.0
0.0
0.0
0.0
0.0
0.0
0.0
0.0
0.0
0.0
0.0
0.0
0.0
0.0
0.0
0.0
0.0
0.0
0.0
0.0
0.0
0.0
0.0
0.0
0.0
0.0
0.0
0.0
0.0
0.0
0.0
0.0
0.0
0.0
0.0
0.0
0.0
0.0
0.0
0.0
0.0
0.0
0.0
0.0
0.0
0.0
0.0
0.0
0.0
0.0
0.0
0.0
0.0
0.0
0.0
0.0
0.0
0.0
0.0
0.0
0.0
0.0
0.0
0.0
0.0
0.0
0.0
0.0
0.0
0.0
0.0
0.0
0.0
0.0
0.0
0.0
0.0
0.0
0.0
0.0
0.0
0.0
0.0
0.0
0.0
0.0
0.0
0.0
0.0
0.0
0.0
0.0
0.0
0.0
0.0
0.0
0.0
0.0
0.0
0.0
0.0
0.0
0.0
0.0
0.0
0.0
0.0
0.0
0.0
0.0
0.0
0.0
0.0
0.0
0.0
