0.0
0.0
0.0
0.0
0.0
0.0
0.0
0.0
0.0
0.0
0.0
0.0
0.0
0.0
0.0
0.0
0.0
0.0
0.0
0.0
0.0
0.0
0.0
0.0
0.0
0.0
0.0
0.0
0.0
0.0
0.0
0.0
0.0
0.0
0.0
0.0
0.0
0.0
0.0
0.0
0.0
0.0
0.0
0.0
0.0
0.0
0.0
0.0
0.0
0.0
0.0
0.0
0.0
0.0
0.0
0.0
0.0
0.0
0.0
0.0
0.0
0.0
0.0
0.0
0.0
0.0
0.0
0.0
0.0
0.0
0.0
0.0
0.0
0.0
0.0
0.0
0.0
0.0
0.0
0.0
0.0
0.0
0.0
0.0
0.0
0.0
0.0
0.0
0.0
0.0
0.0
0.0
0.0
0.0
0.0
0.0
0.0
0.0
0.0
0.0
0.0
0.0
0.0
0.0
0.0
0.0
0.0
0.0
0.0
0.0
0.0
0.0
0.0
0.0
0.0
0.0
0.0
0.0
0.0
0.0
0.0
0.0
0.0
0.0
0.0
0.0
0.0
0.0
0.0
0.0
0.0
0.0
0.0
0.0
0.0
0.0
0.0
0.0
0.0
0.0
0.0
0.0
0.0
0.0
0.0
0.0
0.0
0.0
0.0
0.0
0.0
0.0
0.0
0.0
0.0
0.0
0.0
0.0
0.0
0.0
0.0
0.0
0.0
0.0
0.0
0.0
0.0
0.0
0.0
0.0
0.0
0.0
0.0
0.0
0.0
0.0
0.0
0.0
0.0
0.0
0.0
0.0
0.0
0.0
0.0
0.0
0.0
0.0
0.0
0.0
0.0
0.0
0.0
0.0
0.0
0.0
0.0
0.0
0.0
0.0
0.0
0.0
0.0
0.0
0.0
0.0
0.0
0.0
0.0
0.0
0.0
0.0
0.0
0.0
0.0
0.0
0.0
0.0
0.0
0.0
0.0
0.0
0.0
0.0
0.0
0.0
0.0
0.0
0.0
0.0
0.0
0.0
0.0
0.0
0.0
0.0
0.0
0.0
0.0
0.0
0.0
0.0
0.07843137254901966
0.45882352941176474
0.19999999999999996
0.0862745098039216
0.0
0.0
0.0
0.0
0.0
0.0
0.0
0.0
0.0
0.0
0.0
0.0
0.0
0.0
0.0
0.0
0.07843137254901966
0.5294117647058824
0.35686274509803917
0.0
0.0
0.0
0.0
0.16470588235294115
0.9058823529411765
0.996078431372549
0.996078431372549
0.9254901960784314
0.2196078431372549
0.0
0.0
0.0
0.0
0.0
0.0
0.0
0.0
0.0
0.0
0.0
0.0
0.0
0.0
0.0
0.3803921568627451
0.996078431372549
0.9882352941176471
0.6941176470588235
0.04313725490196074
0.0
0.2549019607843137
0.8901960784313725
0.5176470588235293
0.39607843137254906
0.6862745098039216
0.996078431372549
0.8862745098039215
0.05490196078431375
0.0
0.0
0.0
0.0
0.0
0.0
0.0
0.0
0.0
0.04705882352941182
0.0980392156862745
0.039215686274509776
0.0
0.19999999999999996
0.9764705882352941
0.9882352941176471
0.9294117647058824
0.996078431372549
0.5058823529411764
0.0
0.08235294117647063
0.0862745098039216
0.0
0.0
0.0117647058823529
0.8274509803921568
0.996078431372549
0.2784313725490196
0.0
0.0
0.0
0.0
0.0
0.0
0.0
0.0
0.0
0.615686274509804
0.996078431372549
0.39607843137254906
0.07058823529411762
0.9176470588235294
0.996078431372549
0.5176470588235293
0.09019607843137256
0.8274509803921568
0.8509803921568627
0.1098039215686275
0.0
0.0
0.0
0.0
0.0
0.37254901960784315
0.996078431372549
0.7450980392156863
0.0
0.0
0.0
0.0
0.0
0.0
0.0
0.0
0.23921568627450984
0.9882352941176471
0.996078431372549
0.1725490196078432
0.4627450980392157
0.996078431372549
0.5725490196078431
0.007843137254901933
0.0
0.3058823529411765
0.9568627450980393
0.39607843137254906
0.0
0.0
0.0
0.0
0.0
0.21176470588235297
0.9725490196078431
0.996078431372549
0.0
0.0
0.0
0.0
0.0
0.0
0.0
0.0
0.41960784313725485
0.996078431372549
0.6666666666666667
0.0039215686274509665
0.6823529411764706
0.27450980392156865
0.07058823529411762
0.0
0.0
0.0
0.5215686274509803
0.6941176470588235
0.0
0.0
0.0
0.0
0.0
0.0
0.8862745098039215
0.996078431372549
0.0
0.0
0.0
0.0
0.0
0.0
0.0
0.0
0.7411764705882353
0.996078431372549
0.26274509803921564
0.0
0.0
0.0
0.0
0.0
0.0
0.0
0.807843137254902
0.9058823529411765
0.050980392156862786
0.0
0.0
0.0
0.0
0.0
0.8862745098039215
0.996078431372549
0.0
0.0
0.0
0.0
0.0
0.0
0.0
0.0
1.0
0.8862745098039215
0.015686274509803977
0.0
0.0
0.0
0.0
0.0
0.0
0.0
0.4549019607843138
0.996078431372549
0.28627450980392155
0.0
0.0
0.0
0.0
0.3254901960784313
0.9882352941176471
0.9215686274509804
0.0
0.0
0.0
0.0
0.0
0.0
0.0
0.0
0.996078431372549
0.7176470588235294
0.0
0.0
0.0
0.0
0.0
0.0
0.0
0.0
0.4156862745098039
0.996078431372549
0.48235294117647054
0.0117647058823529
0.0
0.0
0.04705882352941182
0.6588235294117647
0.9882352941176471
0.44313725490196076
0.0
0.0
0.0
0.0
0.0
0.0
0.0
0.0
0.996078431372549
0.5019607843137255
0.0
0.0
0.0
0.0
0.0
0.0
0.0
0.0
0.05882352941176472
0.996078431372549
0.996078431372549
0.43529411764705883
0.0
0.27450980392156865
0.8392156862745098
0.996078431372549
0.7490196078431373
0.0
0.0
0.0
0.0
0.0
0.0
0.0
0.0
0.0
0.996078431372549
0.1568627450980392
0.0
0.0
0.0
0.0
0.0
0.0
0.0
0.0
0.007843137254901933
0.44705882352941173
0.9803921568627451
0.9921568627450981
0.9215686274509804
0.9882352941176471
0.996078431372549
0.7843137254901961
0.07843137254901966
0.0
0.0
0.0
0.0
0.0
0.0
0.0
0.0
0.0
0.996078431372549
0.12941176470588234
0.0
0.0
0.0
0.0
0.0
0.0
0.0
0.0
0.0
0.0
0.2549019607843137
0.580392156862745
0.580392156862745
0.580392156862745
0.2901960784313725
0.07450980392156858
0.0
0.0
0.0
0.0
0.0
0.0
0.0
0.0
0.0
0.0
0.996078431372549
0.12941176470588234
0.0
0.0
0.0
0.0
0.0
0.0
0.0
0.0
0.0
0.0
0.0
0.0
0.0
0.0
0.0
0.0
0.0
0.0
0.0
0.0
0.0
0.0
0.0
0.0
0.0
0.0
0.7764705882352941
0.0117647058823529
0.0
0.0
0.0
0.0
0.0
0.0
0.0
0.0
0.0
0.0
0.0
0.0
0.0
0.0
0.0
0.0
0.0
0.0
0.0
0.0
0.0
0.0
0.0
0.0
0.0
0.0
0.7529411764705882
0.0
0.0
0.0
0.0
0.0
0.0
0.0
0.0
0.0
0.0
0.0
0.0
0.0
0.0
0.0
0.0
0.0
0.0
0.0
0.0
0.0
0.0
0.0
0.0
0.0
0.0
0.0
0.5098039215686274
0.0
0.0
0.0
0.0
0.0
0.0
0.0
0.0
0.0
0.0
0.0
0.0
0.0
0.0
0.0
0.0
0.0
0.0
0.0
0.0
0.0
0.0
0.0
0.0
0.0
0.0
0.0
0.04313725490196074
0.0
0.0
0.0
0.0
0.0
0.0
0.0
0.0
0.0
0.0
0.0
0.0
0.0
0.0
0.0
0.0
0.0
0.0
0.0
0.0
0.0
0.0
0.0
0.0
0.0
0.0
0.0
0.0
0.0
0.0
0.0
0.0
0.0
0.0
0.0
0.0
0.0
0.0
0.0
0.0
0.0
0.0
0.0
0.0
0.0
0.0
0.0
0.0
0.0
0.0
0.0
0.0
0.0
0.0
0.0
0.0
0.0
0.0
0.0
0.0
0.0
0.0
0.0
0.0
0.0
0.0
0.0
0.0
0.0
0.0
0.0
0.0
0.0
0.0
0.0
0.0
0.0
0.0
0.0
