0.0
0.0
0.0
0.0
0.0
0.0
0.0
0.0
0.0
0.0
0.0
0.0
0.0
0.0
0.0
0.0
0.0
0.0
0.0
0.0
0.0
0.0
0.0
0.0
0.0
0.0
0.0
0.0
0.0
0.0
0.0
0.0
0.0
0.0
0.0
0.0
0.0
0.0
0.0
0.0
0.0
0.0
0.0
0.0
0.0
0.0
0.0
0.0
0.0
0.0
0.0
0.0
0.0
0.0
0.0
0.0
0.0
0.0
0.0
0.0
0.0
0.0
0.0
0.0
0.0
0.0
0.0
0.0
0.0
0.0
0.0
0.0
0.0
0.0
0.0
0.0
0.0
0.0
0.0
0.0
0.0
0.0
0.0
0.0
0.0
0.0
0.0
0.0
0.0
0.0
0.0
0.0
0.0
0.0
0.0
0.0
0.0
0.0
0.0
0.0
0.0
0.0
0.0
0.0
0.0
0.0
0.0
0.0
0.0
0.0
0.0
0.0
0.0
0.0
0.0
0.0
0.0
0.0
0.0
0.0
0.0
0.0
0.0
0.0
0.0
0.0
0.0
0.0
0.0
0.0
0.0
0.0
0.0
0.0
0.0
0.0
0.0
0.0
0.0
0.0
0.0
0.0
0.0
0.0
0.0
0.0
0.0
0.0
0.0
0.0
0.0
0.0
0.0
0.0
0.0
0.0
0.0
0.0
0.0
0.0
0.0
0.0
0.0
0.0
0.0
0.0
0.0
0.0
0.0
0.0
0.0
0.0
0.0
0.0
0.0
0.0
0.0
0.0
0.0
0.0
0.0
0.0
0.0
0.0
0.0
0.0
0.0
0.0
0.0
0.0
0.0
0.0
0.0
0.0
0.0
0.0
0.0
0.0
0.0
0.0
0.0
0.0
0.0
0.0
0.0
0.0
0.0
0.18039215686274512
0.2823529411764706
0.06666666666666665
0.0
0.0
0.0
0.0
0.0
0.0
0.592156862745098
0.7450980392156863
0.18039215686274512
0.0
0.0
0.0
0.0
0.0
0.0
0.0
0.0
0.0
0.0
0.0
0.0
0.0
0.0
0.0
0.2431372549019608
0.9294117647058824
0.996078431372549
0.2313725490196078
0.0
0.0
0.0
0.0
0.0
0.1215686274509804
0.8901960784313725
0.996078431372549
0.5294117647058824
0.0
0.0
0.0
0.0
0.0
0.0
0.0
0.0
0.0
0.0
0.0
0.0
0.0
0.0
0.0
0.14901960784313728
0.996078431372549
0.996078431372549
0.6431372549019607
0.0
0.0
0.0
0.0
0.0
0.0
0.3803921568627451
0.996078431372549
0.7254901960784313
0.0
0.0
0.0
0.0
0.0
0.0
0.0
0.0
0.07843137254901966
0.8235294117647058
0.0
0.0
0.0
0.0
0.0
0.09411764705882353
0.9882352941176471
0.996078431372549
0.8431372549019608
0.07843137254901966
0.0
0.0
0.0
0.0
0.0
0.3294117647058824
0.996078431372549
0.996078431372549
0.0
0.0
0.0
0.0
0.0
0.0
0.0
0.0
0.7960784313725491
0.8588235294117648
0.0
0.0
0.0
0.0
0.0
0.0
0.584313725490196
0.996078431372549
0.996078431372549
0.16078431372549018
0.0
0.0
0.0
0.0
0.0
0.3294117647058824
0.996078431372549
0.996078431372549
0.0
0.0
0.0
0.0
0.0
0.0
0.0
0.0
0.9254901960784314
0.9450980392156862
0.20392156862745103
0.0
0.0
0.0
0.0
0.0
0.16470588235294115
0.996078431372549
0.996078431372549
0.16078431372549018
0.0
0.0
0.0
0.0
0.0
0.3294117647058824
0.996078431372549
0.996078431372549
0.0
0.0
0.0
0.0
0.0
0.0
0.0
0.0
0.43137254901960786
0.996078431372549
0.6980392156862745
0.06274509803921569
0.0
0.0
0.0
0.0
0.050980392156862786
0.788235294117647
0.996078431372549
0.4901960784313726
0.0
0.0
0.0
0.0
0.0
0.3294117647058824
0.996078431372549
0.996078431372549
0.0
0.0
0.0
0.0
0.0
0.0
0.0
0.0
0.019607843137254943
0.6941176470588235
0.996078431372549
0.6941176470588235
0.19999999999999996
0.0
0.0
0.0
0.050980392156862786
0.788235294117647
0.996078431372549
0.7372549019607844
0.027450980392156876
0.0
0.0
0.0
0.0
0.6862745098039216
0.996078431372549
0.6392156862745098
0.0
0.0
0.0
0.0
0.0
0.0
0.0
0.0
0.0
0.16470588235294115
0.8784313725490196
0.996078431372549
0.9411764705882353
0.2705882352941177
0.0
0.0
0.16470588235294115
1.0
0.996078431372549
1.0
0.2666666666666667
0.0
0.0
0.0
0.2196078431372549
0.9647058823529412
0.996078431372549
0.36078431372549025
0.0
0.0
0.0
0.0
0.0
0.0
0.0
0.0
0.0
0.0
0.16078431372549018
0.8862745098039215
0.996078431372549
0.9607843137254902
0.9098039215686274
0.9098039215686274
0.9254901960784314
0.996078431372549
0.996078431372549
0.996078431372549
0.7529411764705882
0.0117647058823529
0.0
0.0
0.4666666666666667
0.996078431372549
0.996078431372549
0.06666666666666665
0.0
0.0
0.0
0.0
0.0
0.0
0.0
0.0
0.0
0.0
0.0
0.14509803921568631
0.6470588235294117
0.9921568627450981
0.996078431372549
0.996078431372549
0.9921568627450981
0.8431372549019608
0.6274509803921569
0.9921568627450981
0.996078431372549
0.5019607843137255
0.0
0.1215686274509804
0.8627450980392157
0.996078431372549
0.607843137254902
0.0039215686274509665
0.0
0.0
0.0
0.0
0.0
0.0
0.0
0.0
0.0
0.0
0.0
0.0
0.0
0.37254901960784315
0.41960784313725485
0.41960784313725485
0.34901960784313724
0.0
0.0
0.5215686274509803
0.9882352941176471
0.9803921568627451
0.580392156862745
0.8549019607843137
0.996078431372549
0.9607843137254902
0.5294117647058824
0.0
0.0
0.0
0.0
0.0
0.0
0.0
0.0
0.0
0.0
0.0
0.0
0.0
0.0
0.0
0.0
0.0
0.0
0.0
0.0
0.0
0.5215686274509803
0.996078431372549
0.996078431372549
0.996078431372549
0.996078431372549
0.584313725490196
0.0
0.0
0.0
0.0
0.0
0.0
0.0
0.0
0.0
0.0
0.0
0.0
0.0
0.0
0.0
0.0
0.0
0.0
0.0
0.0
0.0
0.0
0.0
0.2705882352941177
0.33333333333333337
0.6549019607843137
0.2784313725490196
0.05882352941176472
0.0
0.0
0.0
0.0
0.0
0.0
0.0
0.0
0.0
0.0
0.0
0.0
0.0
0.0
0.0
0.0
0.0
0.0
0.0
0.0
0.0
0.0
0.0
0.0
0.0
0.0
0.0
0.0
0.0
0.0
0.0
0.0
0.0
0.0
0.0
0.0
0.0
0.0
0.0
0.0
0.0
0.0
0.0
0.0
0.0
0.0
0.0
0.0
0.0
0.0
0.0
0.0
0.0
0.0
0.0
0.0
0.0
0.0
0.0
0.0
0.0
0.0
0.0
0.0
0.0
0.0
0.0
0.0
0.0
0.0
0.0
0.0
0.0
0.0
0.0
0.0
0.0
0.0
0.0
0.0
0.0
0.0
0.0
0.0
0.0
0.0
0.0
0.0
0.0
0.0
0.0
0.0
0.0
0.0
0.0
0.0
0.0
0.0
0.0
0.0
0.0
0.0
0.0
0.0
0.0
0.0
0.0
0.0
0.0
0.0
0.0
0.0
0.0
0.0
0.0
0.0
0.0
0.0
0.0
0.0
0.0
0.0
0.0
0.0
0.0
0.0
0.0
0.0
0.0
0.0
0.0
0.0
0.0
0.0
0.0
0.0
0.0
0.0
0.0
0.0
0.0
0.0
0.0
0.0
0.0
0.0
0.0
0.0
0.0
0.0
0.0
0.0
0.0
0.0
0.0
0.0
0.0
0.0
0.0
0.0
0.0
0.0
0.0
0.0
0.0
0.0
0.0
0.0
0.0
0.0
0.0
0.0
0.0
0.0
0.0
0.0
0.0
0.0
0.0
0.0
0.0
0.0
0.0
0.0
0.0
0.0
0.0
0.0
0.0
0.0
0.0
0.0
0.0
0.0
0.0
0.0
0.0
0.0
0.0
0.0
0.0
0.0
0.0
