0.0
0.0
0.0
0.0
0.0
0.0
0.0
0.0
0.0
0.0
0.0
0.0
0.0
0.0
0.0
0.0
0.0
0.0
0.0
0.0
0.0
0.0
0.0
0.0
0.0
0.0
0.0
0.0
0.0
0.0
0.0
0.0
0.0
0.0
0.0
0.0
0.0
0.0
0.0
0.0
0.0
0.0
0.0
0.0
0.0
0.0
0.0
0.0
0.0
0.0
0.0
0.0
0.0
0.0
0.0
0.0
0.0
0.0
0.0
0.0
0.0
0.0
0.0
0.0
0.0
0.0
0.0
0.0
0.0
0.0
0.0
0.0
0.0
0.0
0.0
0.0
0.0
0.0
0.0
0.0
0.0
0.0
0.0
0.0
0.0
0.0
0.0
0.0
0.0
0.0
0.0
0.0
0.0
0.0
0.0
0.0
0.0
0.0
0.0
0.0
0.0
0.0
0.0
0.0
0.0
0.0
0.0
0.0
0.0
0.0
0.0
0.0
0.0
0.0
0.0
0.0
0.0
0.0
0.0
0.0
0.0
0.0
0.0
0.0
0.0
0.0
0.0
0.0
0.0
0.0
0.0
0.0
0.0
0.0
0.0
0.0
0.0
0.0
0.0
0.0
0.0
0.0
0.0
0.0
0.16078431372549018
0.2588235294117647
0.07450980392156858
0.0
0.0
0.0
0.0
0.0
0.0
0.0
0.0
0.0
0.0
0.0
0.039215686274509776
0.11372549019607847
0.0
0.0
0.0
0.0
0.0
0.0
0.0
0.0
0.0
0.0
0.0
0.0
0.9921568627450981
0.9882352941176471
0.8784313725490196
0.4666666666666667
0.10196078431372546
0.0
0.0
0.0
0.0
0.0
0.0
0.0
0.0
0.0
0.2588235294117647
0.9647058823529412
0.39607843137254906
0.0
0.0
0.0
0.0
0.0
0.0
0.0
0.0
0.0
0.0
0.0
0.8470588235294118
0.9882352941176471
0.9882352941176471
0.9882352941176471
0.8745098039215686
0.4784313725490196
0.22352941176470587
0.0
0.0
0.0
0.0
0.0
0.0
0.0
0.0
0.7333333333333334
0.9686274509803922
0.40784313725490196
0.0
0.0
0.0
0.0
0.0
0.0
0.0
0.0
0.0
0.0
0.35686274509803917
0.792156862745098
0.2549019607843137
0.7450980392156863
0.9921568627450981
0.9882352941176471
0.9529411764705882
0.8823529411764706
0.592156862745098
0.0
0.0
0.0
0.0
0.0
0.0
0.050980392156862786
0.9921568627450981
0.9647058823529412
0.196078431372549
0.0
0.0
0.0
0.0
0.0
0.0
0.0
0.0
0.0
0.11372549019607847
0.8941176470588236
0.1215686274509804
0.0
0.44705882352941173
0.7607843137254902
0.9921568627450981
0.9921568627450981
1.0
0.8941176470588236
0.1725490196078432
0.0
0.0
0.0
0.0
0.0
0.5058823529411764
0.9921568627450981
0.4666666666666667
0.0
0.0
0.0
0.0
0.0
0.0
0.0
0.0
0.0
0.11372549019607847
0.9882352941176471
0.5098039215686274
0.0
0.0
0.07450980392156858
0.3294117647058824
0.9176470588235294
0.9921568627450981
0.9882352941176471
0.6588235294117647
0.0
0.0
0.0
0.0
0.0
0.11372549019607847
0.9882352941176471
0.6588235294117647
0.0
0.0
0.0
0.0
0.0
0.0
0.0
0.0
0.0
0.11372549019607847
0.9882352941176471
0.6588235294117647
0.0
0.0
0.0
0.26274509803921564
0.9647058823529412
0.9921568627450981
0.9882352941176471
0.6588235294117647
0.0
0.0
0.0
0.0
0.0
0.027450980392156876
0.7333333333333334
0.9176470588235294
0.2313725490196078
0.0
0.0
0.0
0.0
0.0
0.0
0.0
0.0
0.06274509803921569
0.8431372549019608
0.803921568627451
0.050980392156862786
0.0
0.0
0.33333333333333337
0.9882352941176471
0.5019607843137255
0.1098039215686275
0.07450980392156858
0.0
0.0
0.0
0.0
0.0
0.0
0.2705882352941177
0.9882352941176471
0.5450980392156863
0.0
0.0
0.0
0.0
0.0
0.0
0.0
0.0
0.0
0.6666666666666667
0.6588235294117647
0.0
0.0
0.0
0.33333333333333337
0.9921568627450981
0.44705882352941173
0.0
0.0
0.0
0.0
0.0
0.0
0.0
0.0
0.10196078431372546
0.8745098039215686
0.6
0.0
0.0
0.0
0.0
0.0
0.0
0.0
0.0
0.0
0.6627450980392157
0.6588235294117647
0.0
0.0
0.0
0.2588235294117647
0.9647058823529412
0.7607843137254902
0.07450980392156858
0.0
0.0
0.0
0.0
0.0
0.0
0.0
0.0
0.7725490196078432
0.9882352941176471
0.0
0.0
0.0
0.0
0.0
0.0
0.0
0.0
0.09019607843137256
0.9176470588235294
0.7686274509803921
0.039215686274509776
0.0
0.0
0.0
0.7333333333333334
0.9921568627450981
0.3294117647058824
0.0
0.0
0.0
0.0
0.0
0.0
0.0
0.0
0.7725490196078432
0.9882352941176471
0.0
0.0
0.0
0.0
0.0
0.0
0.0
0.0
0.015686274509803977
0.6980392156862745
0.9882352941176471
0.1098039215686275
0.0
0.0
0.0
0.44313725490196076
0.9921568627450981
0.7215686274509804
0.0
0.0
0.0
0.0
0.0
0.0
0.0
0.0
0.7725490196078432
0.9882352941176471
0.0
0.0
0.0
0.0
0.0
0.0
0.0
0.0
0.0
0.6666666666666667
0.9921568627450981
0.1098039215686275
0.0
0.0
0.0
0.0
0.996078431372549
0.8941176470588236
0.1215686274509804
0.0
0.0
0.0
0.0
0.0
0.0
0.0
0.7764705882352941
0.7450980392156863
0.0
0.0
0.0
0.0
0.0
0.0
0.0
0.0
0.050980392156862786
0.807843137254902
0.9137254901960784
0.0862745098039216
0.0
0.0
0.0
0.0
0.6980392156862745
0.9882352941176471
0.584313725490196
0.027450980392156876
0.0
0.0
0.0
0.0
0.0
0.44705882352941173
0.9176470588235294
0.4509803921568627
0.0
0.0
0.0
0.0
0.0
0.0
0.0
0.0
0.0
0.14901960784313728
0.14509803921568631
0.0
0.0
0.0
0.0
0.0
0.207843137254902
0.9882352941176471
0.9882352941176471
0.2549019607843137
0.0
0.0
0.0
0.0
0.0
0.6627450980392157
0.9882352941176471
0.1098039215686275
0.0
0.0
0.0
0.0
0.0
0.0
0.0
0.0
0.0
0.0
0.0
0.0
0.0
0.0
0.0
0.0
0.015686274509803977
0.5019607843137255
0.9882352941176471
0.7450980392156863
0.0
0.0
0.0
0.0
0.29803921568627456
0.9529411764705882
0.6941176470588235
0.0117647058823529
0.0
0.0
0.0
0.0
0.0
0.0
0.0
0.0
0.0
0.0
0.0
0.0
0.0
0.0
0.0
0.0
0.0
0.10196078431372546
0.8235294117647058
0.9921568627450981
0.7529411764705882
0.2588235294117647
0.11372549019607847
0.5019607843137255
0.996078431372549
0.9921568627450981
0.4156862745098039
0.0
0.0
0.0
0.0
0.0
0.0
0.0
0.0
0.0
0.0
0.0
0.0
0.0
0.0
0.0
0.0
0.0
0.0
0.0
0.2588235294117647
0.8666666666666667
0.9921568627450981
0.9882352941176471
0.9882352941176471
0.9882352941176471
0.9921568627450981
0.7411764705882353
0.07450980392156858
0.0
0.0
0.0
0.0
0.0
0.0
0.0
0.0
0.0
0.0
0.0
0.0
0.0
0.0
0.0
0.0
0.0
0.0
0.0
0.0
0.0980392156862745
0.8470588235294118
0.9882352941176471
0.9882352941176471
0.8392156862745098
0.611764705882353
0.07450980392156858
0.0
0.0
0.0
0.0
0.0
0.0
0.0
0.0
0.0
0.0
0.0
0.0
0.0
0.0
0.0
0.0
0.0
0.0
0.0
0.0
0.0
0.0
0.06274509803921569
0.1098039215686275
0.1098039215686275
0.05882352941176472
0.0
0.0
0.0
0.0
0.0
0.0
0.0
0.0
0.0
0.0
0.0
0.0
0.0
0.0
0.0
0.0
0.0
0.0
0.0
0.0
0.0
0.0
0.0
0.0
0.0
0.0
0.0
0.0
0.0
0.0
0.0
0.0
0.0
0.0
0.0
0.0
0.0
0.0
0.0
0.0
0.0
0.0
0.0
0.0
0.0
0.0
0.0
0.0
0.0
0.0
0.0
0.0
0.0
0.0
0.0
0.0
0.0
0.0
0.0
0.0
0.0
0.0
0.0
0.0
0.0
0.0
0.0
0.0
0.0
0.0
0.0
0.0
0.0
0.0
0.0
0.0
0.0
0.0
0.0
0.0
0.0
0.0
0.0
0.0
0.0
0.0
0.0
0.0
0.0
0.0
0.0
0.0
