0.0
0.0
0.0
0.0
0.0
0.0
0.0
0.0
0.0
0.0
0.0
0.0
0.0
0.0
0.0
0.0
0.0
0.0
0.0
0.0
0.0
0.0
0.0
0.0
0.0
0.0
0.0
0.0
0.0
0.0
0.0
0.0
0.0
0.0
0.0
0.0
0.0
0.0
0.0
0.0
0.0
0.0
0.0
0.0
0.0
0.0
0.0
0.0
0.0
0.0
0.0
0.0
0.0
0.0
0.0
0.0
0.0
0.0
0.0
0.0
0.0
0.0
0.0
0.0
0.0
0.0
0.0
0.0
0.0
0.0
0.0
0.0
0.0
0.0
0.0
0.0
0.0
0.0
0.0
0.0
0.0
0.0
0.0
0.0
0.0
0.0
0.0
0.0
0.0
0.0
0.0
0.0
0.0
0.0
0.0
0.0
0.0
0.0
0.0
0.0
0.0
0.0
0.0
0.0
0.0
0.0
0.0
0.0
0.0
0.0
0.0
0.0
0.0
0.0
0.0
0.0
0.0
0.0
0.0
0.0
0.0
0.0
0.0
0.0
0.0
0.0
0.0
0.0
0.0
0.0
0.0
0.0
0.0
0.0
0.0
0.0
0.0
0.0
0.0
0.0
0.0
0.0
0.0
0.0
0.0
0.0
0.0
0.0
0.0
0.0
0.0
0.0
0.0
0.0
0.0
0.0
0.0
0.0
0.0
0.0
0.0
0.0
0.0
0.0
0.0
0.0
0.0
0.0
0.0
0.0
0.0
0.0
0.0
0.0
0.0
0.0
0.0
0.0
0.3686274509803922
0.4274509803921569
0.1843137254901961
0.0
0.0
0.0
0.0
0.0
0.0
0.0
0.0
0.0
0.0
0.0
0.0
0.0
0.0
0.0
0.0
0.0
0.0
0.0
0.0
0.0
0.0
0.0
0.16470588235294115
0.8509803921568627
0.9686274509803922
0.9882352941176471
0.9098039215686274
0.611764705882353
0.039215686274509776
0.0
0.0
0.0
0.24705882352941178
0.28627450980392155
0.28627450980392155
0.28627450980392155
0.20392156862745103
0.0
0.0
0.0
0.0
0.0
0.0
0.0
0.0
0.0
0.0
0.0
0.0
0.10588235294117643
0.8666666666666667
0.9882352941176471
0.9882352941176471
0.9882352941176471
0.9882352941176471
0.9921568627450981
0.2196078431372549
0.0
0.0
0.0
0.7686274509803921
0.9882352941176471
0.9882352941176471
0.9921568627450981
0.9058823529411765
0.2823529411764706
0.0
0.0
0.0
0.0
0.0
0.0
0.0
0.0
0.0
0.0
0.0
0.06274509803921569
0.7450980392156863
0.9882352941176471
0.9882352941176471
0.9058823529411765
0.42352941176470593
0.9921568627450981
0.8666666666666667
0.16078431372549018
0.0
0.0
0.1215686274509804
0.5019607843137255
0.9882352941176471
0.9921568627450981
0.9882352941176471
0.8431372549019608
0.0039215686274509665
0.0
0.0
0.0
0.0
0.0
0.0
0.0
0.0
0.0
0.0
0.06274509803921569
0.7490196078431373
0.9882352941176471
0.9882352941176471
0.8431372549019608
0.0
0.9921568627450981
0.9882352941176471
0.5215686274509803
0.0
0.0
0.0
0.0
0.3254901960784313
0.7490196078431373
0.9882352941176471
0.9882352941176471
0.42352941176470593
0.0
0.0
0.0
0.0
0.0
0.0
0.0
0.0
0.0
0.0
0.14509803921568631
0.9882352941176471
0.9882352941176471
0.9882352941176471
0.8431372549019608
0.0
0.5019607843137255
0.9882352941176471
0.8431372549019608
0.0
0.0
0.0
0.0
0.0
0.4274509803921569
0.9882352941176471
0.9882352941176471
0.7450980392156863
0.0
0.0
0.0
0.0
0.0
0.0
0.0
0.0
0.0
0.0
0.5490196078431373
0.9882352941176471
0.9882352941176471
0.9882352941176471
0.8431372549019608
0.0
0.1215686274509804
0.8901960784313725
0.9450980392156862
0.38431372549019605
0.0
0.0
0.0
0.0
0.4274509803921569
0.9882352941176471
0.9882352941176471
0.5019607843137255
0.0
0.0
0.0
0.0
0.0
0.0
0.0
0.0
0.0
0.0
0.7098039215686274
0.9882352941176471
0.9882352941176471
0.9882352941176471
0.8431372549019608
0.0
0.0
0.8509803921568627
0.9882352941176471
0.6588235294117647
0.0
0.0
0.0
0.0
0.4274509803921569
0.9882352941176471
0.9882352941176471
0.9882352941176471
0.0
0.0
0.0
0.0
0.0
0.0
0.0
0.0
0.0
0.16470588235294115
0.8705882352941177
0.9921568627450981
0.9921568627450981
0.9921568627450981
0.603921568627451
0.0
0.0
0.611764705882353
0.9921568627450981
0.42352941176470593
0.0
0.0
0.0
0.0
0.24705882352941178
0.9333333333333333
0.9921568627450981
0.9921568627450981
0.0
0.0
0.0
0.0
0.0
0.0
0.0
0.0
0.0
0.24705882352941178
0.9490196078431372
0.9882352941176471
0.9882352941176471
0.9058823529411765
0.19999999999999996
0.0
0.0
0.28627450980392155
0.9882352941176471
0.9098039215686274
0.16470588235294115
0.0
0.0
0.0
0.3686274509803922
0.9686274509803922
0.9882352941176471
0.9882352941176471
0.0
0.0
0.0
0.0
0.0
0.0
0.0
0.0
0.0
0.28627450980392155
0.9882352941176471
0.9882352941176471
0.9882352941176471
0.7019607843137254
0.0
0.0
0.0
0.08235294117647063
0.788235294117647
0.9882352941176471
0.5647058823529412
0.0
0.0
0.0
0.4274509803921569
0.9882352941176471
0.9882352941176471
0.580392156862745
0.0
0.0
0.0
0.0
0.0
0.0
0.0
0.0
0.0
0.607843137254902
0.9882352941176471
0.9882352941176471
0.9882352941176471
0.7019607843137254
0.0
0.0
0.0
0.0
0.38431372549019605
0.9882352941176471
0.8117647058823529
0.07843137254901966
0.0
0.0
0.7490196078431373
0.9882352941176471
0.9882352941176471
0.42352941176470593
0.0
0.0
0.0
0.0
0.0
0.0
0.0
0.0
0.1843137254901961
0.9137254901960784
0.9921568627450981
0.9921568627450981
0.807843137254902
0.07843137254901966
0.0
0.0
0.0
0.0
0.0
0.5686274509803921
1.0
0.9921568627450981
0.584313725490196
0.7490196078431373
1.0
0.9921568627450981
0.9294117647058824
0.2431372549019608
0.0
0.0
0.0
0.0
0.0
0.0
0.0
0.0
0.4274509803921569
0.9882352941176471
0.9882352941176471
0.9882352941176471
0.803921568627451
0.07843137254901966
0.0
0.0
0.0
0.0
0.0
0.07843137254901966
0.8274509803921568
0.9882352941176471
0.9882352941176471
0.9882352941176471
0.9921568627450981
0.9882352941176471
0.6823529411764706
0.0
0.0
0.0
0.0
0.0
0.0
0.0
0.0
0.0
0.4274509803921569
0.9882352941176471
0.9882352941176471
0.9882352941176471
0.16078431372549018
0.0
0.0
0.0
0.0
0.0
0.0
0.0
0.3686274509803922
0.8862745098039215
0.9882352941176471
0.9882352941176471
0.9294117647058824
0.6823529411764706
0.07843137254901966
0.0
0.0
0.0
0.0
0.0
0.0
0.0
0.0
0.0
0.4274509803921569
0.9882352941176471
0.9882352941176471
0.9882352941176471
0.0
0.0
0.0
0.0
0.0
0.0
0.0
0.0
0.0
0.1215686274509804
0.42352941176470593
0.42352941176470593
0.2431372549019608
0.0
0.0
0.0
0.0
0.0
0.0
0.0
0.0
0.0
0.0
0.0
0.43137254901960786
0.9921568627450981
0.9921568627450981
0.42352941176470593
0.0
0.0
0.0
0.0
0.0
0.0
0.0
0.0
0.0
0.0
0.0
0.0
0.0
0.0
0.0
0.0
0.0
0.0
0.0
0.0
0.0
0.0
0.0
0.0
0.9137254901960784
0.9882352941176471
0.8627450980392157
0.05882352941176472
0.0
0.0
0.0
0.0
0.0
0.0
0.0
0.0
0.0
0.0
0.0
0.0
0.0
0.0
0.0
0.0
0.0
0.0
0.0
0.0
0.0
0.0
0.0
0.0
0.8509803921568627
0.8431372549019608
0.7215686274509804
0.0
0.0
0.0
0.0
0.0
0.0
0.0
0.0
0.0
0.0
0.0
0.0
0.0
0.0
0.0
0.0
0.0
0.0
0.0
0.0
0.0
0.0
0.0
0.0
0.0
0.0
0.0
0.0
0.0
0.0
0.0
0.0
0.0
0.0
0.0
0.0
0.0
0.0
0.0
0.0
0.0
0.0
0.0
0.0
0.0
0.0
0.0
0.0
0.0
0.0
0.0
0.0
0.0
0.0
0.0
0.0
0.0
0.0
0.0
0.0
0.0
0.0
0.0
0.0
0.0
0.0
0.0
0.0
0.0
0.0
0.0
0.0
0.0
0.0
0.0
0.0
0.0
0.0
0.0
0.0
0.0
0.0
0.0
0.0
0.0
0.0
0.0
0.0
0.0
0.0
0.0
0.0
0.0
0.0
0.0
0.0
0.0
0.0
0.0
0.0
0.0
0.0
0.0
0.0
