0.0
0.0
0.0
0.0
0.0
0.0
0.0
0.0
0.0
0.0
0.0
0.0
0.0
0.0
0.0
0.0
0.0
0.0
0.0
0.0
0.0
0.0
0.0
0.0
0.0
0.0
0.0
0.0
0.0
0.0
0.0
0.0
0.0
0.0
0.0
0.0
0.0
0.0
0.0
0.0
0.0
0.0
0.0
0.0
0.0
0.0
0.0
0.0
0.0
0.0
0.0
0.0
0.0
0.0
0.0
0.0
0.0
0.0
0.0
0.0
0.0
0.0
0.0
0.0
0.0
0.0
0.0
0.0
0.0
0.0
0.0
0.0
0.0
0.0
0.0
0.0
0.0
0.0
0.0
0.0
0.0
0.0
0.0
0.0
0.0
0.0
0.0
0.0
0.0
0.0
0.0
0.0
0.0
0.0
0.0
0.0
0.0
0.0
0.0
0.0
0.0
0.0
0.0
0.0
0.0
0.0
0.0
0.0
0.0
0.0
0.0
0.0
0.0
0.0
0.0
0.0
0.0
0.0
0.0
0.0
0.0
0.0
0.0
0.0
0.0
0.0
0.0
0.0
0.0
0.0
0.0
0.0
0.0
0.0
0.0
0.0
0.0
0.0
0.0
0.0
0.0
0.0
0.0
0.0
0.0
0.0
0.0
0.0
0.0
0.0
0.0
0.0
0.0
0.0
0.0
0.0
0.0
0.0
0.0
0.0
0.0
0.0
0.0
0.0
0.0
0.0
0.0
0.0
0.0
0.0
0.0
0.0
0.0
0.0
0.0
0.0
0.0
0.0
0.0
0.0
0.0
0.0
0.0
0.28627450980392155
0.6901960784313725
0.996078431372549
0.996078431372549
0.996078431372549
0.4156862745098039
0.019607843137254943
0.0
0.0
0.0
0.0
0.0
0.0
0.0
0.0
0.0
0.0
0.0
0.0
0.0
0.0
0.0
0.0
0.0
0.0
0.0
0.196078431372549
0.7450980392156863
0.7803921568627451
0.5725490196078431
0.42352941176470593
0.42352941176470593
0.6784313725490196
0.9176470588235294
0.6470588235294117
0.03137254901960784
0.0
0.0
0.0
0.0
0.0
0.0
0.0
0.0
0.0
0.0
0.0
0.0
0.0
0.0
0.0
0.0
0.0
0.07450980392156858
0.6470588235294117
0.09019607843137256
0.0
0.0
0.0
0.0
0.0
0.19215686274509802
0.9058823529411765
0.4980392156862745
0.0
0.0
0.0
0.0
0.0
0.0
0.0
0.0
0.0
0.0
0.0
0.0
0.0
0.0
0.0
0.07450980392156858
0.2784313725490196
0.8352941176470589
0.6470588235294117
0.02352941176470591
0.0
0.0
0.0
0.0
0.0
0.0
0.5411764705882354
0.9607843137254902
0.19215686274509802
0.0
0.0
0.0
0.0
0.0
0.0
0.0
0.0
0.0
0.0
0.0
0.0
0.2823529411764706
0.607843137254902
0.996078431372549
0.9921568627450981
0.9921568627450981
0.9921568627450981
0.2823529411764706
0.0
0.0
0.0
0.0
0.0
0.0
0.13725490196078427
0.9411764705882353
0.8196078431372549
0.0
0.0
0.0
0.0
0.0
0.0
0.0
0.0
0.0
0.0
0.34509803921568627
0.8156862745098039
0.996078431372549
0.996078431372549
1.0
0.792156862745098
0.996078431372549
0.9215686274509804
0.0
0.0
0.0
0.0
0.0
0.0
0.0
0.0
0.8549019607843137
0.9215686274509804
0.0
0.0
0.0
0.0
0.0
0.0
0.0
0.0
0.0
0.596078431372549
0.9882352941176471
0.9921568627450981
0.8235294117647058
0.5215686274509803
0.07058823529411762
0.29803921568627456
0.9921568627450981
0.5882352941176471
0.0
0.0
0.0
0.0
0.0
0.0
0.0
0.0
0.8509803921568627
0.9215686274509804
0.0
0.0
0.0
0.0
0.0
0.0
0.0
0.0
0.0
0.6392156862745098
0.9921568627450981
0.388235294117647
0.03137254901960784
0.0
0.0
0.5686274509803921
0.9921568627450981
0.26274509803921564
0.0
0.0
0.0
0.0
0.0
0.0
0.0
0.0
0.8509803921568627
0.9294117647058824
0.04313725490196074
0.0
0.0
0.0
0.0
0.0
0.0
0.0
0.0
0.6392156862745098
0.9921568627450981
0.14117647058823535
0.0
0.0
0.0
0.5686274509803921
0.9921568627450981
0.49411764705882355
0.0
0.0
0.0
0.0
0.0
0.0
0.0
0.015686274509803977
0.8627450980392157
0.9843137254901961
0.26274509803921564
0.0
0.0
0.0
0.0
0.0
0.0
0.0
0.0
0.6392156862745098
0.9921568627450981
0.14117647058823535
0.0
0.0
0.0
0.3176470588235294
0.9921568627450981
0.8196078431372549
0.0
0.0
0.0
0.0
0.0
0.0
0.0
0.21568627450980393
0.9921568627450981
0.9215686274509804
0.0
0.0
0.0
0.0
0.0
0.0
0.0
0.0
0.0
0.5372549019607843
0.996078431372549
0.37254901960784315
0.0
0.0
0.0
0.0
0.6274509803921569
0.996078431372549
0.611764705882353
0.0
0.0
0.0
0.0
0.0
0.0
0.44705882352941173
0.996078431372549
0.6941176470588235
0.0
0.0
0.0
0.0
0.0
0.0
0.0
0.0
0.0
0.28627450980392155
0.9921568627450981
0.4980392156862745
0.0
0.0
0.0
0.0
0.0862745098039216
0.6666666666666667
0.9921568627450981
0.596078431372549
0.015686274509803977
0.0
0.0
0.0
0.2431372549019608
0.9372549019607843
0.9921568627450981
0.3647058823529412
0.0
0.0
0.0
0.0
0.0
0.0
0.0
0.0
0.0
0.28627450980392155
0.9921568627450981
0.3176470588235294
0.0
0.0
0.0
0.0
0.0
0.0862745098039216
0.6705882352941177
0.996078431372549
0.7843137254901961
0.4509803921568627
0.03137254901960784
0.36078431372549025
0.9450980392156862
0.9921568627450981
0.6392156862745098
0.03137254901960784
0.0
0.0
0.0
0.0
0.0
0.0
0.0
0.0
0.0
0.4392156862745098
0.9921568627450981
0.14117647058823535
0.0
0.0
0.0
0.0
0.0
0.0
0.07843137254901966
0.6901960784313725
0.9921568627450981
0.9921568627450981
0.8235294117647058
0.9333333333333333
0.996078431372549
0.5176470588235293
0.03137254901960784
0.0
0.0
0.0
0.0
0.0
0.0
0.0
0.0
0.0
0.0
0.6392156862745098
0.8392156862745098
0.04313725490196074
0.0
0.0
0.0
0.0
0.0
0.0
0.0
0.08235294117647063
0.4862745098039216
0.6862745098039216
0.9921568627450981
0.9921568627450981
0.5333333333333333
0.019607843137254943
0.0
0.0
0.0
0.0
0.0
0.0
0.0
0.0
0.0
0.0
0.0
0.6392156862745098
0.7803921568627451
0.0
0.0
0.0
0.0
0.0
0.0
0.0
0.0
0.0
0.0
0.0
0.027450980392156876
0.10196078431372546
0.0
0.0
0.0
0.0
0.0
0.0
0.0
0.0
0.0
0.0
0.0
0.0
0.0
0.6392156862745098
0.7019607843137254
0.0
0.0
0.0
0.0
0.0
0.0
0.0
0.0
0.0
0.0
0.0
0.0
0.0
0.0
0.0
0.0
0.0
0.0
0.0
0.0
0.0
0.0
0.0
0.0
0.0
0.0
0.6392156862745098
0.42352941176470593
0.0
0.0
0.0
0.0
0.0
0.0
0.0
0.0
0.0
0.0
0.0
0.0
0.0
0.0
0.0
0.0
0.0
0.0
0.0
0.0
0.0
0.0
0.0
0.0
0.0
0.0
0.6392156862745098
0.5490196078431373
0.0
0.0
0.0
0.0
0.0
0.0
0.0
0.0
0.0
0.0
0.0
0.0
0.0
0.0
0.0
0.0
0.0
0.0
0.0
0.0
0.0
0.0
0.0
0.0
0.0
0.0
0.388235294117647
0.42352941176470593
0.0
0.0
0.0
0.0
0.0
0.0
0.0
0.0
0.0
0.0
0.0
0.0
0.0
0.0
0.0
0.0
0.0
0.0
0.0
0.0
0.0
0.0
0.0
0.0
0.0
0.0
0.0
0.0
0.0
0.0
0.0
0.0
0.0
0.0
0.0
0.0
0.0
0.0
0.0
0.0
0.0
0.0
0.0
0.0
0.0
0.0
0.0
0.0
0.0
0.0
0.0
0.0
0.0
0.0
0.0
0.0
0.0
0.0
0.0
0.0
0.0
0.0
0.0
0.0
0.0
0.0
0.0
0.0
0.0
0.0
0.0
0.0
0.0
0.0
0.0
0.0
0.0
