0.0
0.0
0.0
0.0
0.0
0.0
0.0
0.0
0.0
0.0
0.0
0.0
0.0
0.0
0.0
0.0
0.0
0.0
0.0
0.0
0.0
0.0
0.0
0.0
0.0
0.0
0.0
0.0
0.0
0.0
0.0
0.0
0.0
0.0
0.0
0.0
0.0
0.0
0.0
0.0
0.0
0.0
0.0
0.0
0.0
0.0
0.0
0.0
0.0
0.0
0.0
0.0
0.0
0.0
0.0
0.0
0.0
0.0
0.0
0.0
0.0
0.0
0.0
0.0
0.0
0.0
0.0
0.0
0.0
0.0
0.0
0.0
0.0
0.0
0.0
0.0
0.0
0.0
0.0
0.0
0.0
0.0
0.0
0.0
0.0
0.0
0.0
0.0
0.0
0.0
0.0
0.0
0.0
0.0
0.0
0.0
0.0
0.0
0.0
0.0
0.0
0.0
0.0
0.0
0.0
0.0
0.0
0.0
0.0
0.0
0.0
0.0
0.0
0.0
0.0
0.0
0.0
0.0
0.0
0.0
0.0
0.0
0.0
0.0
0.0
0.0
0.0
0.0
0.0
0.0
0.0
0.0
0.0
0.0
0.0
0.0
0.0
0.0
0.0
0.0
0.0
0.0
0.0
0.0
0.0
0.0
0.0
0.0
0.0
0.0
0.0
0.0
0.0
0.0
0.0
0.0
0.0
0.0
0.0
0.0
0.0
0.0
0.0
0.0
0.0
0.0
0.0
0.0
0.0
0.0
0.0
0.0
0.0
0.17647058823529416
0.07450980392156858
0.0
0.0
0.0
0.0
0.0
0.0
0.0
0.0
0.0
0.0
0.0
0.0
0.0
0.0
0.0
0.0
0.0
0.0
0.0
0.0
0.0
0.0
0.0
0.0
0.0
0.2431372549019608
0.9254901960784314
0.8588235294117648
0.3137254901960784
0.0
0.0
0.0
0.0
0.0
0.0
0.0
0.0
0.0
0.0
0.0
0.0
0.0
0.0
0.0
0.0
0.0
0.0
0.0
0.0
0.0
0.0
0.0
0.0
0.5411764705882354
0.9882352941176471
0.9882352941176471
0.6274509803921569
0.0
0.0
0.0
0.0
0.0
0.0
0.0
0.0
0.0
0.0
0.0
0.0
0.0
0.0
0.0
0.0
0.0
0.0
0.0
0.0
0.0
0.0
0.0
0.0
0.792156862745098
0.9921568627450981
0.4784313725490196
0.0
0.0
0.0
0.0
0.0
0.0
0.0
0.0
0.0
0.0
0.0
0.0
0.3411764705882353
0.4627450980392157
0.09411764705882353
0.019607843137254943
0.0
0.0
0.0
0.0
0.0
0.0
0.0
0.0
0.0
0.9921568627450981
0.9058823529411765
0.14509803921568631
0.0
0.0
0.0
0.40784313725490196
0.6313725490196078
0.11372549019607847
0.0
0.0
0.0
0.0
0.0
0.2901960784313725
0.9921568627450981
0.9882352941176471
0.9882352941176471
0.6941176470588235
0.05882352941176472
0.0
0.0
0.0
0.0
0.0
0.0
0.0
0.0
0.6627450980392157
0.9882352941176471
0.2705882352941177
0.0
0.0
0.0
0.6313725490196078
0.9882352941176471
0.5058823529411764
0.0
0.0
0.0
0.0
0.0
0.12549019607843137
0.7215686274509804
0.7686274509803921
0.9882352941176471
0.9882352941176471
0.41960784313725485
0.0
0.0
0.0
0.0
0.0
0.0
0.0
0.0
0.5411764705882354
0.9882352941176471
0.2705882352941177
0.0
0.0
0.0
0.6313725490196078
0.9882352941176471
0.6274509803921569
0.0
0.0
0.0
0.0
0.0
0.0
0.0
0.11764705882352944
0.8901960784313725
0.9882352941176471
0.5372549019607843
0.0
0.0
0.0
0.0
0.0
0.0
0.0
0.0
0.5411764705882354
0.9882352941176471
0.9254901960784314
0.16470588235294115
0.0
0.0862745098039216
0.9568627450980391
0.9882352941176471
0.9568627450980391
0.08235294117647063
0.0
0.0
0.0
0.0
0.0
0.0
0.0
0.7215686274509804
0.9882352941176471
0.5372549019607843
0.0
0.0
0.0
0.0
0.0
0.0
0.0
0.0
0.09411764705882353
0.9921568627450981
0.9921568627450981
0.8274509803921568
0.5411764705882354
0.584313725490196
0.9921568627450981
0.9921568627450981
0.9921568627450981
0.788235294117647
0.25098039215686274
0.0
0.0
0.0
0.0
0.0
0.10196078431372546
0.8705882352941177
0.9921568627450981
0.9921568627450981
0.0
0.0
0.0
0.0
0.0
0.0
0.0
0.0
0.03529411764705881
0.6784313725490196
0.9882352941176471
0.8392156862745098
0.9725490196078431
0.9921568627450981
0.9568627450980391
0.807843137254902
0.9568627450980391
0.9882352941176471
0.7568627450980392
0.06666666666666665
0.0
0.0
0.0
0.019607843137254943
0.5333333333333333
0.9882352941176471
0.9882352941176471
0.6980392156862745
0.0
0.0
0.0
0.0
0.0
0.0
0.0
0.0
0.0
0.050980392156862786
0.2705882352941177
0.050980392156862786
0.4509803921568627
0.9921568627450981
0.6823529411764706
0.0
0.4862745098039216
0.9882352941176471
0.9921568627450981
0.36078431372549025
0.0
0.0
0.0
0.09411764705882353
0.9882352941176471
0.9882352941176471
0.9882352941176471
0.4156862745098039
0.0
0.0
0.0
0.0
0.0
0.0
0.0
0.0
0.0
0.0
0.0
0.0
0.0
0.18039215686274512
0.06666666666666665
0.0
0.06666666666666665
0.7529411764705882
0.9921568627450981
0.5215686274509803
0.0
0.0
0.0
0.6274509803921569
0.9882352941176471
0.9882352941176471
0.5254901960784314
0.015686274509803977
0.0
0.0
0.0
0.0
0.0
0.0
0.0
0.0
0.0
0.0
0.0
0.0
0.0
0.0
0.0
0.0
0.0
0.04313725490196074
0.788235294117647
0.9725490196078431
0.5725490196078431
0.4549019607843138
0.8627450980392157
0.9921568627450981
0.9058823529411765
0.5372549019607843
0.0980392156862745
0.0
0.0
0.0
0.0
0.0
0.0
0.0
0.0
0.0
0.0
0.0
0.0
0.0
0.0
0.0
0.0
0.0
0.0
0.0
0.2901960784313725
0.9176470588235295
0.9921568627450981
0.9921568627450981
0.9921568627450981
1.0
0.36078431372549025
0.0
0.0
0.0
0.0
0.0
0.0
0.0
0.0
0.0
0.0
0.0
0.0
0.0
0.0
0.0
0.0
0.0
0.0
0.0
0.0
0.0
0.0
0.06666666666666665
0.36078431372549025
0.36078431372549025
0.7686274509803921
0.7686274509803921
0.12941176470588234
0.0
0.0
0.0
0.0
0.0
0.0
0.0
0.0
0.0
0.0
0.0
0.0
0.0
0.0
0.0
0.0
0.0
0.0
0.0
0.0
0.0
0.0
0.0
0.0
0.0
0.0
0.0
0.0
0.0
0.0
0.0
0.0
0.0
0.0
0.0
0.0
0.0
0.0
0.0
0.0
0.0
0.0
0.0
0.0
0.0
0.0
0.0
0.0
0.0
0.0
0.0
0.0
0.0
0.0
0.0
0.0
0.0
0.0
0.0
0.0
0.0
0.0
0.0
0.0
0.0
0.0
0.0
0.0
0.0
0.0
0.0
0.0
0.0
0.0
0.0
0.0
0.0
0.0
0.0
0.0
0.0
0.0
0.0
0.0
0.0
0.0
0.0
0.0
0.0
0.0
0.0
0.0
0.0
0.0
0.0
0.0
0.0
0.0
0.0
0.0
0.0
0.0
0.0
0.0
0.0
0.0
0.0
0.0
0.0
0.0
0.0
0.0
0.0
0.0
0.0
0.0
0.0
0.0
0.0
0.0
0.0
0.0
0.0
0.0
0.0
0.0
0.0
0.0
0.0
0.0
0.0
0.0
0.0
0.0
0.0
0.0
0.0
0.0
0.0
0.0
0.0
0.0
0.0
0.0
0.0
0.0
0.0
0.0
0.0
0.0
0.0
0.0
0.0
0.0
0.0
0.0
0.0
0.0
0.0
0.0
0.0
0.0
0.0
0.0
0.0
0.0
0.0
0.0
0.0
0.0
0.0
0.0
0.0
0.0
0.0
0.0
0.0
0.0
0.0
0.0
0.0
0.0
0.0
0.0
0.0
0.0
0.0
0.0
0.0
0.0
0.0
0.0
0.0
0.0
0.0
0.0
0.0
0.0
0.0
0.0
0.0
0.0
0.0
