0.0
0.0
0.0
0.0
0.0
0.0
0.0
0.0
0.0
0.0
0.0
0.0
0.0
0.0
0.0
0.0
0.0
0.0
0.0
0.0
0.0
0.0
0.0
0.0
0.0
0.0
0.0
0.0
0.0
0.0
0.0
0.0
0.0
0.0
0.0
0.0
0.0
0.0
0.0
0.0
0.0
0.0
0.0
0.0
0.0
0.0
0.0
0.0
0.0
0.0
0.0
0.0
0.0
0.0
0.0
0.0
0.0
0.0
0.0
0.0
0.0
0.0
0.0
0.0
0.0
0.0
0.0
0.0
0.0
0.0
0.0
0.0
0.0
0.0
0.0
0.0
0.0
0.0
0.0
0.0
0.0
0.0
0.0
0.0
0.0
0.0
0.0
0.0
0.0
0.0
0.0
0.0
0.0
0.0
0.0
0.0
0.0
0.0
0.0
0.0
0.0
0.0
0.0
0.0
0.0
0.0
0.0
0.0
0.0
0.0
0.0
0.0
0.0
0.0
0.0
0.0
0.0
0.0
0.0
0.0
0.0
0.0
0.0
0.0
0.0
0.0
0.0
0.0
0.0
0.0
0.0
0.0
0.0
0.0
0.0
0.0
0.0
0.0
0.0
0.0
0.0
0.0
0.0
0.0
0.0
0.0
0.0
0.0
0.0
0.0
0.0
0.0
0.0
0.0
0.0
0.0
0.0
0.0
0.0
0.0
0.0
0.0
0.0
0.0
0.0
0.0
0.0
0.0
0.0
0.0
0.0
0.0
0.0
0.32156862745098036
0.6862745098039216
0.580392156862745
0.0
0.0
0.0
0.0
0.0
0.0
0.0
0.0
0.0
0.0
0.0
0.0
0.05490196078431375
0.4745098039215686
0.0
0.0
0.0
0.0
0.0
0.0
0.0
0.0
0.0
0.0
0.21568627450980393
0.9450980392156862
0.9843137254901961
0.8313725490196078
0.0
0.0
0.0
0.0
0.0
0.0
0.0
0.0
0.0
0.0
0.06274509803921569
0.6235294117647059
0.9176470588235295
0.6784313725490196
0.0
0.0
0.0
0.0
0.0
0.0
0.0
0.0
0.0
0.0
0.5215686274509803
0.9843137254901961
0.9843137254901961
0.8313725490196078
0.0
0.0
0.0
0.0
0.0
0.29803921568627456
0.29803921568627456
0.0
0.0
0.06274509803921569
0.611764705882353
0.9843137254901961
0.9529411764705882
0.41960784313725485
0.0
0.0
0.0
0.0
0.0
0.0
0.0
0.0
0.0
0.0
0.9921568627450981
0.9843137254901961
0.9843137254901961
0.8313725490196078
0.0
0.0
0.0
0.0
0.33333333333333337
0.8980392156862745
0.9019607843137255
0.3294117647058824
0.0
0.15294117647058825
0.9843137254901961
0.9843137254901961
0.9058823529411765
0.0
0.0
0.0
0.0
0.0
0.0
0.0
0.0
0.0
0.0
0.0
0.9921568627450981
0.9843137254901961
0.9843137254901961
0.8313725490196078
0.0
0.0
0.0
0.26274509803921564
0.9176470588235295
0.9843137254901961
0.9921568627450981
0.5254901960784314
0.0
0.02352941176470591
0.47058823529411764
0.9843137254901961
0.9725490196078431
0.5764705882352941
0.0
0.0
0.0
0.0
0.0
0.0
0.0
0.0
0.0
0.0
0.9921568627450981
0.9843137254901961
0.9843137254901961
0.8313725490196078
0.0
0.0
0.0
0.3058823529411765
0.9843137254901961
0.9843137254901961
0.9921568627450981
0.5254901960784314
0.0
0.0
0.2666666666666667
0.8666666666666667
0.9843137254901961
0.7725490196078432
0.14117647058823535
0.0
0.0
0.0
0.0
0.0
0.0
0.0
0.0
0.0
0.9921568627450981
0.9843137254901961
0.9843137254901961
0.8313725490196078
0.0
0.0
0.04313725490196074
0.6705882352941177
0.9843137254901961
0.9843137254901961
0.9921568627450981
0.5254901960784314
0.0
0.0
0.0
0.607843137254902
0.9843137254901961
0.9843137254901961
0.4509803921568627
0.0
0.0
0.0
0.0
0.0
0.0
0.0
0.0
0.0
0.403921568627451
0.9843137254901961
0.9843137254901961
0.8313725490196078
0.0
0.0
0.07843137254901966
0.9843137254901961
0.9843137254901961
0.9843137254901961
0.9921568627450981
0.5254901960784314
0.0
0.0
0.0
0.14117647058823535
0.8705882352941177
0.9843137254901961
0.8627450980392157
0.1725490196078432
0.0
0.0
0.0
0.0
0.0
0.0
0.0
0.0
0.2313725490196078
0.9921568627450981
0.9921568627450981
0.8705882352941177
0.14117647058823535
0.14509803921568631
0.8784313725490196
0.9921568627450981
0.9921568627450981
0.9921568627450981
1.0
0.6352941176470588
0.07058823529411762
0.0
0.0
0.0
0.8431372549019608
0.9921568627450981
0.9921568627450981
0.403921568627451
0.0
0.0
0.0
0.0
0.0
0.0
0.0
0.0
0.2313725490196078
0.9843137254901961
0.9843137254901961
0.9843137254901961
0.7803921568627451
0.7843137254901961
0.9843137254901961
0.9843137254901961
0.9843137254901961
0.9843137254901961
0.9921568627450981
0.9843137254901961
0.29803921568627456
0.0
0.0
0.0
0.4862745098039216
0.9843137254901961
0.9843137254901961
0.9843137254901961
0.0
0.0
0.0
0.0
0.0
0.0
0.0
0.0
0.2313725490196078
0.9843137254901961
0.9843137254901961
0.9843137254901961
0.9843137254901961
0.9843137254901961
0.9843137254901961
0.9843137254901961
0.9843137254901961
0.9843137254901961
0.9921568627450981
0.9843137254901961
0.29803921568627456
0.0
0.0
0.0
0.07843137254901966
0.9843137254901961
0.9843137254901961
0.9843137254901961
0.0
0.0
0.0
0.0
0.0
0.0
0.0
0.0
0.019607843137254943
0.07058823529411762
0.6
0.8313725490196078
0.8313725490196078
0.8313725490196078
0.7725490196078432
0.07058823529411762
0.07058823529411762
0.07058823529411762
0.9921568627450981
0.9843137254901961
0.40784313725490196
0.0117647058823529
0.0
0.0
0.07843137254901966
0.9843137254901961
0.9843137254901961
0.9843137254901961
0.0
0.0
0.0
0.0
0.0
0.0
0.0
0.0
0.0
0.0
0.0
0.0
0.0
0.0
0.0
0.0
0.0
0.0
0.6941176470588235
0.9843137254901961
0.9843137254901961
0.07058823529411762
0.0
0.0
0.07843137254901966
0.9843137254901961
0.9843137254901961
0.9843137254901961
0.0
0.0
0.0
0.0
0.0
0.0
0.0
0.0
0.0
0.0
0.0
0.0
0.0
0.0
0.0
0.0
0.0
0.0
0.2313725490196078
0.9843137254901961
0.9843137254901961
0.6352941176470588
0.3764705882352941
0.3803921568627451
0.6392156862745098
0.9843137254901961
0.9843137254901961
0.5098039215686274
0.0
0.0
0.0
0.0
0.0
0.0
0.0
0.0
0.0
0.0
0.0
0.0
0.0
0.0
0.0
0.0
0.0
0.0
0.03529411764705881
0.5019607843137255
0.9607843137254902
0.9843137254901961
0.9254901960784314
0.9294117647058824
0.9843137254901961
0.9843137254901961
0.5254901960784314
0.03529411764705881
0.0
0.0
0.0
0.0
0.0
0.0
0.0
0.0
0.0
0.0
0.0
0.0
0.0
0.0
0.0
0.0
0.0
0.0
0.0
0.0
0.4745098039215686
0.6784313725490196
0.6784313725490196
0.6784313725490196
0.6784313725490196
0.6784313725490196
0.3137254901960784
0.0
0.0
0.0
0.0
0.0
0.0
0.0
0.0
0.0
0.0
0.0
0.0
0.0
0.0
0.0
0.0
0.0
0.0
0.0
0.0
0.0
0.0
0.0
0.0
0.0
0.0
0.0
0.0
0.0
0.0
0.0
0.0
0.0
0.0
0.0
0.0
0.0
0.0
0.0
0.0
0.0
0.0
0.0
0.0
0.0
0.0
0.0
0.0
0.0
0.0
0.0
0.0
0.0
0.0
0.0
0.0
0.0
0.0
0.0
0.0
0.0
0.0
0.0
0.0
0.0
0.0
0.0
0.0
0.0
0.0
0.0
0.0
0.0
0.0
0.0
0.0
0.0
0.0
0.0
0.0
0.0
0.0
0.0
0.0
0.0
0.0
0.0
0.0
0.0
0.0
0.0
0.0
0.0
0.0
0.0
0.0
0.0
0.0
0.0
0.0
0.0
0.0
0.0
0.0
0.0
0.0
0.0
0.0
0.0
0.0
0.0
0.0
0.0
0.0
0.0
0.0
0.0
0.0
0.0
0.0
0.0
0.0
0.0
0.0
0.0
0.0
0.0
0.0
0.0
0.0
0.0
0.0
0.0
0.0
0.0
0.0
0.0
0.0
0.0
0.0
0.0
0.0
0.0
0.0
0.0
0.0
0.0
0.0
0.0
0.0
0.0
0.0
0.0
0.0
0.0
0.0
0.0
0.0
0.0
0.0
0.0
0.0
0.0
0.0
0.0
0.0
0.0
0.0
0.0
0.0
0.0
0.0
0.0
