0.0
0.0
0.0
0.0
0.0
0.0
0.0
0.0
0.0
0.0
0.0
0.0
0.0
0.0
0.0
0.0
0.0
0.0
0.0
0.0
0.0
0.0
0.0
0.0
0.0
0.0
0.0
0.0
0.0
0.0
0.0
0.0
0.0
0.0
0.0
0.0
0.0
0.0
0.0
0.0
0.0
0.0
0.0
0.0
0.0
0.0
0.0
0.0
0.0
0.0
0.0
0.0
0.0
0.0
0.0
0.0
0.0
0.0
0.0
0.0
0.0
0.0
0.0
0.0
0.0
0.0
0.0
0.0
0.0
0.0
0.0
0.0
0.0
0.0
0.0
0.0
0.0
0.0
0.0
0.0
0.0
0.0
0.0
0.0
0.0
0.0
0.0
0.0
0.0
0.0
0.0
0.0
0.0
0.0
0.0
0.0
0.0
0.0
0.0
0.0
0.0
0.0
0.0
0.0
0.0
0.0
0.0
0.0
0.0
0.0
0.0
0.0
0.0
0.0
0.0
0.0
0.0
0.0
0.0
0.0
0.0
0.0
0.0
0.0
0.0
0.0
0.0
0.0
0.0
0.0
0.0
0.0
0.0
0.0
0.0
0.0
0.0
0.0
0.0
0.0
0.0
0.0
0.0
0.0
0.0
0.0
0.0
0.0
0.0
0.0
0.0
0.0
0.0
0.0
0.0
0.0
0.0
0.0
0.0
0.0
0.23921568627450984
0.5098039215686274
0.02352941176470591
0.0
0.0
0.0
0.0
0.0
0.0
0.0
0.0
0.0
0.0
0.0
0.0
0.0
0.0
0.0
0.0
0.0
0.0
0.0
0.0
0.0
0.0
0.0
0.0
0.25098039215686274
0.9607843137254902
0.9921568627450981
0.7686274509803921
0.0
0.0
0.0
0.0
0.0
0.0
0.0
0.0
0.0
0.0
0.0
0.0
0.0
0.0
0.0
0.0
0.0
0.0
0.0
0.0
0.0
0.0
0.0
0.0
0.9019607843137255
0.9921568627450981
0.9921568627450981
0.9921568627450981
0.0
0.0
0.0
0.0
0.0
0.0
0.0
0.0
0.0
0.0
0.0
0.0
0.06274509803921569
0.0980392156862745
0.0980392156862745
0.0980392156862745
0.03137254901960784
0.0
0.0
0.0
0.0
0.0
0.0
0.2313725490196078
0.9568627450980393
0.9921568627450981
0.9921568627450981
0.9921568627450981
0.0
0.0
0.0
0.0
0.0
0.0
0.0
0.0
0.0
0.0
0.0
0.1215686274509804
0.8431372549019608
0.9921568627450981
0.9921568627450981
0.9921568627450981
0.2901960784313725
0.0
0.0
0.0
0.0
0.0
0.0
0.3921568627450981
0.9921568627450981
0.9921568627450981
0.9921568627450981
0.9921568627450981
0.0
0.0
0.0
0.0
0.0
0.0
0.0
0.0
0.0
0.0
0.1215686274509804
0.8431372549019608
0.9921568627450981
0.9725490196078431
0.8470588235294118
0.8470588235294118
0.24705882352941178
0.0
0.0
0.0
0.0
0.0
0.0
0.6980392156862745
0.9921568627450981
0.9921568627450981
0.9921568627450981
0.6823529411764706
0.0
0.0
0.0
0.0
0.0
0.0
0.0
0.0
0.0
0.11764705882352944
0.8470588235294118
0.9921568627450981
0.8274509803921568
0.2901960784313725
0.0
0.0
0.0
0.0
0.0
0.0
0.0
0.0
0.0
0.8745098039215686
0.9921568627450981
0.9921568627450981
0.9921568627450981
0.4274509803921569
0.0
0.0
0.0
0.0
0.0
0.0
0.0
0.0
0.3529411764705882
0.8509803921568627
0.9921568627450981
0.592156862745098
0.1215686274509804
0.0
0.0
0.0
0.0
0.0
0.0
0.0
0.0
0.0
0.2549019607843137
0.9568627450980393
0.9921568627450981
0.9921568627450981
0.9019607843137255
0.019607843137254943
0.0
0.0
0.0
0.0
0.0
0.0
0.0
0.0
0.8588235294117648
0.9921568627450981
0.8352941176470589
0.1215686274509804
0.0
0.0
0.0
0.0
0.0
0.0
0.0
0.0
0.0
0.0
0.3686274509803922
0.9921568627450981
0.9921568627450981
0.9921568627450981
0.4274509803921569
0.0
0.0
0.0
0.0
0.0
0.0
0.0
0.0
0.0
0.996078431372549
0.9803921568627451
0.3294117647058824
0.0
0.0
0.0
0.0
0.0
0.0
0.0
0.0
0.0
0.0
0.0
0.3686274509803922
0.9921568627450981
0.9921568627450981
0.6705882352941177
0.0117647058823529
0.0
0.0
0.0
0.0
0.0
0.0
0.0
0.0
0.0
0.996078431372549
0.9450980392156862
0.0
0.0
0.0
0.0
0.0
0.0
0.0
0.0
0.0
0.0
0.0
0.3921568627450981
0.8431372549019608
0.9921568627450981
0.9921568627450981
0.18823529411764706
0.0
0.0
0.0
0.0
0.0
0.0
0.0
0.0
0.0
0.0
0.996078431372549
0.9843137254901961
0.4862745098039216
0.0
0.0
0.0
0.0
0.0
0.0
0.0
0.0
0.0862745098039216
0.4509803921568627
0.9568627450980393
0.9921568627450981
0.9921568627450981
0.6666666666666667
0.015686274509803977
0.0
0.0
0.0
0.0
0.0
0.0
0.0
0.0
0.0
0.0
0.4509803921568627
0.9921568627450981
0.9450980392156862
0.28627450980392155
0.0
0.0
0.0
0.0
0.0
0.07843137254901966
0.4509803921568627
0.8588235294117648
0.9921568627450981
0.9921568627450981
0.9921568627450981
0.9921568627450981
0.18823529411764706
0.0
0.0
0.0
0.0
0.0
0.0
0.0
0.0
0.0
0.0
0.0
0.027450980392156876
0.9921568627450981
0.9921568627450981
0.9764705882352941
0.8274509803921568
0.8274509803921568
0.8274509803921568
0.8274509803921568
0.8274509803921568
0.8666666666666667
0.9921568627450981
0.9921568627450981
0.8862745098039215
0.4862745098039216
0.8745098039215686
0.9921568627450981
0.09411764705882353
0.0
0.0
0.0
0.0
0.0
0.0
0.0
0.0
0.0
0.0
0.0
0.0039215686274509665
0.40784313725490196
0.6549019607843137
0.9921568627450981
0.9921568627450981
0.9921568627450981
0.9921568627450981
0.9921568627450981
0.9921568627450981
0.9921568627450981
0.7137254901960784
0.6274509803921569
0.19215686274509802
0.0
0.8509803921568627
0.9921568627450981
0.09411764705882353
0.0
0.0
0.0
0.0
0.0
0.0
0.0
0.0
0.0
0.0
0.0
0.0
0.0
0.0117647058823529
0.1686274509803921
0.603921568627451
0.603921568627451
0.603921568627451
0.603921568627451
0.2588235294117647
0.11764705882352944
0.03137254901960784
0.0
0.0
0.0
0.8509803921568627
0.9921568627450981
0.09411764705882353
0.0
0.0
0.0
0.0
0.0
0.0
0.0
0.0
0.0
0.0
0.0
0.0
0.0
0.0
0.0
0.0
0.0
0.0
0.0
0.0
0.0
0.0
0.0
0.0
0.0
0.4117647058823529
0.9921568627450981
0.09411764705882353
0.0
0.0
0.0
0.0
0.0
0.0
0.0
0.0
0.0
0.0
0.0
0.0
0.0
0.0
0.0
0.0
0.0
0.0
0.0
0.0
0.0
0.0
0.0
0.0
0.0
0.3686274509803922
0.9921568627450981
0.09411764705882353
0.0
0.0
0.0
0.0
0.0
0.0
0.0
0.0
0.0
0.0
0.0
0.0
0.0
0.0
0.0
0.0
0.0
0.0
0.0
0.0
0.0
0.0
0.0
0.0
0.0
0.3686274509803922
0.6196078431372549
0.007843137254901933
0.0
0.0
0.0
0.0
0.0
0.0
0.0
0.0
0.0
0.0
0.0
0.0
0.0
0.0
0.0
0.0
0.0
0.0
0.0
0.0
0.0
0.0
0.0
0.0
0.0
0.007843137254901933
0.2549019607843137
0.0
0.0
0.0
0.0
0.0
0.0
0.0
0.0
0.0
0.0
0.0
0.0
0.0
0.0
0.0
0.0
0.0
0.0
0.0
0.0
0.0
0.0
0.0
0.0
0.0
0.0
0.0
0.0
0.0
0.0
0.0
0.0
0.0
0.0
0.0
0.0
0.0
0.0
0.0
0.0
0.0
0.0
0.0
0.0
0.0
0.0
0.0
0.0
0.0
0.0
0.0
0.0
0.0
0.0
0.0
0.0
0.0
0.0
0.0
0.0
0.0
0.0
0.0
0.0
0.0
0.0
0.0
0.0
0.0
0.0
0.0
0.0
0.0
0.0
0.0
0.0
0.0
0.0
0.0
0.0
0.0
0.0
0.0
0.0
0.0
0.0
0.0
0.0
0.0
0.0
0.0
0.0
0.0
