0.0
0.0
0.0
0.0
0.0
0.0
0.0
0.0
0.0
0.0
0.0
0.0
0.0
0.0
0.0
0.0
0.0
0.0
0.0
0.0
0.0
0.0
0.0
0.0
0.0
0.0
0.0
0.0
0.0
0.0
0.0
0.0
0.0
0.0
0.0
0.0
0.0
0.0
0.0
0.0
0.0
0.0
0.0
0.0
0.0
0.0
0.0
0.0
0.0
0.0
0.0
0.0
0.0
0.0
0.0
0.0
0.0
0.0
0.0
0.0
0.0
0.0
0.0
0.0
0.0
0.0
0.0
0.0
0.0
0.0
0.0
0.0
0.0
0.0
0.0
0.0
0.0
0.0
0.0
0.0
0.0
0.0
0.0
0.0
0.0
0.0
0.0
0.0
0.0
0.0
0.0
0.0
0.0
0.0
0.0
0.0
0.0
0.0
0.0
0.0
0.0
0.0
0.0
0.0
0.0
0.0
0.0
0.0
0.0
0.0
0.0
0.0
0.0
0.0
0.0
0.0
0.0
0.0
0.0
0.3764705882352941
0.6392156862745098
0.05490196078431375
0.0
0.0
0.0
0.0
0.0
0.0
0.0
0.0
0.0
0.0
0.0
0.0
0.0
0.0
0.0
0.0
0.0
0.0
0.0
0.0
0.0
0.0
0.0
0.0
0.1686274509803921
0.9176470588235294
0.9882352941176471
0.7137254901960784
0.0
0.0
0.0
0.0
0.0
0.0
0.0
0.0
0.0
0.41960784313725485
0.5019607843137255
0.4980392156862745
0.4666666666666667
0.027450980392156876
0.0
0.0
0.0
0.0
0.0
0.0
0.0
0.0
0.0
0.0
0.607843137254902
0.9882352941176471
0.9882352941176471
0.5764705882352941
0.0
0.0
0.0
0.0
0.0
0.0
0.0
0.0
0.27450980392156865
0.9372549019607843
0.9921568627450981
0.9882352941176471
0.9882352941176471
0.7686274509803921
0.1098039215686275
0.0
0.0
0.0
0.0
0.0
0.0
0.0
0.0
0.07058823529411762
0.8470588235294118
0.9882352941176471
0.9882352941176471
0.5764705882352941
0.0
0.0
0.0
0.0
0.0
0.0
0.0
0.21176470588235297
0.8
0.9882352941176471
0.6470588235294117
0.9882352941176471
0.9882352941176471
0.9882352941176471
0.5058823529411764
0.0
0.0
0.0
0.0
0.0
0.0
0.0
0.0
0.0980392156862745
0.8901960784313725
0.9921568627450981
0.9921568627450981
0.33725490196078434
0.0
0.0
0.0
0.0
0.0
0.0
0.0
0.7960784313725491
0.3137254901960784
0.0
0.0
0.33725490196078434
0.9921568627450981
0.9921568627450981
0.8196078431372549
0.0
0.0
0.0
0.0
0.0
0.0
0.0
0.0
0.1686274509803921
0.9882352941176471
0.9882352941176471
0.9882352941176471
0.16470588235294115
0.0
0.0
0.0
0.0
0.0
0.0
0.14117647058823535
0.13725490196078427
0.0
0.0
0.0
0.22352941176470587
0.9647058823529412
0.9882352941176471
0.9882352941176471
0.0
0.0
0.0
0.0
0.0
0.0
0.0
0.0
0.3764705882352941
0.9882352941176471
0.9882352941176471
0.9882352941176471
0.16470588235294115
0.0
0.0
0.0
0.0
0.03529411764705881
0.07058823529411762
0.0
0.0
0.0
0.0
0.0
0.1686274509803921
0.9490196078431372
0.9882352941176471
0.9568627450980393
0.0
0.0
0.0
0.0
0.0
0.0
0.0
0.0
0.580392156862745
0.9882352941176471
0.9882352941176471
0.9882352941176471
0.16470588235294115
0.0
0.0
0.0
0.0
0.5176470588235293
0.9372549019607843
0.5215686274509803
0.12549019607843137
0.0
0.0
0.0
0.33333333333333337
0.9882352941176471
0.9882352941176471
0.5764705882352941
0.0
0.0
0.0
0.0
0.0
0.0
0.0
0.0
0.580392156862745
0.9882352941176471
0.9882352941176471
0.7803921568627451
0.027450980392156876
0.0
0.0
0.0
0.0
0.8274509803921568
0.9921568627450981
0.9882352941176471
0.49411764705882355
0.0
0.0
0.0
0.33333333333333337
0.9882352941176471
0.9882352941176471
0.5764705882352941
0.0
0.0
0.0
0.0
0.0
0.0
0.0
0.0
0.8235294117647058
0.9921568627450981
0.9921568627450981
0.6745098039215687
0.0
0.0
0.0
0.0
0.32156862745098036
0.9921568627450981
1.0
0.9921568627450981
0.4980392156862745
0.0
0.0
0.0
0.5725490196078431
0.9921568627450981
0.9921568627450981
0.16470588235294115
0.0
0.0
0.0
0.0
0.0
0.0
0.0
0.0
0.9921568627450981
0.9882352941176471
0.9882352941176471
0.6392156862745098
0.0
0.0
0.0
0.20392156862745103
0.9098039215686274
0.9882352941176471
0.9921568627450981
0.9882352941176471
0.1843137254901961
0.0
0.0
0.05882352941176472
0.8274509803921568
0.9882352941176471
0.9882352941176471
0.16470588235294115
0.0
0.0
0.0
0.0
0.0
0.0
0.0
0.0
0.9921568627450981
0.9882352941176471
0.9882352941176471
0.7411764705882353
0.0
0.0
0.20392156862745103
0.9176470588235294
0.9882352941176471
0.9882352941176471
0.9921568627450981
0.8235294117647058
0.04313725490196074
0.0
0.0
0.3764705882352941
0.9882352941176471
0.9882352941176471
0.8666666666666667
0.08235294117647063
0.0
0.0
0.0
0.0
0.0
0.0
0.0
0.0
0.9921568627450981
0.9882352941176471
0.9882352941176471
0.9058823529411765
0.3176470588235294
0.32156862745098036
0.9098039215686274
0.9882352941176471
0.9882352941176471
0.9882352941176471
0.9529411764705882
0.32156862745098036
0.0
0.0
0.21176470588235297
0.8549019607843137
0.9882352941176471
0.9882352941176471
0.4666666666666667
0.0
0.0
0.0
0.0
0.0
0.0
0.0
0.0
0.0
0.9921568627450981
0.9882352941176471
0.9882352941176471
0.9882352941176471
0.9882352941176471
0.9921568627450981
0.9882352941176471
0.9882352941176471
0.9882352941176471
0.9882352941176471
0.8274509803921568
0.0
0.0
0.38431372549019605
0.9647058823529412
0.9921568627450981
0.9882352941176471
0.7450980392156863
0.05490196078431375
0.0
0.0
0.0
0.0
0.0
0.0
0.0
0.0
0.0
0.580392156862745
0.9921568627450981
0.9921568627450981
0.9921568627450981
0.9921568627450981
0.996078431372549
0.9921568627450981
0.9921568627450981
0.9921568627450981
0.9921568627450981
1.0
0.8196078431372549
0.9921568627450981
0.9921568627450981
0.9921568627450981
1.0
0.9921568627450981
0.2549019607843137
0.0
0.0
0.0
0.0
0.0
0.0
0.0
0.0
0.0
0.0
0.2705882352941177
0.9882352941176471
0.9882352941176471
0.9882352941176471
0.9882352941176471
0.9921568627450981
0.8784313725490196
0.8235294117647058
0.9882352941176471
0.9882352941176471
0.9921568627450981
0.9882352941176471
0.9882352941176471
0.9882352941176471
0.9882352941176471
0.9372549019607843
0.34901960784313724
0.019607843137254943
0.0
0.0
0.0
0.0
0.0
0.0
0.0
0.0
0.0
0.0
0.015686274509803977
0.3921568627450981
0.49411764705882355
0.596078431372549
0.5607843137254902
0.4274509803921569
0.05490196078431375
0.07450980392156858
0.596078431372549
0.9058823529411765
0.9921568627450981
0.9882352941176471
0.9490196078431372
0.6274509803921569
0.49411764705882355
0.06666666666666665
0.0
0.0
0.0
0.0
0.0
0.0
0.0
0.0
0.0
0.0
0.0
0.0
0.0
0.0
0.0
0.0
0.0
0.0
0.0
0.0
0.0
0.0
0.3294117647058824
0.3294117647058824
0.16470588235294115
0.0
0.0
0.0
0.0
0.0
0.0
0.0
0.0
0.0
0.0
0.0
0.0
0.0
0.0
0.0
0.0
0.0
0.0
0.0
0.0
0.0
0.0
0.0
0.0
0.0
0.0
0.0
0.0
0.0
0.0
0.0
0.0
0.0
0.0
0.0
0.0
0.0
0.0
0.0
0.0
0.0
0.0
0.0
0.0
0.0
0.0
0.0
0.0
0.0
0.0
0.0
0.0
0.0
0.0
0.0
0.0
0.0
0.0
0.0
0.0
0.0
0.0
0.0
0.0
0.0
0.0
0.0
0.0
0.0
0.0
0.0
0.0
0.0
0.0
0.0
0.0
0.0
0.0
0.0
0.0
0.0
0.0
0.0
0.0
0.0
0.0
0.0
0.0
0.0
0.0
0.0
0.0
0.0
0.0
0.0
0.0
0.0
0.0
0.0
0.0
0.0
0.0
0.0
0.0
0.0
0.0
0.0
0.0
0.0
0.0
0.0
0.0
0.0
0.0
0.0
0.0
0.0
0.0
0.0
0.0
0.0
0.0
0.0
0.0
0.0
0.0
0.0
0.0
0.0
0.0
0.0
0.0
0.0
0.0
0.0
0.0
0.0
0.0
0.0
0.0
0.0
0.0
0.0
0.0
0.0
0.0
0.0
0.0
0.0
0.0
0.0
0.0
0.0
0.0
0.0
0.0
0.0
0.0
0.0
0.0
0.0
0.0
0.0
0.0
0.0
0.0
0.0
0.0
0.0
0.0
0.0
0.0
0.0
0.0
0.0
0.0
0.0
0.0
