0.0
0.0
0.0
0.0
0.0
0.0
0.0
0.0
0.0
0.0
0.0
0.0
0.0
0.0
0.0
0.0
0.0
0.0
0.0
0.0
0.0
0.0
0.0
0.0
0.0
0.0
0.0
0.0
0.0
0.0
0.0
0.0
0.0
0.0
0.0
0.0
0.0
0.0
0.0
0.0
0.0
0.0
0.0
0.0
0.0
0.0
0.0
0.0
0.0
0.0
0.0
0.0
0.0
0.0
0.0
0.0
0.0
0.0
0.0
0.0
0.0
0.0
0.0
0.0
0.0
0.0
0.0
0.0
0.0
0.0
0.0
0.0
0.0
0.0
0.0
0.0
0.0
0.0
0.0
0.0
0.0
0.0
0.0
0.0
0.0
0.0
0.0
0.0
0.0
0.0
0.0
0.0
0.0
0.0
0.0
0.0
0.0
0.0
0.0
0.0
0.0
0.0
0.0
0.0
0.0
0.0
0.0
0.0
0.0
0.0
0.0
0.0
0.0
0.0
0.0
0.0
0.0
0.0
0.0
0.0
0.0
0.0
0.0
0.0
0.0
0.0
0.0
0.16470588235294115
0.28627450980392155
0.28627450980392155
0.28627450980392155
0.28627450980392155
0.1215686274509804
0.0
0.0
0.0
0.0
0.0
0.0
0.0
0.0
0.0
0.0
0.0
0.0
0.0
0.0
0.0
0.0
0.0
0.0
0.0
0.0
0.0
0.5686274509803921
0.807843137254902
0.9843137254901961
0.9843137254901961
0.9843137254901961
0.9921568627450981
0.41960784313725485
0.0
0.0
0.0
0.0
0.0
0.0
0.0
0.0
0.0
0.0
0.0
0.0
0.0
0.0
0.0
0.0
0.0
0.0
0.02352941176470591
0.4509803921568627
0.8509803921568627
0.9921568627450981
0.9843137254901961
0.9843137254901961
0.9843137254901961
0.9843137254901961
0.9921568627450981
0.9058823529411765
0.8509803921568627
0.8509803921568627
0.23921568627450984
0.0
0.0
0.0
0.0
0.0
0.0
0.0
0.0
0.0
0.0
0.0
0.0
0.0
0.0
0.24705882352941178
0.5058823529411764
0.9843137254901961
0.9843137254901961
0.9921568627450981
0.9843137254901961
0.9843137254901961
0.9843137254901961
0.9843137254901961
0.9921568627450981
0.9843137254901961
0.9843137254901961
0.9843137254901961
0.2784313725490196
0.0
0.0
0.0
0.0
0.0
0.0
0.0
0.0
0.0
0.0
0.0
0.0
0.0
0.207843137254902
0.8666666666666667
0.9843137254901961
0.9843137254901961
0.9843137254901961
0.788235294117647
0.2784313725490196
0.2784313725490196
0.2784313725490196
0.2784313725490196
0.2823529411764706
0.6823529411764706
0.9843137254901961
0.9843137254901961
0.7843137254901961
0.0
0.0
0.0
0.0
0.0
0.0
0.0
0.0
0.0
0.0
0.0
0.0
0.207843137254902
1.0
0.9921568627450981
0.9921568627450981
0.5607843137254902
0.0
0.0
0.0
0.0
0.0
0.0
0.0
0.5686274509803921
0.9921568627450981
0.9921568627450981
0.9921568627450981
0.0
0.0
0.0
0.0
0.0
0.0
0.0
0.0
0.0
0.0
0.08235294117647063
0.5647058823529412
0.8666666666666667
0.9921568627450981
0.9843137254901961
0.4980392156862745
0.23921568627450984
0.0
0.0
0.0
0.0
0.0
0.0
0.0
0.2431372549019608
0.9058823529411765
0.9843137254901961
0.9843137254901961
0.0
0.0
0.0
0.0
0.0
0.0
0.0
0.0
0.0
0.0
0.14509803921568631
0.9843137254901961
0.9843137254901961
0.9921568627450981
0.9019607843137255
0.11764705882352944
0.0
0.0
0.0
0.0
0.0
0.0
0.0
0.0
0.0
0.8509803921568627
0.9843137254901961
0.4784313725490196
0.0
0.0
0.0
0.0
0.0
0.0
0.0
0.0
0.0
0.0
0.4509803921568627
0.9843137254901961
0.9843137254901961
0.8666666666666667
0.23921568627450984
0.0
0.0
0.0
0.0
0.0
0.0
0.0
0.0
0.0
0.0
0.8509803921568627
0.9843137254901961
0.9843137254901961
0.0
0.0
0.0
0.0
0.0
0.0
0.0
0.0
0.0
0.0
0.8509803921568627
0.9843137254901961
0.9843137254901961
0.7058823529411764
0.0
0.0
0.0
0.0
0.0
0.0
0.0
0.0
0.0
0.0
0.0
0.8509803921568627
0.9843137254901961
0.9843137254901961
0.0
0.0
0.0
0.0
0.0
0.0
0.0
0.0
0.0
0.16470588235294115
0.8941176470588235
0.9921568627450981
0.9921568627450981
0.7137254901960784
0.0
0.0
0.0
0.0
0.0
0.0
0.0
0.0
0.0
0.0
0.5686274509803921
0.9921568627450981
0.9921568627450981
0.788235294117647
0.0
0.0
0.0
0.0
0.0
0.0
0.0
0.0
0.16470588235294115
0.807843137254902
0.9843137254901961
0.9843137254901961
0.9843137254901961
0.8705882352941177
0.2431372549019608
0.0
0.0
0.0
0.0
0.0
0.0
0.0
0.0
0.0
0.5647058823529412
0.9843137254901961
0.9843137254901961
0.2784313725490196
0.0
0.0
0.0
0.0
0.0
0.0
0.0
0.0
0.8941176470588235
0.9843137254901961
0.9843137254901961
0.9843137254901961
0.9843137254901961
0.9921568627450981
0.9058823529411765
0.8509803921568627
0.8509803921568627
0.23921568627450984
0.0
0.0
0.0
0.0
0.0
0.04313725490196074
0.6274509803921569
0.9843137254901961
0.9215686274509804
0.23921568627450984
0.0
0.0
0.0
0.0
0.0
0.0
0.0
0.0
0.9921568627450981
0.9843137254901961
0.9843137254901961
0.9843137254901961
0.9843137254901961
0.9921568627450981
0.9843137254901961
0.9843137254901961
0.9843137254901961
0.2784313725490196
0.0
0.0
0.0
0.0
0.0
0.5882352941176471
0.9843137254901961
0.9843137254901961
0.5568627450980392
0.0
0.0
0.0
0.0
0.0
0.0
0.0
0.0
0.0
0.9921568627450981
0.9843137254901961
0.9843137254901961
0.9843137254901961
0.9843137254901961
0.9921568627450981
0.9843137254901961
0.9843137254901961
0.9843137254901961
0.2784313725490196
0.0
0.0
0.0
0.30980392156862746
0.7058823529411764
0.9921568627450981
0.9843137254901961
0.9843137254901961
0.5568627450980392
0.0
0.0
0.0
0.0
0.0
0.0
0.0
0.0
0.0
0.207843137254902
0.8705882352941177
0.9921568627450981
0.9921568627450981
0.9921568627450981
1.0
0.9921568627450981
0.9921568627450981
0.9921568627450981
0.9921568627450981
1.0
0.9921568627450981
0.9921568627450981
0.9921568627450981
0.9921568627450981
1.0
0.9921568627450981
0.6431372549019607
0.0
0.0
0.0
0.0
0.0
0.0
0.0
0.0
0.0
0.0
0.0
0.2431372549019608
0.41960784313725485
0.41960784313725485
0.8235294117647058
0.9921568627450981
0.9843137254901961
0.9843137254901961
0.9843137254901961
0.9843137254901961
0.9921568627450981
0.9843137254901961
0.9843137254901961
0.9843137254901961
0.9843137254901961
0.9921568627450981
0.6588235294117647
0.05882352941176472
0.0
0.0
0.0
0.0
0.0
0.0
0.0
0.0
0.0
0.0
0.0
0.0
0.0
0.0
0.0980392156862745
0.13725490196078427
0.5411764705882354
0.8627450980392157
0.9843137254901961
0.9843137254901961
0.9921568627450981
0.9843137254901961
0.9843137254901961
0.9215686274509804
0.8431372549019608
0.13725490196078427
0.05882352941176472
0.0
0.0
0.0
0.0
0.0
0.0
0.0
0.0
0.0
0.0
0.0
0.0
0.0
0.0
0.0
0.0
0.0
0.0
0.08235294117647063
0.5568627450980392
0.5568627450980392
0.5607843137254902
0.5568627450980392
0.5568627450980392
0.32156862745098036
0.0
0.0
0.0
0.0
0.0
0.0
0.0
0.0
0.0
0.0
0.0
0.0
0.0
0.0
0.0
0.0
0.0
0.0
0.0
0.0
0.0
0.0
0.0
0.0
0.0
0.0
0.0
0.0
0.0
0.0
0.0
0.0
0.0
0.0
0.0
0.0
0.0
0.0
0.0
0.0
0.0
0.0
0.0
0.0
0.0
0.0
0.0
0.0
0.0
0.0
0.0
0.0
0.0
0.0
0.0
0.0
0.0
0.0
0.0
0.0
0.0
0.0
0.0
0.0
0.0
0.0
0.0
0.0
0.0
0.0
0.0
0.0
0.0
0.0
0.0
0.0
0.0
0.0
0.0
0.0
0.0
0.0
0.0
0.0
0.0
0.0
0.0
0.0
0.0
0.0
0.0
0.0
0.0
0.0
0.0
0.0
0.0
0.0
0.0
0.0
0.0
0.0
0.0
0.0
0.0
0.0
0.0
0.0
0.0
0.0
0.0
0.0
0.0
0.0
0.0
0.0
0.0
0.0
0.0
0.0
0.0
0.0
0.0
0.0
0.0
0.0
0.0
0.0
0.0
0.0
0.0
0.0
0.0
0.0
0.0
0.0
0.0
0.0
0.0
0.0
0.0
0.0
0.0
0.0
0.0
0.0
0.0
0.0
0.0
0.0
