0.0
0.0
0.0
0.0
0.0
0.0
0.0
0.0
0.0
0.0
0.0
0.0
0.0
0.0
0.0
0.0
0.0
0.0
0.0
0.0
0.0
0.0
0.0
0.0
0.0
0.0
0.0
0.0
0.0
0.0
0.0
0.0
0.0
0.0
0.0
0.0
0.0
0.0
0.0
0.0
0.0
0.0
0.0
0.0
0.0
0.0
0.0
0.0
0.0
0.0
0.0
0.0
0.0
0.0
0.0
0.0
0.0
0.0
0.0
0.0
0.0
0.0
0.0
0.0
0.0
0.0
0.0
0.0
0.0
0.0
0.0
0.0
0.0
0.0
0.0
0.0
0.0
0.0
0.0
0.0
0.0
0.0
0.0
0.0
0.0
0.0
0.0
0.0
0.0
0.0
0.0
0.0
0.0
0.0
0.0
0.0
0.0
0.0
0.0
0.0
0.0
0.0
0.0
0.0
0.0
0.0
0.0
0.0
0.0
0.0
0.0
0.0
0.0
0.0
0.0
0.0
0.0
0.0
0.0
0.0
0.0
0.0
0.0
0.0
0.0
0.0
0.35686274509803917
0.4627450980392157
0.24705882352941178
0.0
0.0
0.0
0.0
0.0
0.0
0.0
0.0
0.0
0.0
0.0
0.0
0.0
0.0
0.0
0.0
0.0
0.0
0.0
0.0
0.0
0.0
0.0
0.0
0.3764705882352941
0.9176470588235295
0.9921568627450981
0.8431372549019608
0.207843137254902
0.0
0.0
0.0
0.0
0.0
0.0
0.0
0.0
0.0
0.0
0.0
0.0
0.0
0.0
0.0
0.0
0.0
0.0
0.0
0.06274509803921569
0.15294117647058825
0.21568627450980393
0.9137254901960784
0.9529411764705882
0.9843137254901961
0.9921568627450981
0.9843137254901961
0.29803921568627456
0.0
0.0
0.0
0.0
0.0
0.0
0.0
0.0
0.0
0.0
0.0
0.0
0.0
0.0
0.0
0.0
0.18039215686274512
0.38431372549019605
0.38431372549019605
0.611764705882353
0.9843137254901961
0.9843137254901961
0.9843137254901961
0.9843137254901961
0.9843137254901961
0.9921568627450981
0.9843137254901961
0.29803921568627456
0.0
0.0
0.0
0.0
0.0
0.0
0.0
0.0
0.0
0.0
0.0
0.0
0.0
0.0
0.0
0.14509803921568631
0.7843137254901961
0.9843137254901961
0.9843137254901961
0.9843137254901961
0.9843137254901961
0.9843137254901961
0.9843137254901961
0.9843137254901961
0.9843137254901961
0.9921568627450981
0.9843137254901961
0.29803921568627456
0.0
0.0
0.0
0.0
0.0
0.0
0.0
0.0
0.0
0.0
0.0
0.0
0.0
0.0
0.0
0.21176470588235297
0.9411764705882353
0.9843137254901961
0.9098039215686274
0.9058823529411765
0.9058823529411765
0.8470588235294118
0.40784313725490196
0.9843137254901961
0.9843137254901961
0.9921568627450981
0.592156862745098
0.04705882352941182
0.0
0.0
0.0
0.0
0.0
0.0
0.0
0.0
0.0
0.0
0.0
0.0
0.0
0.0
0.0
0.0
0.3176470588235294
0.6784313725490196
0.050980392156862786
0.0
0.0
0.0
0.3058823529411765
0.9843137254901961
0.9843137254901961
0.9921568627450981
0.5254901960784314
0.0
0.0
0.0
0.0
0.0
0.0
0.0
0.0
0.0
0.0
0.0
0.0
0.0
0.0
0.0
0.0
0.0
0.0
0.0
0.0
0.0
0.0
0.0
0.3058823529411765
0.9843137254901961
0.9843137254901961
0.9921568627450981
0.5254901960784314
0.0
0.0
0.0
0.0
0.0
0.0
0.0
0.0
0.0
0.0
0.0
0.0
0.0
0.0
0.0
0.0
0.0
0.0
0.0
0.0
0.0
0.0
0.0
0.07058823529411762
0.6352941176470588
0.9843137254901961
0.9921568627450981
0.5254901960784314
0.0
0.0
0.0
0.0
0.0
0.0
0.0
0.0
0.0
0.0
0.0
0.0
0.0
0.0
0.0
0.0
0.0
0.0
0.0
0.0
0.0
0.0
0.0
0.0
0.5372549019607843
0.9921568627450981
1.0
0.5294117647058824
0.0
0.0
0.0
0.0
0.0
0.0
0.0
0.0
0.0
0.0
0.0
0.0
0.0
0.0
0.0
0.0
0.0
0.0
0.0
0.0
0.0
0.0
0.0
0.0
0.5333333333333333
0.9843137254901961
0.9921568627450981
0.5254901960784314
0.0
0.0
0.0
0.0
0.0
0.0
0.0
0.0
0.0
0.0
0.0
0.0
0.0
0.0
0.0
0.0
0.16078431372549018
0.6862745098039216
0.207843137254902
0.0
0.0
0.0
0.0
0.0
0.5333333333333333
0.9843137254901961
0.8313725490196078
0.16078431372549018
0.0
0.0
0.0
0.0
0.0
0.0
0.0
0.0
0.0
0.0
0.0
0.0
0.0
0.0
0.0
0.0
0.9372549019607843
0.9843137254901961
0.9333333333333333
0.9137254901960784
0.9137254901960784
0.9137254901960784
0.9137254901960784
0.9137254901960784
0.9529411764705882
0.9843137254901961
0.9725490196078431
0.4901960784313726
0.0
0.0
0.0
0.0980392156862745
0.15294117647058825
0.15294117647058825
0.07058823529411762
0.0
0.0
0.0
0.0
0.0
0.0
0.0
0.0
0.0
0.603921568627451
0.7803921568627451
0.9843137254901961
0.9843137254901961
0.9843137254901961
0.9843137254901961
0.9843137254901961
0.9843137254901961
0.9843137254901961
0.9843137254901961
0.9921568627450981
0.7019607843137254
0.38431372549019605
0.38431372549019605
0.38431372549019605
0.7529411764705882
0.9843137254901961
0.9843137254901961
0.6549019607843137
0.38431372549019605
0.0
0.0
0.0
0.0
0.0
0.0
0.0
0.0
0.0
0.17647058823529416
0.8
0.9843137254901961
0.9843137254901961
0.9843137254901961
0.9843137254901961
0.9843137254901961
0.9843137254901961
0.9843137254901961
0.9921568627450981
0.9843137254901961
0.9843137254901961
0.9843137254901961
0.9843137254901961
0.9843137254901961
0.9843137254901961
0.9843137254901961
0.9843137254901961
0.9843137254901961
0.0
0.0
0.0
0.0
0.0
0.0
0.0
0.0
0.0
0.0
0.10196078431372546
0.14509803921568631
0.14509803921568631
0.615686274509804
0.9058823529411765
0.9058823529411765
0.9058823529411765
0.9647058823529412
0.9921568627450981
0.9843137254901961
0.9843137254901961
0.9843137254901961
0.9843137254901961
0.9843137254901961
0.9764705882352941
0.9058823529411765
0.9058823529411765
0.3176470588235294
0.0
0.0
0.0
0.0
0.0
0.0
0.0
0.0
0.0
0.0
0.0
0.0
0.0
0.0
0.0
0.0
0.0
0.7607843137254902
0.9176470588235295
0.6784313725490196
0.6784313725490196
0.9607843137254902
0.8627450980392157
0.6784313725490196
0.6235294117647059
0.0
0.0
0.0
0.0
0.0
0.0
0.0
0.0
0.0
0.0
0.0
0.0
0.0
0.0
0.0
0.0
0.0
0.0
0.0
0.0
0.3529411764705882
0.3529411764705882
0.0
0.0
0.41960784313725485
0.2784313725490196
0.0
0.0
0.0
0.0
0.0
0.0
0.0
0.0
0.0
0.0
0.0
0.0
0.0
0.0
0.0
0.0
0.0
0.0
0.0
0.0
0.0
0.0
0.0
0.0
0.0
0.0
0.0
0.0
0.0
0.0
0.0
0.0
0.0
0.0
0.0
0.0
0.0
0.0
0.0
0.0
0.0
0.0
0.0
0.0
0.0
0.0
0.0
0.0
0.0
0.0
0.0
0.0
0.0
0.0
0.0
0.0
0.0
0.0
0.0
0.0
0.0
0.0
0.0
0.0
0.0
0.0
0.0
0.0
0.0
0.0
0.0
0.0
0.0
0.0
0.0
0.0
0.0
0.0
0.0
0.0
0.0
0.0
0.0
0.0
0.0
0.0
0.0
0.0
0.0
0.0
0.0
0.0
0.0
0.0
0.0
0.0
0.0
0.0
0.0
0.0
0.0
0.0
0.0
0.0
0.0
0.0
0.0
0.0
0.0
0.0
0.0
0.0
0.0
0.0
0.0
0.0
0.0
0.0
0.0
0.0
0.0
0.0
0.0
0.0
0.0
0.0
0.0
0.0
0.0
0.0
0.0
0.0
0.0
0.0
0.0
0.0
0.0
0.0
0.0
0.0
0.0
0.0
0.0
0.0
0.0
0.0
0.0
0.0
0.0
0.0
0.0
0.0
0.0
0.0
0.0
0.0
0.0
0.0
0.0
0.0
0.0
0.0
0.0
0.0
0.0
0.0
0.0
0.0
0.0
0.0
0.0
0.0
0.0
0.0
0.0
0.0
