0.0
0.0
0.0
0.0
0.0
0.0
0.0
0.0
0.0
0.0
0.0
0.0
0.0
0.0
0.0
0.0
0.0
0.0
0.0
0.0
0.0
0.0
0.0
0.0
0.0
0.0
0.0
0.0
0.0
0.0
0.0
0.0
0.0
0.0
0.0
0.0
0.0
0.0
0.0
0.0
0.0
0.0
0.0
0.0
0.0
0.0
0.0
0.0
0.0
0.0
0.0
0.0
0.0
0.0
0.0
0.0
0.0
0.0
0.0
0.0
0.0
0.0
0.0
0.0
0.0
0.0
0.0
0.0
0.0
0.0
0.0
0.0
0.0
0.0
0.0
0.0
0.0
0.0
0.0
0.0
0.0
0.0
0.0
0.0
0.0
0.0
0.0
0.0
0.0
0.0
0.0
0.0
0.0
0.0
0.0
0.0
0.0
0.0
0.0
0.0
0.0
0.0
0.0
0.0
0.0
0.0
0.0
0.0
0.0
0.0
0.0
0.0
0.0
0.0
0.0
0.0
0.0
0.0
0.0
0.0
0.0
0.0
0.0
0.0
0.0
0.0
0.0
0.0
0.0
0.0
0.0
0.0
0.0
0.0
0.0
0.0
0.0
0.0
0.0
0.0
0.0
0.0
0.0
0.0
0.0
0.0
0.0
0.0
0.0
0.0
0.0
0.0
0.0
0.0
0.0
0.0
0.0
0.0
0.0
0.0
0.0
0.0
0.0
0.0
0.0
0.0
0.0
0.0
0.0
0.0
0.0
0.0
0.0
0.0
0.07843137254901966
0.4980392156862745
0.4980392156862745
0.0
0.0
0.0
0.0
0.0
0.0
0.0
0.0
0.0
0.0
0.0
0.0
0.0
0.0
0.0
0.0
0.0
0.0
0.0
0.0
0.0
0.0
0.0
0.0
0.0862745098039216
0.792156862745098
0.9882352941176471
0.8862745098039215
0.0
0.0
0.0
0.0
0.0
0.0
0.0
0.0
0.0
0.0
0.0
0.0
0.0
0.0
0.0
0.0
0.0
0.0
0.0
0.0
0.0
0.0
0.0
0.0
0.6784313725490196
0.9882352941176471
0.9882352941176471
0.2313725490196078
0.0
0.0
0.0
0.0
0.0
0.0
0.14117647058823535
0.4509803921568627
0.8274509803921568
0.8274509803921568
0.5882352941176471
0.10588235294117643
0.0
0.0
0.0
0.0
0.0
0.0
0.0
0.0
0.0
0.0
0.0
0.1686274509803921
0.9921568627450981
0.9921568627450981
0.5019607843137255
0.0
0.0
0.0
0.0
0.0
0.0
0.1686274509803921
0.8901960784313725
0.9921568627450981
0.8823529411764706
0.6549019607843137
0.9294117647058824
0.9921568627450981
0.7490196078431373
0.05490196078431375
0.0
0.0
0.0
0.0
0.0
0.0
0.0
0.0
0.0
0.1686274509803921
0.9882352941176471
0.9254901960784314
0.08235294117647063
0.0
0.0
0.0
0.0
0.0
0.0
0.7176470588235294
0.9882352941176471
0.4784313725490196
0.08235294117647063
0.0
0.14509803921568631
0.6666666666666667
0.9882352941176471
0.8274509803921568
0.26274509803921564
0.0
0.0
0.0
0.0
0.0
0.0
0.0
0.0
0.5450980392156863
0.9882352941176471
0.9058823529411765
0.0
0.0
0.0
0.0
0.0
0.0
0.21176470588235297
0.9921568627450981
0.9607843137254902
0.07450980392156858
0.0
0.0
0.0
0.027450980392156876
0.7098039215686274
0.9882352941176471
0.5764705882352941
0.0
0.0
0.0
0.0
0.0
0.0
0.0
0.0
0.580392156862745
0.9882352941176471
0.803921568627451
0.0
0.0
0.0
0.0
0.0
0.0
0.4156862745098039
0.9921568627450981
0.7411764705882353
0.02352941176470591
0.0
0.0
0.0
0.0
0.22352941176470587
0.9882352941176471
0.8509803921568627
0.0
0.0
0.0
0.0
0.0
0.0
0.0
0.0
0.580392156862745
0.9882352941176471
0.49411764705882355
0.0
0.0
0.0
0.0
0.0
0.0
0.4156862745098039
0.9921568627450981
0.9882352941176471
0.08235294117647063
0.0
0.0
0.0
0.0
0.0862745098039216
0.9882352941176471
0.9882352941176471
0.0
0.0
0.0
0.0
0.0
0.0
0.0
0.0
0.996078431372549
0.9921568627450981
0.4980392156862745
0.0
0.0
0.0
0.0
0.0
0.0
0.17647058823529416
1.0
0.9921568627450981
0.5647058823529412
0.0
0.0
0.0
0.0
0.3294117647058824
0.9921568627450981
0.7490196078431373
0.0
0.0
0.0
0.0
0.0
0.0
0.0
0.0
0.6823529411764706
0.9882352941176471
0.803921568627451
0.0
0.0
0.0
0.0
0.0
0.0
0.0
0.5411764705882354
0.9882352941176471
0.9686274509803922
0.6392156862745098
0.05490196078431375
0.0
0.3921568627450981
0.8666666666666667
0.9058823529411765
0.21176470588235297
0.0
0.0
0.0
0.0
0.0
0.0
0.0
0.0
0.3764705882352941
0.9882352941176471
0.9490196078431372
0.39607843137254906
0.015686274509803977
0.0
0.0
0.0
0.0
0.0
0.0862745098039216
0.8313725490196078
0.9882352941176471
0.9882352941176471
0.5764705882352941
0.5686274509803921
0.9686274509803922
0.9137254901960784
0.19999999999999996
0.0
0.0
0.0
0.0
0.0
0.0
0.0
0.0
0.0
0.05490196078431375
0.7215686274509804
0.9882352941176471
0.9882352941176471
0.5411764705882354
0.25098039215686274
0.06274509803921569
0.0
0.0
0.0
0.0
0.25098039215686274
0.9686274509803922
0.9882352941176471
0.9882352941176471
0.9921568627450981
0.9058823529411765
0.19999999999999996
0.0
0.0
0.0
0.0
0.0
0.0
0.0
0.0
0.0
0.0
0.0
0.05490196078431375
0.7490196078431373
0.9882352941176471
0.9882352941176471
0.9921568627450981
0.8666666666666667
0.8274509803921568
0.8274509803921568
0.8274509803921568
0.8313725490196078
0.8274509803921568
0.9764705882352941
0.9882352941176471
0.9882352941176471
0.9921568627450981
0.7960784313725491
0.03529411764705881
0.0
0.0
0.0
0.0
0.0
0.0
0.0
0.0
0.0
0.0
0.0
0.0
0.0
0.0
0.17647058823529416
0.41960784313725485
0.5529411764705883
0.4509803921568627
0.6901960784313725
0.8274509803921568
0.5882352941176471
0.4156862745098039
0.4156862745098039
0.4156862745098039
0.8313725490196078
1.0
0.9921568627450981
0.9254901960784314
0.05490196078431375
0.0
0.0
0.0
0.0
0.0
0.0
0.0
0.0
0.0
0.0
0.0
0.0
0.0
0.0
0.0
0.0
0.0
0.0
0.0
0.0
0.0
0.0
0.0
0.10588235294117643
0.4901960784313726
0.9058823529411765
0.9882352941176471
0.5019607843137255
0.0
0.0
0.0
0.0
0.0
0.0
0.0
0.0
0.0
0.0
0.0
0.0
0.0
0.0
0.0
0.0
0.0
0.0
0.0
0.0
0.0
0.0
0.0
0.0
0.0
0.19999999999999996
0.49411764705882355
0.16470588235294115
0.0
0.0
0.0
0.0
0.0
0.0
0.0
0.0
0.0
0.0
0.0
0.0
0.0
0.0
0.0
0.0
0.0
0.0
0.0
0.0
0.0
0.0
0.0
0.0
0.0
0.0
0.0
0.0
0.0
0.0
0.0
0.0
0.0
0.0
0.0
0.0
0.0
0.0
0.0
0.0
0.0
0.0
0.0
0.0
0.0
0.0
0.0
0.0
0.0
0.0
0.0
0.0
0.0
0.0
0.0
0.0
0.0
0.0
0.0
0.0
0.0
0.0
0.0
0.0
0.0
0.0
0.0
0.0
0.0
0.0
0.0
0.0
0.0
0.0
0.0
0.0
0.0
0.0
0.0
0.0
0.0
0.0
0.0
0.0
0.0
0.0
0.0
0.0
0.0
0.0
0.0
0.0
0.0
0.0
0.0
0.0
0.0
0.0
0.0
0.0
0.0
0.0
0.0
0.0
0.0
0.0
0.0
0.0
0.0
0.0
0.0
0.0
0.0
0.0
0.0
0.0
0.0
0.0
0.0
0.0
0.0
0.0
0.0
0.0
0.0
0.0
0.0
0.0
0.0
0.0
0.0
0.0
0.0
0.0
0.0
0.0
0.0
0.0
0.0
0.0
0.0
0.0
0.0
0.0
0.0
0.0
0.0
0.0
0.0
0.0
0.0
0.0
0.0
0.0
0.0
0.0
0.0
0.0
0.0
0.0
0.0
0.0
0.0
0.0
0.0
0.0
0.0
0.0
0.0
0.0
0.0
0.0
0.0
