0.0
0.0
0.0
0.0
0.0
0.0
0.0
0.0
0.0
0.0
0.0
0.0
0.0
0.0
0.0
0.0
0.0
0.0
0.0
0.0
0.0
0.0
0.0
0.0
0.0
0.0
0.0
0.0
0.0
0.0
0.0
0.0
0.0
0.0
0.0
0.0
0.0
0.0
0.0
0.0
0.0
0.0
0.0
0.0
0.0
0.0
0.0
0.0
0.0
0.0
0.0
0.0
0.0
0.0
0.0
0.0
0.0
0.0
0.0
0.0
0.0
0.0
0.0
0.0
0.0
0.0
0.0
0.0
0.0
0.0
0.0
0.0
0.0
0.0
0.0
0.0
0.0
0.0
0.0
0.0
0.0
0.0
0.0
0.0
0.0
0.0
0.0
0.0
0.0
0.0
0.0
0.0
0.0
0.0
0.0
0.0
0.0
0.0
0.0
0.0
0.0
0.0
0.0
0.0
0.0
0.0
0.0
0.0
0.0
0.0
0.0
0.0
0.0
0.0
0.0
0.0
0.0
0.0
0.0
0.0
0.0
0.0
0.0
0.0
0.0
0.0
0.0
0.0
0.0
0.0
0.0
0.0
0.0
0.0
0.0
0.0
0.0
0.0
0.0
0.0
0.0
0.0
0.0
0.0
0.0
0.0
0.0
0.0
0.0
0.0
0.0
0.0
0.0
0.0
0.0
0.0
0.0
0.0
0.0
0.0
0.0
0.0
0.0
0.0
0.0
0.0
0.0
0.0
0.0
0.0
0.0
0.0
0.0
0.0
0.0
0.0
0.0
0.0
0.0
0.0
0.0
0.0
0.0
0.0
0.0
0.0
0.0
0.0
0.0
0.0
0.0
0.0
0.0
0.0
0.0
0.0
0.0
0.0
0.0
0.0
0.0
0.0
0.0
0.0
0.0
0.0
0.0
0.0
0.0
0.0
0.0
0.0
0.0
0.0
0.0
0.0
0.0
0.050980392156862786
0.10196078431372546
0.10196078431372546
0.10196078431372546
0.0
0.0
0.0
0.0
0.0
0.0
0.0
0.0
0.0
0.0
0.0
0.0
0.0
0.0
0.0
0.0
0.0
0.0
0.0
0.0
0.0
0.0
0.050980392156862786
0.3529411764705882
0.8980392156862745
0.996078431372549
0.996078431372549
0.996078431372549
0.0
0.0
0.0
0.0
0.0
0.0
0.0
0.0
0.0
0.0
0.0
0.0
0.0
0.0
0.0
0.0
0.0
0.0
0.0
0.0
0.0
0.13725490196078427
0.7529411764705882
0.996078431372549
0.996078431372549
0.6705882352941177
0.6784313725490196
0.9843137254901961
0.0
0.0
0.0
0.0
0.0
0.0
0.0
0.0
0.0
0.0
0.0
0.0
0.23921568627450984
0.49411764705882355
0.39607843137254906
0.42352941176470593
0.05882352941176472
0.0
0.0
0.0
0.050980392156862786
0.7529411764705882
0.996078431372549
0.9843137254901961
0.5137254901960784
0.02352941176470591
0.0
0.807843137254902
0.0
0.0
0.0
0.0
0.0
0.0
0.0
0.0
0.0
0.0
0.0
0.42352941176470593
0.9490196078431372
0.9725490196078431
0.9647058823529412
0.996078431372549
0.8313725490196078
0.2823529411764706
0.0
0.007843137254901933
0.6980392156862745
0.996078431372549
0.996078431372549
0.5607843137254902
0.0
0.0
0.0
0.5647058823529412
0.0
0.0
0.0
0.0
0.0
0.0
0.0
0.0
0.0
0.0
0.29803921568627456
0.9490196078431372
0.8901960784313725
0.12549019607843137
0.08235294117647063
0.4627450980392157
0.996078431372549
0.9607843137254902
0.2941176470588235
0.388235294117647
0.996078431372549
0.996078431372549
0.6941176470588235
0.019607843137254943
0.0
0.0
0.0
0.2901960784313725
0.0
0.0
0.0
0.0
0.0
0.0
0.0
0.0
0.0
0.08235294117647063
0.9098039215686274
0.9254901960784314
0.19215686274509802
0.0
0.0
0.02352941176470591
0.3803921568627451
0.9921568627450981
0.8823529411764706
0.9568627450980393
0.996078431372549
0.8235294117647058
0.05882352941176472
0.0
0.0
0.0
0.0
0.5490196078431373
0.0
0.0
0.0
0.0
0.0
0.0
0.0
0.0
0.0
0.5098039215686274
0.996078431372549
0.5098039215686274
0.0
0.0
0.0
0.0
0.0
0.4745098039215686
0.996078431372549
0.996078431372549
0.996078431372549
0.24705882352941178
0.0
0.0
0.0
0.0
0.11372549019607847
0.9215686274509804
0.0
0.0
0.0
0.0
0.0
0.0
0.0
0.0
0.11372549019607847
0.9725490196078431
0.9372549019607843
0.08235294117647063
0.0
0.0
0.0
0.0
0.0
0.3921568627450981
0.996078431372549
0.996078431372549
0.996078431372549
0.7058823529411764
0.33725490196078434
0.196078431372549
0.196078431372549
0.4627450980392157
0.9176470588235294
0.996078431372549
0.0
0.0
0.0
0.0
0.0
0.0
0.0
0.0
0.5333333333333333
0.996078431372549
0.6901960784313725
0.0
0.0
0.0
0.0
0.0
0.4549019607843138
0.9921568627450981
0.996078431372549
0.7607843137254902
0.6627450980392157
0.9568627450980393
0.996078431372549
0.9921568627450981
0.9921568627450981
0.996078431372549
0.9411764705882353
0.6274509803921569
0.0
0.0
0.0
0.0
0.0
0.0
0.0
0.0
0.8627450980392157
0.996078431372549
0.4509803921568627
0.0
0.0
0.42352941176470593
0.44313725490196076
0.6823529411764706
0.9764705882352941
0.996078431372549
0.6980392156862745
0.0117647058823529
0.0
0.11764705882352944
0.32156862745098036
0.5450980392156863
0.5450980392156863
0.3686274509803922
0.09411764705882353
0.0
0.0
0.0
0.0
0.0
0.0
0.0
0.0
0.0
1.0
0.996078431372549
0.12549019607843137
0.0
0.050980392156862786
0.9254901960784314
0.996078431372549
0.9529411764705882
0.8156862745098039
0.207843137254902
0.007843137254901933
0.0
0.0
0.0
0.0
0.0
0.0
0.0
0.0
0.0
0.0
0.0
0.0
0.0
0.0
0.0
0.0
0.0
0.996078431372549
0.996078431372549
0.09019607843137256
0.0
0.596078431372549
0.996078431372549
0.6784313725490196
0.18039215686274512
0.0
0.0
0.0
0.0
0.0
0.0
0.0
0.0
0.0
0.0
0.0
0.0
0.0
0.0
0.0
0.0
0.0
0.0
0.0
0.0
0.6941176470588235
0.996078431372549
0.8627450980392157
0.9254901960784314
0.9921568627450981
0.8901960784313725
0.16078431372549018
0.0
0.0
0.0
0.0
0.0
0.0
0.0
0.0
0.0
0.0
0.0
0.0
0.0
0.0
0.0
0.0
0.0
0.0
0.0
0.0
0.0
0.03137254901960784
0.5568627450980392
0.7686274509803921
0.807843137254902
0.43137254901960786
0.050980392156862786
0.0
0.0
0.0
0.0
0.0
0.0
0.0
0.0
0.0
0.0
0.0
0.0
0.0
0.0
0.0
0.0
0.0
0.0
0.0
0.0
0.0
0.0
0.0
0.0
0.03137254901960784
0.0
0.0
0.0
0.0
0.0
0.0
0.0
0.0
0.0
0.0
0.0
0.0
0.0
0.0
0.0
0.0
0.0
0.0
0.0
0.0
0.0
0.0
0.0
0.0
0.0
0.0
0.0
0.0
0.0
0.0
0.0
0.0
0.0
0.0
0.0
0.0
0.0
0.0
0.0
0.0
0.0
0.0
0.0
0.0
0.0
0.0
0.0
0.0
0.0
0.0
0.0
0.0
0.0
0.0
0.0
0.0
0.0
0.0
0.0
0.0
0.0
0.0
0.0
0.0
0.0
0.0
0.0
0.0
0.0
0.0
0.0
0.0
0.0
0.0
0.0
0.0
0.0
0.0
0.0
0.0
0.0
0.0
0.0
0.0
0.0
0.0
0.0
0.0
0.0
0.0
0.0
0.0
0.0
0.0
0.0
0.0
0.0
0.0
0.0
0.0
0.0
0.0
0.0
0.0
0.0
0.0
0.0
0.0
0.0
0.0
0.0
0.0
0.0
0.0
0.0
0.0
0.0
0.0
0.0
0.0
0.0
0.0
0.0
0.0
0.0
0.0
0.0
0.0
0.0
0.0
0.0
0.0
0.0
0.0
0.0
0.0
0.0
0.0
0.0
0.0
0.0
0.0
0.0
0.0
0.0
0.0
0.0
0.0
0.0
0.0
0.0
0.0
0.0
0.0
0.0
0.0
0.0
0.0
0.0
0.0
