0.0
0.0
0.0
0.0
0.0
0.0
0.0
0.0
0.0
0.0
0.0
0.0
0.0
0.0
0.0
0.0
0.0
0.0
0.0
0.0
0.0
0.0
0.0
0.0
0.0
0.0
0.0
0.0
0.0
0.0
0.0
0.0
0.0
0.0
0.0
0.0
0.0
0.0
0.0
0.0
0.0
0.0
0.0
0.0
0.0
0.0
0.0
0.0
0.0
0.0
0.0
0.0
0.0
0.0
0.0
0.0
0.0
0.0
0.0
0.0
0.0
0.0
0.0
0.0
0.0
0.0
0.0
0.0
0.0
0.0
0.0
0.0
0.0
0.0
0.0
0.0
0.0
0.0
0.0
0.0
0.0
0.0
0.0
0.0
0.0
0.0
0.0
0.0
0.0
0.0
0.0
0.0
0.0
0.0
0.0
0.0
0.0
0.0
0.0
0.0
0.0
0.0
0.0
0.0
0.0
0.0
0.0
0.0
0.0
0.0
0.0
0.0
0.0
0.0
0.0
0.0
0.0
0.0
0.0
0.0
0.0
0.0
0.0
0.0
0.0
0.0
0.0
0.0
0.0
0.0
0.0
0.0
0.0
0.0
0.0
0.0
0.0
0.0
0.0
0.0
0.0
0.0
0.0
0.0
0.0
0.0
0.0
0.0
0.0
0.0
0.0
0.0
0.0
0.0
0.0
0.0
0.0
0.0
0.0
0.0
0.0
0.0
0.0
0.0
0.0
0.0
0.0
0.0
0.0
0.0
0.0
0.0
0.0
0.0
0.0
0.0
0.0
0.0
0.0
0.0
0.0
0.0
0.0
0.0
0.0
0.0
0.0
0.0
0.0
0.0
0.0
0.0
0.0
0.0
0.0
0.0
0.0
0.0
0.0
0.0
0.0
0.0
0.0
0.0
0.0
0.0
0.0
0.0
0.0
0.0
0.0
0.0
0.0
0.0
0.0
0.0
0.0
0.0
0.0
0.0
0.0
0.0
0.0
0.0
0.0
0.0
0.0
0.0
0.3176470588235294
0.611764705882353
0.5647058823529412
0.0
0.0
0.0
0.0
0.0
0.0
0.0
0.0
0.0
0.0
0.0
0.0
0.0
0.0
0.0
0.0
0.0
0.0
0.0
0.0
0.0
0.0
0.0
0.0
0.0
0.7529411764705882
0.996078431372549
0.611764705882353
0.0
0.0
0.0
0.0
0.0
0.0
0.0
0.0
0.0
0.0
0.0
0.0
0.0
0.0
0.13725490196078427
0.007843137254901933
0.0
0.0
0.0
0.0
0.0
0.0
0.0
0.0
0.0
0.7529411764705882
0.996078431372549
0.4392156862745098
0.0
0.0
0.0
0.0
0.0
0.039215686274509776
0.2941176470588235
0.4862745098039216
0.0
0.0
0.0
0.0
0.0
0.07450980392156858
0.9411764705882353
0.12941176470588234
0.0
0.0
0.0
0.0
0.0
0.0
0.0
0.0
0.0
0.5137254901960784
0.996078431372549
0.6745098039215687
0.0
0.0
0.0
0.0
0.13725490196078427
0.7529411764705882
0.996078431372549
0.7803921568627451
0.04313725490196074
0.0
0.0
0.0
0.0
0.41960784313725485
0.996078431372549
0.8509803921568627
0.015686274509803977
0.0
0.0
0.0
0.0
0.0
0.0
0.0
0.0
0.5137254901960784
0.996078431372549
0.7843137254901961
0.0
0.0
0.0
0.14901960784313728
0.611764705882353
0.996078431372549
0.996078431372549
0.996078431372549
0.3254901960784313
0.0
0.0
0.0
0.0
0.3254901960784313
0.9843137254901961
0.996078431372549
0.12941176470588234
0.0
0.0
0.0
0.0
0.0
0.0
0.0
0.0
0.1568627450980392
0.996078431372549
0.9254901960784314
0.0
0.0
0.039215686274509776
0.7411764705882353
0.996078431372549
0.8784313725490196
0.996078431372549
0.996078431372549
0.7019607843137254
0.0
0.0
0.0
0.0
0.0
0.9294117647058824
0.996078431372549
0.5098039215686274
0.0
0.0
0.0
0.0
0.0
0.0
0.0
0.0
0.027450980392156876
0.996078431372549
0.9803921568627451
0.3137254901960784
0.22745098039215683
0.792156862745098
0.996078431372549
0.48235294117647054
0.12549019607843137
0.4274509803921569
0.996078431372549
0.9254901960784314
0.2784313725490196
0.0
0.0
0.0
0.0
0.7960784313725491
0.996078431372549
0.8784313725490196
0.0
0.0
0.0
0.0
0.0
0.0
0.0
0.0
0.019607843137254943
0.8627450980392157
0.996078431372549
0.8705882352941177
0.9137254901960784
0.8117647058823529
0.6196078431372549
0.07058823529411762
0.0
0.05490196078431375
0.807843137254902
0.996078431372549
0.7725490196078432
0.196078431372549
0.0
0.0
0.0
0.44313725490196076
0.996078431372549
1.0
0.0
0.0
0.0
0.0
0.0
0.0
0.0
0.0
0.0
0.12941176470588234
0.7019607843137254
0.9686274509803922
0.6196078431372549
0.07058823529411762
0.0
0.0
0.0
0.0
0.2784313725490196
0.9294117647058824
0.996078431372549
0.9333333333333333
0.27450980392156865
0.0
0.0
0.44313725490196076
0.996078431372549
0.8431372549019608
0.0
0.0
0.0
0.0
0.0
0.0
0.0
0.0
0.0
0.0
0.015686274509803977
0.15294117647058825
0.0
0.0
0.0
0.0
0.0
0.0
0.0
0.2784313725490196
0.9333333333333333
0.996078431372549
0.9372549019607843
0.6392156862745098
0.34509803921568627
0.8705882352941177
0.996078431372549
0.5098039215686274
0.0
0.0
0.0
0.0
0.0
0.0
0.0
0.0
0.0
0.0
0.0
0.0
0.0
0.0
0.0
0.0
0.0
0.0
0.0
0.0
0.27450980392156865
0.6313725490196078
0.9450980392156862
0.996078431372549
0.996078431372549
0.996078431372549
0.8274509803921568
0.08235294117647063
0.0
0.0
0.0
0.0
0.0
0.0
0.0
0.0
0.0
0.0
0.0
0.0
0.0
0.0
0.0
0.0
0.0
0.0
0.0
0.0
0.0
0.0
0.10196078431372546
0.5490196078431373
0.603921568627451
0.603921568627451
0.0862745098039216
0.0
0.0
0.0
0.0
0.0
0.0
0.0
0.0
0.0
0.0
0.0
0.0
0.0
0.0
0.0
0.0
0.0
0.0
0.0
0.0
0.0
0.0
0.0
0.0
0.0
0.0
0.0
0.0
0.0
0.0
0.0
0.0
0.0
0.0
0.0
0.0
0.0
0.0
0.0
0.0
0.0
0.0
0.0
0.0
0.0
0.0
0.0
0.0
0.0
0.0
0.0
0.0
0.0
0.0
0.0
0.0
0.0
0.0
0.0
0.0
0.0
0.0
0.0
0.0
0.0
0.0
0.0
0.0
0.0
0.0
0.0
0.0
0.0
0.0
0.0
0.0
0.0
0.0
0.0
0.0
0.0
0.0
0.0
0.0
0.0
0.0
0.0
0.0
0.0
0.0
0.0
0.0
0.0
0.0
0.0
0.0
0.0
0.0
0.0
0.0
0.0
0.0
0.0
0.0
0.0
0.0
0.0
0.0
0.0
0.0
0.0
0.0
0.0
0.0
0.0
0.0
0.0
0.0
0.0
0.0
0.0
0.0
0.0
0.0
0.0
0.0
0.0
0.0
0.0
0.0
0.0
0.0
0.0
0.0
0.0
0.0
0.0
0.0
0.0
0.0
0.0
0.0
0.0
0.0
0.0
0.0
0.0
0.0
0.0
0.0
0.0
0.0
0.0
0.0
0.0
0.0
0.0
0.0
0.0
0.0
0.0
0.0
0.0
0.0
0.0
0.0
0.0
0.0
0.0
0.0
0.0
0.0
0.0
0.0
0.0
0.0
0.0
0.0
0.0
0.0
0.0
0.0
0.0
0.0
0.0
0.0
0.0
0.0
0.0
0.0
0.0
0.0
0.0
0.0
0.0
0.0
0.0
0.0
0.0
0.0
0.0
0.0
0.0
0.0
0.0
0.0
0.0
0.0
0.0
0.0
0.0
0.0
0.0
0.0
0.0
0.0
0.0
0.0
0.0
0.0
0.0
0.0
0.0
0.0
0.0
0.0
0.0
0.0
0.0
