0.0
0.0
0.0
0.0
0.0
0.0
0.0
0.0
0.0
0.0
0.0
0.0
0.0
0.0
0.0
0.0
0.0
0.0
0.0
0.0
0.0
0.0
0.0
0.0
0.0
0.0
0.0
0.0
0.0
0.0
0.0
0.0
0.0
0.0
0.0
0.0
0.0
0.0
0.0
0.0
0.0
0.0
0.0
0.0
0.0
0.0
0.0
0.0
0.0
0.0
0.0
0.0
0.0
0.0
0.0
0.0
0.0
0.0
0.0
0.0
0.0
0.0
0.0
0.0
0.0
0.0
0.0
0.0
0.0
0.0
0.0
0.0
0.0
0.0
0.0
0.0
0.0
0.0
0.0
0.0
0.0
0.0
0.0
0.0
0.0
0.0
0.0
0.0
0.0
0.0
0.0
0.0
0.0
0.0
0.0
0.0
0.0
0.0
0.0
0.0
0.0
0.0
0.0
0.0
0.0
0.0
0.0
0.0
0.0
0.0
0.0
0.0
0.0
0.0
0.0
0.0
0.0
0.0
0.0
0.0
0.0
0.0
0.0
0.0
0.0
0.0
0.0
0.0
0.0
0.0
0.0
0.0
0.0
0.0
0.0
0.0
0.0
0.0
0.0
0.0
0.0
0.0
0.0
0.0
0.0
0.0
0.0
0.0
0.0
0.0
0.0
0.0
0.0
0.0
0.0
0.0
0.0
0.0
0.0
0.0
0.0
0.0
0.0
0.0
0.0
0.0
0.0
0.0
0.0
0.0
0.0
0.0
0.0
0.0
0.0
0.0
0.0
0.0
0.0
0.0
0.0
0.0
0.0
0.0
0.0
0.0
0.0
0.0
0.0
0.0
0.0
0.0
0.0
0.0
0.0
0.0
0.0
0.0
0.0
0.0
0.0
0.0
0.0
0.0
0.0
0.0
0.0
0.0
0.0
0.0
0.0
0.0
0.0
0.0
0.0
0.0
0.0
0.0
0.0
0.0
0.0
0.0
0.0
0.0
0.0
0.0
0.0
0.0
0.0
0.0
0.0
0.0
0.0
0.0
0.0
0.0
0.0
0.0
0.0
0.0
0.0
0.0
0.0
0.0
0.0
0.0
0.0
0.0
0.0
0.0
0.0
0.0
0.0
0.0
0.0
0.0
0.0
0.0
0.0
0.0
0.0
0.0
0.0
0.0
0.07843137254901966
0.36078431372549025
0.7647058823529411
0.5450980392156863
0.0039215686274509665
0.0
0.0
0.0
0.0
0.0
0.0
0.0
0.0
0.0
0.0
0.0
0.0
0.0
0.0
0.0
0.0
0.0
0.0
0.0
0.0
0.0
0.03137254901960784
0.3058823529411765
0.8352941176470589
0.996078431372549
0.996078431372549
0.8980392156862745
0.007843137254901933
0.0
0.0
0.0
0.0
0.0
0.0
0.1098039215686275
0.3686274509803922
0.33333333333333337
0.039215686274509776
0.0
0.0
0.0
0.0
0.0
0.0
0.0
0.0
0.0
0.007843137254901933
0.4549019607843138
0.7607843137254902
0.996078431372549
0.996078431372549
0.996078431372549
0.9725490196078431
0.3176470588235294
0.0
0.0
0.0
0.0
0.0
0.0
0.4
0.9882352941176471
1.0
0.996078431372549
0.807843137254902
0.0
0.0
0.0
0.0
0.0
0.0
0.0
0.0
0.25098039215686274
0.7647058823529411
0.996078431372549
0.996078431372549
0.996078431372549
0.9882352941176471
0.5098039215686274
0.12941176470588234
0.0
0.0
0.0
0.0
0.007843137254901933
0.25098039215686274
0.7529411764705882
0.9882352941176471
0.996078431372549
0.9686274509803922
0.9294117647058824
0.7764705882352941
0.0
0.0
0.0
0.0
0.0
0.0
0.0
0.0
0.9529411764705882
0.996078431372549
0.996078431372549
0.996078431372549
0.996078431372549
0.37254901960784315
0.0
0.0
0.0
0.0
0.0
0.1215686274509804
0.6980392156862745
0.996078431372549
0.996078431372549
0.996078431372549
0.607843137254902
0.12549019607843137
0.07058823529411762
0.07450980392156858
0.0
0.0
0.0
0.0
0.0
0.0
0.0
0.0
0.7215686274509804
0.996078431372549
0.996078431372549
0.8941176470588236
0.2196078431372549
0.0039215686274509665
0.0
0.0
0.0
0.06274509803921569
0.5490196078431373
0.9921568627450981
0.996078431372549
0.9686274509803922
0.6588235294117647
0.07058823529411762
0.04313725490196074
0.807843137254902
0.02352941176470591
0.0
0.0
0.0
0.0
0.0
0.0
0.0
0.0
0.0
0.4862745098039216
0.996078431372549
0.9450980392156862
0.1098039215686275
0.0
0.0
0.0
0.039215686274509776
0.37254901960784315
0.8352941176470589
0.996078431372549
0.996078431372549
0.8980392156862745
0.3254901960784313
0.0
0.0
0.015686274509803977
0.06666666666666665
0.0
0.0
0.0
0.0
0.0
0.0
0.0
0.0
0.0
0.0
0.7176470588235294
0.996078431372549
0.607843137254902
0.0
0.0
0.015686274509803977
0.3176470588235294
0.8274509803921568
0.996078431372549
0.996078431372549
0.996078431372549
0.5725490196078431
0.10588235294117643
0.0
0.0
0.0
0.0
0.0
0.0
0.0
0.0
0.0
0.0
0.0
0.0
0.0
0.0
0.0
0.8
0.996078431372549
0.7333333333333334
0.603921568627451
0.603921568627451
0.8
0.996078431372549
0.996078431372549
0.996078431372549
0.7960784313725491
0.2313725490196078
0.0
0.0
0.0
0.0
0.0
0.0
0.0
0.0
0.0
0.0
0.0
0.0
0.0
0.0
0.0
0.0
0.0
0.4509803921568627
0.996078431372549
0.996078431372549
0.996078431372549
0.996078431372549
0.996078431372549
0.996078431372549
0.6627450980392157
0.23921568627450984
0.0039215686274509665
0.0
0.0
0.0
0.0
0.0
0.0
0.0
0.0
0.0
0.0
0.0
0.0
0.0
0.0
0.0
0.0
0.0
0.0
0.015686274509803977
0.5019607843137255
0.9254901960784314
0.9254901960784314
0.7098039215686274
0.44313725490196076
0.08235294117647063
0.0039215686274509665
0.0
0.0
0.0
0.0
0.0
0.0
0.0
0.0
0.0
0.0
0.0
0.0
0.0
0.0
0.0
0.0
0.0
0.0
0.0
0.0
0.0
0.0
0.0
0.0
0.0
0.0
0.0
0.0
0.0
0.0
0.0
0.0
0.0
0.0
0.0
0.0
0.0
0.0
0.08235294117647063
0.0
0.0
0.0
0.0
0.0
0.0
0.0
0.0
0.0
0.0
0.0
0.0
0.0
0.0
0.0
0.0
0.0
0.0
0.0
0.0
0.0
0.0
0.0
0.0
0.0
0.0
0.0
0.0
0.0
0.0
0.0
0.0
0.0
0.0
0.0
0.0
0.0
0.0
0.0
0.0
0.0
0.0
0.0
0.0
0.0
0.0
0.0
0.0
0.0
0.0
0.0
0.0
0.0
0.0
0.0
0.0
0.0
0.0
0.0
0.0
0.0
0.0
0.0
0.0
0.0
0.0
0.0
0.0
0.0
0.0
0.0
0.0
0.0
0.0
0.0
0.0
0.0
0.0
0.0
0.0
0.0
0.0
0.0
0.0
0.0
0.0
0.0
0.0
0.0
0.0
0.0
0.0
0.0
0.0
0.0
0.0
0.0
0.0
0.0
0.0
0.0
0.0
0.0
0.0
0.0
0.0
0.0
0.0
0.0
0.0
0.0
0.0
0.0
0.0
0.0
0.0
0.0
0.0
0.0
0.0
0.0
0.0
0.0
0.0
0.0
0.0
0.0
0.0
0.0
0.0
0.0
0.0
0.0
0.0
0.0
0.0
0.0
0.0
0.0
0.0
0.0
0.0
0.0
0.0
0.0
0.0
0.0
0.0
0.0
0.0
0.0
0.0
0.0
0.0
0.0
0.0
0.0
0.0
0.0
0.0
0.0
0.0
0.0
0.0
0.0
0.0
0.0
0.0
0.0
0.0
0.0
0.0
0.0
0.0
0.0
0.0
0.0
0.0
0.0
0.0
0.0
0.0
0.0
0.0
0.0
0.0
0.0
0.0
0.0
0.0
0.0
0.0
0.0
0.0
0.0
0.0
0.0
0.0
