0.0
0.0
0.0
0.0
0.0
0.0
0.0
0.0
0.0
0.0
0.0
0.0
0.0
0.0
0.0
0.0
0.0
0.0
0.0
0.0
0.0
0.0
0.0
0.0
0.0
0.0
0.0
0.0
0.0
0.0
0.0
0.0
0.0
0.0
0.0
0.0
0.0
0.0
0.0
0.0
0.0
0.0
0.0
0.0
0.0
0.0
0.0
0.0
0.0
0.0
0.0
0.0
0.0
0.0
0.0
0.0
0.0
0.0
0.0
0.0
0.0
0.0
0.0
0.0
0.0
0.0
0.0
0.0
0.0
0.0
0.0
0.0
0.0
0.0
0.0
0.0
0.0
0.0
0.0
0.0
0.0
0.0
0.0
0.0
0.0
0.0
0.0
0.0
0.0
0.0
0.0
0.0
0.0
0.0
0.0
0.0
0.0
0.0
0.0
0.0
0.0
0.0
0.0
0.0
0.0
0.0
0.0
0.0
0.0
0.0
0.0
0.0
0.0
0.0
0.0
0.0
0.0
0.0
0.0
0.0
0.0
0.0
0.0
0.0
0.0
0.0
0.0
0.0
0.0
0.0
0.0
0.0
0.0
0.0
0.0
0.0
0.0
0.0
0.0
0.0
0.0
0.0
0.0
0.0
0.0
0.0
0.0
0.0
0.0
0.0
0.0
0.0
0.0
0.0
0.0
0.0
0.0
0.0
0.0
0.0
0.0
0.0
0.0
0.0
0.0
0.0
0.0
0.0
0.0
0.0
0.0
0.0
0.0
0.0
0.0
0.0
0.10196078431372546
0.27450980392156865
0.0
0.0
0.0
0.0
0.0
0.0
0.0
0.0
0.0
0.0
0.0
0.0
0.0
0.0
0.0
0.0
0.0
0.0
0.0
0.0
0.0
0.0
0.0
0.0
0.3176470588235294
0.8117647058823529
0.8784313725490196
0.9882352941176471
0.7764705882352941
0.3647058823529412
0.0980392156862745
0.0
0.0
0.0
0.0
0.0
0.0
0.0
0.0
0.0
0.0
0.0
0.0
0.0
0.0
0.0
0.0
0.0
0.0
0.0
0.0
0.0
0.34509803921568627
0.8666666666666667
0.9882352941176471
0.9882352941176471
0.9921568627450981
0.9882352941176471
0.4745098039215686
0.0
0.0
0.0
0.0
0.0
0.0
0.0
0.0
0.0
0.0
0.0
0.0
0.0
0.0
0.0
0.0
0.0
0.0
0.0
0.0
0.0117647058823529
0.4627450980392157
0.9921568627450981
0.9921568627450981
0.9529411764705882
1.0
0.9921568627450981
0.9921568627450981
0.6313725490196078
0.0
0.0
0.0
0.0
0.0
0.0
0.0
0.019607843137254943
0.09411764705882353
0.09411764705882353
0.0117647058823529
0.0
0.0
0.0
0.0
0.0
0.0
0.0
0.0
0.17647058823529416
0.9882352941176471
0.9882352941176471
0.9215686274509804
0.23529411764705888
0.403921568627451
0.9254901960784314
0.9882352941176471
0.8588235294117648
0.05882352941176472
0.0
0.0
0.0
0.0
0.0
0.34901960784313724
0.6980392156862745
0.9882352941176471
0.9882352941176471
0.3764705882352941
0.0
0.0
0.0
0.0
0.0
0.0
0.0
0.0
0.5411764705882354
0.9882352941176471
0.9882352941176471
0.3019607843137255
0.0
0.0
0.4627450980392157
0.9176470588235295
0.9882352941176471
0.2941176470588235
0.0
0.0
0.0
0.10196078431372546
0.4784313725490196
0.8705882352941177
0.9882352941176471
0.9882352941176471
0.9882352941176471
0.8666666666666667
0.0
0.0
0.0
0.0
0.0
0.0
0.0
0.0
0.9137254901960784
0.9882352941176471
0.6
0.03529411764705881
0.0
0.0
0.0
0.5568627450980392
0.9882352941176471
0.2549019607843137
0.0
0.0
0.10196078431372546
0.7960784313725491
0.9882352941176471
0.9921568627450981
0.9882352941176471
0.9882352941176471
0.9882352941176471
0.9882352941176471
0.0
0.0
0.0
0.0
0.0
0.0
0.0
0.0
0.9921568627450981
0.9882352941176471
0.2705882352941177
0.0
0.0
0.0
0.0
0.027450980392156876
0.8274509803921568
0.9490196078431372
0.9058823529411765
0.9019607843137255
0.9254901960784314
0.9882352941176471
0.9882352941176471
0.7058823529411764
0.0862745098039216
0.7450980392156863
0.9882352941176471
0.9882352941176471
0.0
0.0
0.0
0.0
0.0
0.0
0.0
0.0
1.0
0.9921568627450981
0.2705882352941177
0.0
0.0
0.0
0.0
0.0
0.1686274509803921
0.9058823529411765
1.0
0.9921568627450981
0.9921568627450981
0.9607843137254902
0.49411764705882355
0.0
0.0
0.7254901960784313
0.9921568627450981
0.7450980392156863
0.0
0.0
0.0
0.0
0.0
0.0
0.0
0.0
0.9921568627450981
0.9882352941176471
0.5529411764705883
0.0
0.0
0.0
0.0
0.0
0.06666666666666665
0.5490196078431373
0.9921568627450981
0.9882352941176471
0.9882352941176471
0.6941176470588235
0.019607843137254943
0.0
0.11764705882352944
0.8941176470588235
0.9882352941176471
0.45882352941176474
0.0
0.0
0.0
0.0
0.0
0.0
0.0
0.0
0.6627450980392157
0.9882352941176471
0.792156862745098
0.050980392156862786
0.0
0.0
0.0
0.07450980392156858
0.7372549019607844
0.9882352941176471
0.9921568627450981
0.9882352941176471
0.9882352941176471
0.9882352941176471
0.21176470588235297
0.0
0.3058823529411765
0.9882352941176471
0.7254901960784313
0.02352941176470591
0.0
0.0
0.0
0.0
0.0
0.0
0.0
0.0
0.5411764705882354
0.9882352941176471
0.9882352941176471
0.17647058823529416
0.0
0.0
0.3176470588235294
0.8627450980392157
0.9882352941176471
0.9882352941176471
0.7529411764705882
0.17647058823529416
0.603921568627451
0.9882352941176471
0.9098039215686274
0.8156862745098039
0.9254901960784314
0.9882352941176471
0.2588235294117647
0.0
0.0
0.0
0.0
0.0
0.0
0.0
0.0
0.0
0.1333333333333333
0.9882352941176471
0.9882352941176471
0.9176470588235295
0.9019607843137255
0.4980392156862745
0.9568627450980391
0.9882352941176471
0.9882352941176471
0.37254901960784315
0.04313725490196074
0.0
0.14901960784313728
0.7019607843137254
0.9882352941176471
0.9921568627450981
0.9882352941176471
0.6588235294117647
0.0980392156862745
0.0
0.0
0.0
0.0
0.0
0.0
0.0
0.0
0.0
0.0
0.37254901960784315
0.9686274509803922
0.9921568627450981
0.9921568627450981
1.0
0.9764705882352941
0.9019607843137255
0.3686274509803922
0.0
0.0
0.0
0.0
0.0
0.6196078431372549
0.9058823529411765
0.7372549019607844
0.0
0.0
0.0
0.0
0.0
0.0
0.0
0.0
0.0
0.0
0.0
0.0
0.0
0.388235294117647
0.807843137254902
0.807843137254902
0.8117647058823529
0.45882352941176474
0.0
0.0
0.0
0.0
0.0
0.0
0.0
0.0
0.0
0.0
0.0
0.0
0.0
0.0
0.0
0.0
0.0
0.0
0.0
0.0
0.0
0.0
0.0
0.0
0.0
0.0
0.0
0.0
0.0
0.0
0.0
0.0
0.0
0.0
0.0
0.0
0.0
0.0
0.0
0.0
0.0
0.0
0.0
0.0
0.0
0.0
0.0
0.0
0.0
0.0
0.0
0.0
0.0
0.0
0.0
0.0
0.0
0.0
0.0
0.0
0.0
0.0
0.0
0.0
0.0
0.0
0.0
0.0
0.0
0.0
0.0
0.0
0.0
0.0
0.0
0.0
0.0
0.0
0.0
0.0
0.0
0.0
0.0
0.0
0.0
0.0
0.0
0.0
0.0
0.0
0.0
0.0
0.0
0.0
0.0
0.0
0.0
0.0
0.0
0.0
0.0
0.0
0.0
0.0
0.0
0.0
0.0
0.0
0.0
0.0
0.0
0.0
0.0
0.0
0.0
0.0
0.0
0.0
0.0
0.0
0.0
0.0
0.0
0.0
0.0
0.0
0.0
0.0
0.0
0.0
0.0
0.0
0.0
0.0
0.0
0.0
0.0
0.0
0.0
0.0
0.0
0.0
0.0
0.0
0.0
0.0
0.0
0.0
0.0
0.0
0.0
0.0
0.0
0.0
0.0
0.0
0.0
0.0
0.0
0.0
0.0
0.0
0.0
0.0
0.0
0.0
0.0
0.0
0.0
0.0
0.0
0.0
0.0
0.0
0.0
0.0
0.0
0.0
0.0
0.0
0.0
0.0
0.0
0.0
0.0
0.0
0.0
0.0
0.0
0.0
0.0
0.0
0.0
0.0
0.0
0.0
0.0
0.0
0.0
0.0
0.0
0.0
0.0
0.0
0.0
0.0
0.0
0.0
0.0
0.0
0.0
0.0
