0.0
0.0
0.0
0.0
0.0
0.0
0.0
0.0
0.0
0.0
0.0
0.0
0.0
0.0
0.0
0.0
0.0
0.0
0.0
0.0
0.0
0.0
0.0
0.0
0.0
0.0
0.0
0.0
0.0
0.0
0.0
0.0
0.0
0.0
0.0
0.0
0.0
0.0
0.0
0.0
0.0
0.0
0.0
0.0
0.0
0.0
0.0
0.0
0.0
0.0
0.0
0.0
0.0
0.0
0.0
0.0
0.0
0.0
0.0
0.0
0.0
0.0
0.0
0.0
0.0
0.0
0.0
0.0
0.0
0.0
0.0
0.0
0.0
0.0
0.0
0.0
0.0
0.0
0.0
0.0
0.0
0.0
0.0
0.0
0.0
0.0
0.0
0.0
0.0
0.0
0.0
0.0
0.0
0.0
0.0
0.0
0.0
0.0
0.0
0.0
0.0
0.0
0.0
0.0
0.0
0.0
0.0
0.0
0.0
0.0
0.0
0.0
0.0
0.0
0.0
0.0
0.0
0.0
0.0
0.0
0.0
0.0
0.0
0.0
0.0
0.0
0.0
0.0
0.0
0.0
0.0
0.0
0.0
0.0
0.0
0.0
0.0
0.0
0.0
0.0
0.0
0.0
0.0
0.0
0.0
0.0
0.0
0.0
0.0
0.0
0.0
0.0
0.0
0.039215686274509776
0.0980392156862745
0.0980392156862745
0.09411764705882353
0.0
0.0
0.0
0.0
0.0
0.0
0.0
0.0
0.0
0.0
0.0
0.0
0.0
0.0
0.0
0.0
0.0
0.0
0.0
0.0
0.0
0.0
0.0
0.2784313725490196
0.7607843137254902
0.9921568627450981
0.9921568627450981
0.9803921568627452
0.33333333333333337
0.0
0.0
0.0
0.0
0.0
0.0
0.0
0.0
0.0
0.0
0.0
0.0
0.0
0.0
0.0
0.0
0.0
0.0
0.0
0.0
0.25098039215686274
0.6627450980392157
0.9333333333333333
0.9921568627450981
0.9921568627450981
0.9921568627450981
0.996078431372549
0.9607843137254902
0.5686274509803921
0.0
0.0
0.0
0.0
0.0
0.0
0.0
0.0
0.0
0.0
0.0
0.0
0.0
0.0
0.0
0.0
0.0
0.03529411764705881
0.5568627450980392
0.9137254901960784
0.9921568627450981
0.9137254901960784
0.7568627450980392
0.5490196078431373
0.2823529411764706
0.5411764705882354
0.9921568627450981
0.8862745098039215
0.08235294117647063
0.0
0.0
0.0
0.0
0.0
0.0
0.0
0.0
0.0
0.0
0.0
0.0
0.0
0.0
0.0
0.0
0.2823529411764706
0.9921568627450981
0.9921568627450981
0.7764705882352941
0.1568627450980392
0.0
0.0
0.0
0.0117647058823529
0.6705882352941177
0.9921568627450981
0.3294117647058824
0.0
0.0
0.0
0.0
0.0
0.0
0.0
0.0
0.0
0.0
0.0
0.0
0.0
0.0
0.0
0.07843137254901966
0.9215686274509804
0.9921568627450981
0.6392156862745098
0.1333333333333333
0.0
0.0
0.0
0.0
0.0
0.1843137254901961
0.9921568627450981
0.7137254901960784
0.0
0.0
0.0
0.0
0.0
0.0
0.0
0.0
0.0
0.0
0.0
0.0
0.0
0.0
0.019607843137254943
0.6666666666666667
0.9921568627450981
0.8274509803921568
0.039215686274509776
0.0
0.0
0.0
0.0
0.0
0.0
0.0980392156862745
0.9921568627450981
0.803921568627451
0.0
0.0
0.0
0.0
0.0
0.0
0.0
0.0
0.0
0.0
0.0
0.0
0.0
0.0
0.050980392156862786
0.9921568627450981
0.9921568627450981
0.37254901960784315
0.0
0.0
0.0
0.0
0.0
0.0
0.0
0.0980392156862745
0.9921568627450981
0.37254901960784315
0.0
0.0
0.0
0.0
0.0
0.0
0.0
0.0
0.0
0.0
0.0
0.0
0.0
0.0
0.5019607843137255
0.9921568627450981
0.8549019607843137
0.015686274509803977
0.0
0.0
0.0
0.0
0.0
0.0
0.0
0.5490196078431373
0.9254901960784314
0.1725490196078432
0.0
0.0
0.0
0.0
0.0
0.0
0.0
0.0
0.0
0.0
0.0
0.0
0.0
0.0
0.5254901960784314
0.996078431372549
0.3803921568627451
0.0
0.0
0.0
0.0
0.0
0.0
0.0
0.3019607843137255
0.996078431372549
0.603921568627451
0.0
0.0
0.0
0.0
0.0
0.25098039215686274
0.5215686274509803
0.0
0.0
0.0
0.0
0.0
0.0
0.0
0.0
0.5686274509803921
0.9843137254901961
0.3411764705882353
0.0
0.0
0.0
0.0
0.0
0.0
0.09411764705882353
0.7960784313725491
0.8941176470588235
0.16078431372549018
0.0
0.07058823529411762
0.0980392156862745
0.2549019607843137
0.5686274509803921
0.9529411764705882
0.9921568627450981
0.0
0.0
0.0
0.0
0.0
0.0
0.0
0.0
0.996078431372549
0.8980392156862745
0.0
0.0
0.0
0.0
0.0
0.0
0.33725490196078434
0.9764705882352941
0.9686274509803922
0.17647058823529416
0.21176470588235297
0.615686274509804
0.8862745098039215
0.9921568627450981
0.9921568627450981
0.9921568627450981
0.9921568627450981
0.8549019607843137
0.0
0.0
0.0
0.0
0.0
0.0
0.0
0.0
1.0
0.8980392156862745
0.0
0.0
0.0
0.0
0.3176470588235294
0.6627450980392157
0.9647058823529412
0.9921568627450981
0.9803921568627452
0.6980392156862745
0.9921568627450981
0.9921568627450981
0.9490196078431372
0.803921568627451
0.6431372549019607
0.3294117647058824
0.3294117647058824
0.015686274509803977
0.0
0.0
0.0
0.0
0.0
0.0
0.0
0.0
0.996078431372549
0.9647058823529412
0.41960784313725485
0.23921568627450984
0.3529411764705882
0.7137254901960784
0.9411764705882353
0.9921568627450981
0.9921568627450981
0.9921568627450981
0.996078431372549
0.9921568627450981
0.8470588235294118
0.7568627450980392
0.34901960784313724
0.0
0.0
0.0
0.0
0.0
0.0
0.0
0.0
0.0
0.0
0.0
0.0
0.0
0.6352941176470588
0.9921568627450981
0.9921568627450981
0.9921568627450981
0.9921568627450981
0.9921568627450981
0.9921568627450981
0.9921568627450981
0.9921568627450981
0.8549019607843137
0.6862745098039216
0.23529411764705888
0.09019607843137256
0.0
0.0
0.0
0.0
0.0
0.0
0.0
0.0
0.0
0.0
0.0
0.0
0.0
0.0
0.0
0.13725490196078427
0.9921568627450981
0.9921568627450981
0.9921568627450981
0.9921568627450981
0.9921568627450981
0.8823529411764706
0.2549019607843137
0.18823529411764706
0.0980392156862745
0.0
0.0
0.0
0.0
0.0
0.0
0.0
0.0
0.0
0.0
0.0
0.0
0.0
0.0
0.0
0.0
0.0
0.0
0.03137254901960784
0.611764705882353
0.611764705882353
0.611764705882353
0.27450980392156865
0.14117647058823535
0.09411764705882353
0.0
0.0
0.0
0.0
0.0
0.0
0.0
0.0
0.0
0.0
0.0
0.0
0.0
0.0
0.0
0.0
0.0
0.0
0.0
0.0
0.0
0.0
0.0
0.0
0.0
0.0
0.0
0.0
0.0
0.0
0.0
0.0
0.0
0.0
0.0
0.0
0.0
0.0
0.0
0.0
0.0
0.0
0.0
0.0
0.0
0.0
0.0
0.0
0.0
0.0
0.0
0.0
0.0
0.0
0.0
0.0
0.0
0.0
0.0
0.0
0.0
0.0
0.0
0.0
0.0
0.0
0.0
0.0
0.0
0.0
0.0
0.0
0.0
0.0
0.0
0.0
0.0
0.0
0.0
0.0
0.0
0.0
0.0
0.0
0.0
0.0
0.0
0.0
0.0
0.0
0.0
0.0
0.0
0.0
0.0
0.0
0.0
0.0
0.0
0.0
0.0
0.0
0.0
0.0
0.0
0.0
0.0
0.0
0.0
0.0
0.0
0.0
0.0
0.0
0.0
0.0
0.0
0.0
0.0
0.0
0.0
0.0
0.0
0.0
0.0
0.0
0.0
0.0
0.0
0.0
0.0
0.0
0.0
0.0
0.0
0.0
0.0
0.0
0.0
0.0
0.0
0.0
0.0
0.0
0.0
0.0
0.0
0.0
0.0
0.0
0.0
0.0
0.0
0.0
0.0
0.0
0.0
0.0
0.0
0.0
0.0
0.0
0.0
0.0
0.0
0.0
0.0
0.0
0.0
0.0
0.0
0.0
0.0
0.0
0.0
0.0
0.0
0.0
0.0
0.0
0.0
0.0
0.0
