0.0
0.0
0.0
0.0
0.0
0.0
0.0
0.0
0.0
0.0
0.0
0.0
0.0
0.0
0.0
0.0
0.0
0.0
0.0
0.0
0.0
0.0
0.0
0.0
0.0
0.0
0.0
0.0
0.0
0.0
0.0
0.0
0.0
0.0
0.0
0.0
0.0
0.0
0.0
0.0
0.0
0.0
0.0
0.0
0.0
0.0
0.0
0.0
0.0
0.0
0.0
0.0
0.0
0.0
0.0
0.0
0.0
0.0
0.0
0.0
0.0
0.0
0.0
0.0
0.0
0.0
0.0
0.0
0.0
0.0
0.0
0.0
0.0
0.0
0.0
0.0
0.0
0.0
0.0
0.0
0.0
0.0
0.0
0.0
0.0
0.0
0.0
0.0
0.0
0.0
0.0
0.0
0.0
0.0
0.0
0.0
0.0
0.0
0.0
0.0
0.0
0.0
0.0
0.0
0.0
0.0
0.0
0.0
0.0
0.0
0.0
0.0
0.0
0.0
0.0
0.0
0.0
0.0
0.0
0.0
0.0
0.0
0.0
0.0
0.0
0.0
0.0
0.0
0.0
0.0
0.0
0.0
0.0
0.0
0.0
0.0
0.0
0.0
0.0
0.0
0.0
0.0
0.0
0.0
0.0
0.0
0.0
0.0
0.0
0.0
0.0
0.0
0.0
0.027450980392156876
0.3529411764705882
0.0
0.0
0.0
0.0
0.0
0.32156862745098036
0.7294117647058824
0.17647058823529416
0.0
0.0
0.0
0.0
0.0
0.0
0.0
0.0
0.0
0.0
0.0
0.0
0.0
0.0
0.0
0.0
0.0
0.0
0.18039215686274512
0.20392156862745103
0.0
0.0
0.0
0.0
0.0117647058823529
0.8274509803921568
0.996078431372549
0.607843137254902
0.0
0.0
0.0
0.0
0.0
0.0
0.0
0.0
0.0
0.0
0.0
0.0
0.0
0.0
0.0
0.0
0.0
0.07843137254901966
0.03529411764705881
0.0
0.0
0.0
0.0
0.0
0.039215686274509776
0.996078431372549
0.7647058823529411
0.9215686274509804
0.0
0.0
0.0
0.0
0.0
0.0
0.0
0.0
0.0
0.0
0.14117647058823535
0.32156862745098036
0.05882352941176472
0.0
0.0
0.0
0.0
0.7960784313725491
0.49411764705882355
0.0
0.0
0.0
0.0
0.0
0.2823529411764706
0.9215686274509804
0.2313725490196078
0.996078431372549
0.0
0.0
0.0
0.0
0.0
0.0
0.0
0.0
0.0
0.10196078431372546
0.9686274509803922
0.996078431372549
0.6470588235294117
0.0
0.0
0.0
0.2431372549019608
0.9882352941176471
0.2705882352941177
0.0
0.0
0.0
0.0
0.0
0.403921568627451
0.7176470588235294
0.015686274509803977
0.996078431372549
0.0
0.0
0.0
0.0
0.0
0.0
0.0
0.0
0.0
0.3764705882352941
0.8509803921568627
0.19999999999999996
0.2666666666666667
0.0
0.0
0.0
0.7960784313725491
0.9098039215686274
0.04313725490196074
0.0
0.0
0.0
0.0
0.0
0.41960784313725485
0.6745098039215687
0.0117647058823529
0.9568627450980391
0.0
0.0
0.0
0.0
0.0
0.0
0.0
0.0
0.0980392156862745
0.9686274509803922
0.4117647058823529
0.0
0.0
0.0
0.0
0.18039215686274512
0.9882352941176471
0.8705882352941177
0.0
0.0
0.0
0.0
0.0
0.0
0.580392156862745
0.4666666666666667
0.007843137254901933
0.8784313725490196
0.0
0.0
0.0
0.0
0.0
0.0
0.0
0.0
0.5647058823529412
0.8470588235294118
0.0117647058823529
0.0
0.0
0.0
0.0
0.6666666666666667
0.9607843137254902
0.9176470588235295
0.050980392156862786
0.0
0.0
0.0
0.0
0.0
0.7960784313725491
0.3686274509803922
0.0117647058823529
0.9098039215686274
0.0
0.0
0.0
0.0
0.0
0.0
0.0
0.0
0.7450980392156863
0.5411764705882354
0.0
0.0
0.0
0.0
0.30980392156862746
0.9843137254901961
0.4666666666666667
0.9254901960784314
0.12549019607843137
0.0
0.0
0.0
0.0
0.03529411764705881
0.9215686274509804
0.21568627450980393
0.015686274509803977
0.996078431372549
0.0
0.0
0.0
0.0
0.0
0.0
0.0
0.0
0.9647058823529412
0.36078431372549025
0.0
0.0
0.0
0.02352941176470591
0.803921568627451
0.7411764705882353
0.015686274509803977
0.8823529411764706
0.3764705882352941
0.0
0.0
0.0
0.0
0.14509803921568631
0.9333333333333333
0.027450980392156876
0.015686274509803977
0.996078431372549
0.0
0.0
0.0
0.0
0.0
0.0
0.0
0.0
0.996078431372549
0.2666666666666667
0.0
0.0
0.0
0.6392156862745098
0.9803921568627452
0.17647058823529416
0.0
0.7960784313725491
0.7843137254901961
0.0
0.0
0.0
0.0
0.3058823529411765
0.7058823529411764
0.0
0.2313725490196078
0.996078431372549
0.0
0.0
0.0
0.0
0.0
0.0
0.0
0.0
1.0
0.18039215686274512
0.0
0.0
0.42352941176470593
0.9882352941176471
0.5058823529411764
0.0
0.0
0.4627450980392157
0.9490196078431372
0.1686274509803921
0.0
0.0
0.0
0.3058823529411765
0.49411764705882355
0.0
0.5019607843137255
0.7803921568627451
0.0
0.0
0.0
0.0
0.0
0.0
0.0
0.0
1.0
0.09411764705882353
0.05882352941176472
0.42352941176470593
0.9882352941176471
0.6588235294117647
0.015686274509803977
0.0
0.0
0.0862745098039216
0.9529411764705882
0.6196078431372549
0.0
0.0
0.0
0.5137254901960784
0.43529411764705883
0.03137254901960784
0.8431372549019608
0.596078431372549
0.0
0.0
0.0
0.0
0.0
0.0
0.0
0.0
0.996078431372549
0.8666666666666667
0.9490196078431372
0.996078431372549
0.6470588235294117
0.027450980392156876
0.0
0.0
0.0
0.0
0.5647058823529412
0.9764705882352941
0.28627450980392155
0.0
0.0
0.5725490196078431
0.20392156862745103
0.36078431372549025
0.9921568627450981
0.207843137254902
0.0
0.0
0.0
0.0
0.0
0.0
0.0
0.0
0.4392156862745098
0.6901960784313725
0.6352941176470588
0.3254901960784313
0.0117647058823529
0.0
0.0
0.0
0.0
0.0
0.050980392156862786
0.9058823529411765
0.9098039215686274
0.1843137254901961
0.0
0.7294117647058824
0.16470588235294115
0.7372549019607844
0.8274509803921568
0.0
0.0
0.0
0.0
0.0
0.0
0.0
0.0
0.0
0.0
0.0
0.0
0.0
0.0
0.0
0.0
0.0
0.0
0.0
0.0
0.23921568627450984
0.9333333333333333
0.9294117647058824
0.5882352941176471
0.9019607843137255
0.8549019607843137
0.9686274509803922
0.21176470588235297
0.0
0.0
0.0
0.0
0.0
0.0
0.0
0.0
0.0
0.0
0.0
0.0
0.0
0.0
0.0
0.0
0.0
0.0
0.0
0.0
0.0
0.1843137254901961
0.7372549019607844
0.9764705882352941
0.996078431372549
0.8313725490196078
0.27450980392156865
0.0
0.0
0.0
0.0
0.0
0.0
0.0
0.0
0.0
0.0
0.0
0.0
0.0
0.0
0.0
0.0
0.0
0.0
0.0
0.0
0.0
0.0
0.0
0.0
0.1686274509803921
0.4392156862745098
0.0
0.0
0.0
0.0
0.0
0.0
0.0
0.0
0.0
0.0
0.0
0.0
0.0
0.0
0.0
0.0
0.0
0.0
0.0
0.0
0.0
0.0
0.0
0.0
0.0
0.0
0.0
0.0
0.0
0.0
0.0
0.0
0.0
0.0
0.0
0.0
0.0
0.0
0.0
0.0
0.0
0.0
0.0
0.0
0.0
0.0
0.0
0.0
0.0
0.0
0.0
0.0
0.0
0.0
0.0
0.0
0.0
0.0
0.0
0.0
0.0
0.0
0.0
0.0
0.0
0.0
0.0
0.0
0.0
0.0
0.0
0.0
0.0
0.0
0.0
0.0
0.0
0.0
0.0
0.0
0.0
0.0
0.0
0.0
0.0
0.0
0.0
0.0
0.0
0.0
0.0
0.0
0.0
0.0
0.0
0.0
0.0
0.0
0.0
0.0
0.0
0.0
0.0
0.0
0.0
0.0
0.0
0.0
0.0
0.0
0.0
0.0
0.0
0.0
0.0
0.0
0.0
0.0
0.0
0.0
0.0
0.0
0.0
0.0
0.0
0.0
0.0
0.0
0.0
0.0
0.0
0.0
0.0
0.0
0.0
0.0
0.0
0.0
0.0
0.0
0.0
0.0
0.0
0.0
0.0
0.0
0.0
0.0
0.0
