0.0
0.0
0.0
0.0
0.0
0.0
0.0
0.0
0.0
0.0
0.0
0.0
0.0
0.0
0.0
0.0
0.0
0.0
0.0
0.0
0.0
0.0
0.0
0.0
0.0
0.0
0.0
0.0
0.0
0.0
0.0
0.0
0.0
0.0
0.0
0.0
0.0
0.0
0.0
0.0
0.0
0.0
0.0
0.0
0.0
0.0
0.0
0.0
0.0
0.0
0.0
0.0
0.0
0.0
0.0
0.0
0.0
0.0
0.0
0.0
0.0
0.0
0.0
0.0
0.0
0.0
0.0
0.0
0.0
0.0
0.0
0.0
0.0
0.0
0.0
0.0
0.0
0.0
0.0
0.0
0.0
0.0
0.0
0.0
0.0
0.0
0.0
0.0
0.0
0.0
0.0
0.0
0.0
0.0
0.0
0.0
0.0
0.0
0.0
0.0
0.0
0.0
0.0
0.0
0.0
0.0
0.0
0.0
0.0
0.0
0.0
0.0
0.0
0.0
0.0
0.0
0.0
0.0
0.0
0.0
0.0
0.0
0.0
0.0
0.0
0.0
0.0
0.0
0.0
0.0
0.0
0.0
0.0
0.0
0.0
0.0
0.0
0.0
0.0
0.0
0.0
0.0
0.0
0.0
0.0
0.0
0.0
0.0
0.0
0.0
0.0
0.0
0.0
0.0
0.0
0.0
0.0
0.0
0.0
0.0
0.0
0.0
0.0
0.0
0.0
0.0
0.0
0.0
0.0
0.0
0.0
0.0
0.0
0.0
0.0
0.0
0.0
0.0
0.0
0.0
0.0
0.0
0.0
0.0
0.0
0.0
0.0
0.0
0.0
0.0
0.0
0.0
0.0
0.0
0.0
0.0
0.0
0.0
0.0
0.0
0.0
0.0
0.0
0.0
0.0
0.0
0.0
0.2705882352941177
0.6784313725490196
0.9725490196078431
0.9725490196078431
0.6745098039215687
0.3686274509803922
0.34509803921568627
0.0
0.0
0.0
0.0
0.0
0.0
0.0
0.0
0.0
0.0
0.0
0.0
0.0
0.0
0.0
0.0
0.0
0.0
0.02352941176470591
0.4901960784313726
0.7607843137254902
0.9333333333333333
0.996078431372549
0.996078431372549
0.996078431372549
0.996078431372549
0.996078431372549
0.9843137254901961
0.7607843137254902
0.611764705882353
0.05490196078431375
0.0
0.0
0.0
0.0
0.0
0.0
0.0
0.0
0.0
0.0
0.0
0.0
0.0
0.0
0.0
0.15294117647058825
0.996078431372549
0.996078431372549
0.996078431372549
0.996078431372549
0.996078431372549
0.996078431372549
0.996078431372549
0.996078431372549
0.996078431372549
0.996078431372549
0.996078431372549
0.7098039215686274
0.3176470588235294
0.0
0.0
0.0
0.0
0.0
0.0
0.0
0.0
0.0
0.0
0.0
0.0
0.196078431372549
0.5568627450980392
0.9529411764705882
0.996078431372549
0.996078431372549
0.996078431372549
0.996078431372549
0.996078431372549
0.996078431372549
0.996078431372549
0.996078431372549
0.996078431372549
0.996078431372549
0.996078431372549
0.996078431372549
0.9764705882352941
0.7411764705882353
0.0
0.0
0.0
0.0
0.0
0.0
0.0
0.0
0.0
0.0
0.13725490196078427
0.8862745098039215
0.996078431372549
0.996078431372549
0.996078431372549
0.996078431372549
0.9098039215686274
0.8745098039215686
0.8745098039215686
0.8745098039215686
0.8745098039215686
0.8745098039215686
0.8745098039215686
0.8745098039215686
0.9803921568627452
0.996078431372549
0.996078431372549
0.9411764705882353
0.28627450980392155
0.0
0.0
0.0
0.0
0.0
0.0
0.0
0.0
0.0
0.5019607843137255
0.996078431372549
0.996078431372549
0.996078431372549
0.996078431372549
0.8235294117647058
0.12941176470588234
0.0
0.0
0.0
0.0
0.0
0.0
0.0
0.8509803921568627
1.0
0.996078431372549
0.996078431372549
0.7058823529411764
0.0
0.0
0.0
0.0
0.0
0.0
0.0
0.0
0.1215686274509804
0.8549019607843137
0.996078431372549
0.996078431372549
0.9529411764705882
0.36078431372549025
0.05882352941176472
0.0
0.0
0.0
0.0
0.0
0.0
0.0
0.0
0.29803921568627456
0.996078431372549
0.996078431372549
0.996078431372549
0.8117647058823529
0.0
0.0
0.0
0.0
0.0
0.0
0.0
0.0
0.4549019607843138
0.996078431372549
0.996078431372549
0.996078431372549
0.42352941176470593
0.0
0.0
0.0
0.0
0.0
0.0
0.0
0.0
0.0
0.0
0.6705882352941177
0.996078431372549
0.996078431372549
0.996078431372549
0.3921568627450981
0.0
0.0
0.0
0.0
0.0
0.0
0.0
0.0
0.7058823529411764
0.996078431372549
0.996078431372549
0.8196078431372549
0.12549019607843137
0.0
0.0
0.0
0.0
0.0
0.0
0.0
0.0
0.03137254901960784
0.4901960784313726
0.9215686274509804
0.996078431372549
0.996078431372549
0.996078431372549
0.3921568627450981
0.0
0.0
0.0
0.0
0.0
0.0
0.0
0.0
0.04705882352941182
0.6470588235294117
0.996078431372549
0.9568627450980391
0.788235294117647
0.12549019607843137
0.0
0.0
0.0
0.0
0.0
0.0
0.2431372549019608
0.6901960784313725
0.996078431372549
0.996078431372549
0.996078431372549
0.996078431372549
0.6431372549019607
0.04705882352941182
0.0
0.0
0.0
0.0
0.0
0.0
0.0
0.0
0.0
0.1843137254901961
0.996078431372549
0.996078431372549
0.996078431372549
0.8156862745098039
0.6705882352941177
0.6705882352941177
0.6705882352941177
0.6705882352941177
0.6705882352941177
0.6705882352941177
0.9607843137254902
0.996078431372549
0.996078431372549
0.996078431372549
0.996078431372549
0.6784313725490196
0.05882352941176472
0.0
0.0
0.0
0.0
0.0
0.0
0.0
0.0
0.0
0.0
0.1843137254901961
0.996078431372549
0.996078431372549
0.996078431372549
0.996078431372549
0.996078431372549
0.996078431372549
0.996078431372549
0.996078431372549
0.996078431372549
0.996078431372549
0.996078431372549
0.996078431372549
0.996078431372549
0.996078431372549
0.6901960784313725
0.0
0.0
0.0
0.0
0.0
0.0
0.0
0.0
0.0
0.0
0.0
0.0
0.027450980392156876
0.14901960784313728
0.7411764705882353
0.9411764705882353
0.996078431372549
0.996078431372549
0.996078431372549
0.996078431372549
0.996078431372549
0.996078431372549
0.996078431372549
0.996078431372549
0.996078431372549
0.996078431372549
0.6392156862745098
0.05490196078431375
0.0
0.0
0.0
0.0
0.0
0.0
0.0
0.0
0.0
0.0
0.0
0.0
0.0
0.0
0.0
0.27450980392156865
0.36078431372549025
0.9333333333333333
0.9686274509803922
0.9686274509803922
0.9686274509803922
0.9686274509803922
0.9686274509803922
0.9686274509803922
0.9686274509803922
0.6901960784313725
0.05490196078431375
0.0
0.0
0.0
0.0
0.0
0.0
0.0
0.0
0.0
0.0
0.0
0.0
0.0
0.0
0.0
0.0
0.0
0.0
0.0
0.0
0.0
0.0
0.0
0.0
0.0
0.0
0.0
0.0
0.0
0.0
0.0
0.0
0.0
0.0
0.0
0.0
0.0
0.0
0.0
0.0
0.0
0.0
0.0
0.0
0.0
0.0
0.0
0.0
0.0
0.0
0.0
0.0
0.0
0.0
0.0
0.0
0.0
0.0
0.0
0.0
0.0
0.0
0.0
0.0
0.0
0.0
0.0
0.0
0.0
0.0
0.0
0.0
0.0
0.0
0.0
0.0
0.0
0.0
0.0
0.0
0.0
0.0
0.0
0.0
0.0
0.0
0.0
0.0
0.0
0.0
0.0
0.0
0.0
0.0
0.0
0.0
0.0
0.0
0.0
0.0
0.0
0.0
0.0
0.0
0.0
0.0
0.0
0.0
0.0
0.0
0.0
0.0
0.0
0.0
0.0
0.0
0.0
0.0
0.0
0.0
0.0
0.0
0.0
0.0
0.0
0.0
0.0
0.0
0.0
0.0
0.0
0.0
0.0
0.0
0.0
0.0
0.0
0.0
0.0
0.0
0.0
0.0
0.0
0.0
0.0
0.0
0.0
0.0
0.0
0.0
0.0
0.0
0.0
0.0
0.0
0.0
0.0
0.0
0.0
0.0
0.0
0.0
0.0
0.0
0.0
0.0
0.0
0.0
0.0
0.0
0.0
0.0
0.0
0.0
0.0
0.0
0.0
0.0
0.0
0.0
0.0
0.0
0.0
0.0
0.0
0.0
0.0
0.0
0.0
0.0
0.0
0.0
0.0
0.0
0.0
0.0
0.0
0.0
0.0
0.0
0.0
0.0
0.0
0.0
