0.0
0.0
0.0
0.0
0.0
0.0
0.0
0.0
0.0
0.0
0.0
0.0
0.0
0.0
0.0
0.0
0.0
0.0
0.0
0.0
0.0
0.0
0.0
0.0
0.0
0.0
0.0
0.0
0.0
0.0
0.0
0.0
0.0
0.0
0.0
0.0
0.0
0.0
0.0
0.0
0.0
0.0
0.0
0.0
0.0
0.0
0.0
0.0
0.0
0.0
0.0
0.0
0.0
0.0
0.0
0.0
0.0
0.0
0.0
0.0
0.0
0.0
0.0
0.0
0.0
0.0
0.0
0.0
0.0
0.0
0.0
0.0
0.0
0.0
0.0
0.0
0.0
0.0
0.0
0.0
0.0
0.0
0.0
0.0
0.0
0.0
0.0
0.0
0.0
0.0
0.0
0.0
0.0
0.0
0.0
0.0
0.0
0.0
0.0
0.0
0.0
0.0
0.0
0.0
0.0
0.0
0.0
0.0
0.0
0.0
0.0
0.0
0.0
0.0
0.0
0.0
0.0
0.0
0.0
0.0
0.0
0.0
0.0
0.0
0.0
0.0
0.0
0.0
0.0
0.0
0.0
0.0
0.0
0.0
0.0
0.0
0.0
0.0
0.0
0.0
0.0
0.0
0.0
0.0
0.0
0.0
0.0
0.0
0.0
0.0
0.0
0.0
0.0
0.0
0.0
0.0
0.0
0.0
0.0
0.0
0.0
0.0
0.0
0.0
0.0
0.0
0.0
0.0
0.0
0.0
0.0
0.0
0.0
0.0
0.0
0.0
0.0
0.0
0.0
0.0
0.0
0.0
0.0
0.0
0.0
0.027450980392156876
0.11372549019607847
0.11372549019607847
0.0
0.0
0.0
0.0
0.0
0.0
0.0
0.0
0.0
0.0
0.0
0.0
0.0
0.0
0.17647058823529416
0.22352941176470587
0.47058823529411764
0.6627450980392157
0.6627450980392157
0.2705882352941177
0.19999999999999996
0.0
0.0
0.10196078431372546
0.27450980392156865
0.7333333333333334
0.9882352941176471
0.9882352941176471
0.42352941176470593
0.07450980392156858
0.0
0.0
0.0
0.0
0.0
0.0
0.0
0.0
0.0
0.0
0.039215686274509776
0.43137254901960786
0.9411764705882353
0.9882352941176471
0.9921568627450981
0.9882352941176471
0.9882352941176471
0.9882352941176471
0.9215686274509804
0.1098039215686275
0.11372549019607847
0.8235294117647058
0.9921568627450981
0.9882352941176471
0.9882352941176471
0.9882352941176471
0.9921568627450981
0.7450980392156863
0.07450980392156858
0.0
0.0
0.0
0.0
0.0
0.0
0.0
0.0
0.0
0.7019607843137254
0.9882352941176471
0.9882352941176471
0.9882352941176471
0.9921568627450981
0.9882352941176471
0.9882352941176471
0.9882352941176471
0.9921568627450981
0.9176470588235295
0.9176470588235295
0.9882352941176471
0.9921568627450981
0.9882352941176471
0.6431372549019607
0.9411764705882353
0.9921568627450981
0.9882352941176471
0.4156862745098039
0.0
0.0
0.0
0.0
0.0
0.0
0.0
0.0
0.0
1.0
0.9921568627450981
0.9921568627450981
0.9921568627450981
0.19999999999999996
0.0
0.34901960784313724
0.6862745098039216
0.996078431372549
0.9921568627450981
0.9921568627450981
0.9921568627450981
0.44705882352941173
0.0
0.0
0.0
0.9490196078431372
0.9921568627450981
0.8470588235294118
0.06274509803921569
0.0
0.0
0.0
0.0
0.0
0.0
0.0
0.0
0.7725490196078432
0.9176470588235295
0.9882352941176471
0.6941176470588235
0.0
0.0
0.0
0.34509803921568627
0.9921568627450981
0.9882352941176471
0.9882352941176471
0.9882352941176471
0.34509803921568627
0.0
0.0
0.0
0.4549019607843138
0.9882352941176471
0.9882352941176471
0.207843137254902
0.0
0.0
0.0
0.0
0.0
0.0
0.0
0.0
0.0
0.6627450980392157
0.9882352941176471
0.5450980392156863
0.0
0.0
0.0
0.0
0.9921568627450981
0.9882352941176471
0.9882352941176471
0.4980392156862745
0.0
0.0
0.0
0.0
0.07450980392156858
0.8784313725490196
0.9882352941176471
0.5450980392156863
0.0
0.0
0.0
0.0
0.0
0.0
0.0
0.0
0.0
0.6627450980392157
0.9882352941176471
0.5450980392156863
0.0
0.0
0.0
0.0
0.9921568627450981
0.9882352941176471
0.6941176470588235
0.0117647058823529
0.0
0.0
0.0
0.0
0.0
0.6627450980392157
0.9882352941176471
0.9411764705882353
0.0
0.0
0.0
0.0
0.0
0.0
0.0
0.0
0.0
0.6627450980392157
0.9921568627450981
0.5490196078431373
0.0
0.0
0.0
0.49411764705882355
0.996078431372549
0.9921568627450981
0.6588235294117647
0.0
0.0
0.0
0.0
0.0
0.0
0.42352941176470593
0.9921568627450981
0.9921568627450981
0.0
0.0
0.0
0.0
0.0
0.0
0.0
0.0
0.0
0.6627450980392157
0.9882352941176471
0.6470588235294117
0.0
0.0
0.0
0.8823529411764706
0.9921568627450981
0.9882352941176471
0.7333333333333334
0.027450980392156876
0.0
0.0
0.0
0.0
0.0
0.22352941176470587
0.9882352941176471
0.9882352941176471
0.0
0.0
0.0
0.0
0.0
0.0
0.0
0.0
0.0
0.6627450980392157
0.9882352941176471
0.9882352941176471
0.0
0.0
0.11372549019607847
0.9176470588235295
0.9921568627450981
0.9882352941176471
0.9882352941176471
0.1098039215686275
0.0
0.0
0.0
0.0
0.0
0.5647058823529412
0.9882352941176471
0.9882352941176471
0.0
0.0
0.0
0.0
0.0
0.0
0.0
0.0
0.0
0.2705882352941177
0.9882352941176471
0.9882352941176471
0.6392156862745098
0.7372549019607844
0.9176470588235295
0.9882352941176471
0.9921568627450981
0.9882352941176471
0.9882352941176471
0.1098039215686275
0.0
0.0
0.0
0.0
0.0
0.6627450980392157
0.9882352941176471
0.9882352941176471
0.0
0.0
0.0
0.0
0.0
0.0
0.0
0.0
0.0
0.10196078431372546
0.8235294117647058
0.9921568627450981
0.996078431372549
0.9921568627450981
0.9921568627450981
0.9450980392156862
0.5058823529411764
0.9921568627450981
0.9921568627450981
0.1568627450980392
0.0
0.0
0.0
0.0
0.0
0.6627450980392157
0.9921568627450981
0.9921568627450981
0.0
0.0
0.0
0.0
0.0
0.0
0.0
0.0
0.0
0.0
0.2588235294117647
0.7686274509803921
0.9686274509803922
0.7686274509803921
0.6196078431372549
0.1843137254901961
0.0862745098039216
0.9176470588235295
0.9882352941176471
0.5450980392156863
0.0
0.0
0.0
0.0
0.0
0.6627450980392157
0.9882352941176471
0.9882352941176471
0.0
0.0
0.0
0.0
0.0
0.0
0.0
0.0
0.0
0.0
0.0
0.0
0.196078431372549
0.0
0.0
0.0
0.0
0.5137254901960784
0.9882352941176471
0.6941176470588235
0.0
0.0
0.0
0.0
0.0
0.6627450980392157
0.9882352941176471
0.6431372549019607
0.0
0.0
0.0
0.0
0.0
0.0
0.0
0.0
0.0
0.0
0.0
0.0
0.0
0.0
0.0
0.0
0.0
0.12549019607843137
0.8941176470588235
0.9882352941176471
0.592156862745098
0.0
0.0
0.19999999999999996
0.49411764705882355
0.9529411764705882
0.9882352941176471
0.3529411764705882
0.0
0.0
0.0
0.0
0.0
0.0
0.0
0.0
0.0
0.0
0.0
0.0
0.0
0.0
0.0
0.0
0.0
0.0
0.5294117647058824
0.9921568627450981
0.996078431372549
0.8941176470588235
0.6980392156862745
0.9921568627450981
0.996078431372549
0.9686274509803922
0.8823529411764706
0.0980392156862745
0.0
0.0
0.0
0.0
0.0
0.0
0.0
0.0
0.0
0.0
0.0
0.0
0.0
0.0
0.0
0.0
0.0
0.0
0.1098039215686275
0.7215686274509804
0.9921568627450981
0.9882352941176471
0.9882352941176471
0.9882352941176471
0.9921568627450981
0.6705882352941177
0.0
0.0
0.0
0.0
0.0
0.0
0.0
0.0
0.0
0.0
0.0
0.0
0.0
0.0
0.0
0.0
0.0
0.0
0.0
0.0
0.0
0.0
0.4666666666666667
0.7333333333333334
0.7294117647058824
0.6588235294117647
0.4156862745098039
0.07450980392156858
0.0
0.0
0.0
0.0
0.0
0.0
0.0
0.0
0.0
0.0
0.0
0.0
0.0
0.0
0.0
0.0
0.0
0.0
0.0
0.0
0.0
0.0
0.0
0.027450980392156876
0.02352941176470591
0.0
0.0
0.0
0.0
0.0
0.0
0.0
0.0
0.0
0.0
0.0
0.0
0.0
0.0
0.0
0.0
0.0
0.0
0.0
0.0
0.0
0.0
0.0
0.0
0.0
0.0
0.0
0.0
0.0
0.0
0.0
0.0
0.0
0.0
0.0
0.0
0.0
0.0
0.0
0.0
0.0
0.0
0.0
0.0
0.0
0.0
0.0
0.0
0.0
0.0
0.0
0.0
0.0
0.0
0.0
0.0
0.0
0.0
0.0
0.0
0.0
0.0
0.0
0.0
0.0
