0.0
0.0
0.0
0.0
0.0
0.0
0.0
0.0
0.0
0.0
0.0
0.0
0.0
0.0
0.0
0.0
0.0
0.0
0.0
0.0
0.0
0.0
0.0
0.0
0.0
0.0
0.0
0.0
0.0
0.0
0.0
0.0
0.0
0.0
0.0
0.0
0.0
0.0
0.0
0.0
0.0
0.0
0.0
0.0
0.0
0.0
0.0
0.0
0.0
0.0
0.0
0.0
0.0
0.0
0.0
0.0
0.0
0.0
0.0
0.0
0.0
0.0
0.0
0.0
0.0
0.0
0.0
0.0
0.0
0.0
0.0
0.0
0.0
0.0
0.0
0.0
0.0
0.0
0.0
0.0
0.0
0.0
0.0
0.0
0.0
0.0
0.0
0.0
0.0
0.0
0.0
0.0
0.0
0.0
0.0
0.0
0.0
0.0
0.0
0.0
0.0
0.0
0.0
0.0
0.0
0.0
0.0
0.0
0.0
0.0
0.0
0.0
0.0
0.0
0.0
0.0
0.0
0.0
0.0
0.0
0.14901960784313728
0.22352941176470587
0.22352941176470587
0.0
0.0
0.0
0.0
0.0
0.0
0.0
0.0
0.0
0.0
0.0
0.0
0.0
0.0
0.0
0.0
0.0
0.0
0.0
0.0
0.0
0.0
0.0
0.0
0.09019607843137256
0.9176470588235295
0.9882352941176471
0.9882352941176471
0.0
0.0
0.0
0.0
0.0
0.0
0.0
0.0
0.0
0.0
0.0
0.0
0.0
0.0
0.0
0.0
0.0
0.0
0.0
0.0
0.0
0.0
0.0
0.0
0.30980392156862746
0.9882352941176471
0.9882352941176471
0.792156862745098
0.0
0.0
0.0
0.0
0.0
0.0
0.0
0.0
0.0
0.0
0.0
0.0
0.0
0.0
0.0
0.0
0.0
0.0
0.0
0.0
0.0
0.0
0.0
0.0
0.36078431372549025
0.9921568627450981
0.9921568627450981
0.5019607843137255
0.0
0.0
0.0
0.0
0.0
0.0
0.0
0.0
0.0
0.0
0.0
0.0
0.0
0.0
0.0
0.0
0.0
0.0
0.0
0.0
0.0
0.0
0.0
0.0
0.8470588235294118
0.9882352941176471
0.9882352941176471
0.1098039215686275
0.0
0.0
0.0
0.0
0.0
0.0
0.0
0.0
0.0
0.0
0.0
0.0
0.0
0.0
0.0
0.0
0.0
0.0
0.0
0.0
0.0
0.0
0.0
0.0
0.6470588235294117
0.9882352941176471
0.9882352941176471
0.1098039215686275
0.0
0.0
0.0
0.0
0.0
0.0
0.0
0.0
0.0
0.0
0.0
0.0
0.0
0.0
0.0
0.0
0.0
0.0
0.0
0.0
0.0
0.0
0.0
0.0
0.5529411764705883
0.9882352941176471
0.9882352941176471
0.1098039215686275
0.0
0.0
0.0
0.0
0.0
0.0
0.0
0.0
0.0
0.0
0.0
0.0
0.0
0.0
0.0
0.0
0.0
0.0
0.0
0.0
0.0
0.0
0.0
0.0
0.8
0.9921568627450981
0.9921568627450981
0.1098039215686275
0.0
0.0
0.0
0.0
0.0
0.0
0.0
0.0
0.0
0.0
0.0
0.0
0.0
0.0
0.0
0.0
0.0
0.0
0.0
0.0
0.0
0.0
0.0
0.0
0.6980392156862745
0.9882352941176471
0.9882352941176471
0.1098039215686275
0.0
0.0
0.0
0.0
0.0
0.0
0.0
0.0
0.0
0.0
0.0
0.0
0.0
0.0
0.0
0.0
0.0
0.0
0.0
0.0
0.0
0.0
0.0
0.0
0.5529411764705883
0.9882352941176471
0.8392156862745098
0.05882352941176472
0.0
0.0
0.0
0.0
0.0
0.0
0.0
0.0
0.039215686274509776
0.6274509803921569
0.7725490196078432
0.7725490196078432
0.7764705882352941
0.7725490196078432
0.7725490196078432
0.5764705882352941
0.0
0.0
0.0
0.0
0.0
0.0
0.0
0.0
0.9450980392156862
0.9882352941176471
0.9882352941176471
0.1098039215686275
0.0
0.0
0.0
0.0
0.0
0.29803921568627456
0.44313725490196076
0.6392156862745098
0.8980392156862745
0.9882352941176471
0.9882352941176471
0.9882352941176471
0.9921568627450981
0.9882352941176471
0.9882352941176471
0.9882352941176471
0.0
0.0
0.0
0.0
0.0
0.0
0.0
0.0
1.0
0.9921568627450981
0.9921568627450981
0.1098039215686275
0.0
0.0
0.09019607843137256
0.30980392156862746
0.8
0.9921568627450981
0.9921568627450981
0.9921568627450981
0.996078431372549
0.9921568627450981
0.9568627450980391
0.8823529411764706
0.996078431372549
0.9921568627450981
0.9921568627450981
0.9450980392156862
0.0
0.0
0.0
0.0
0.0
0.0
0.0
0.0
0.6980392156862745
0.9882352941176471
0.9882352941176471
0.1098039215686275
0.12549019607843137
0.22352941176470587
0.8196078431372549
0.9882352941176471
0.9921568627450981
0.9882352941176471
0.9882352941176471
0.9882352941176471
0.8705882352941177
0.6705882352941177
0.2196078431372549
0.0
0.3803921568627451
0.8666666666666667
0.7686274509803921
0.2313725490196078
0.0
0.0
0.0
0.0
0.0
0.0
0.0
0.0
0.8980392156862745
0.9882352941176471
0.9882352941176471
0.7960784313725491
0.8980392156862745
0.9882352941176471
0.9882352941176471
0.9882352941176471
0.9921568627450981
0.9882352941176471
0.580392156862745
0.2196078431372549
0.0980392156862745
0.0
0.0
0.0
0.0
0.0980392156862745
0.0
0.0
0.0
0.0
0.0
0.0
0.0
0.0
0.0
0.0
0.9921568627450981
0.9882352941176471
0.9882352941176471
0.9882352941176471
0.9921568627450981
0.9882352941176471
0.9882352941176471
0.592156862745098
0.5019607843137255
0.1098039215686275
0.02352941176470591
0.0
0.0
0.0
0.0
0.0
0.0
0.0
0.0
0.0
0.0
0.0
0.0
0.0
0.0
0.0
0.0
0.0
0.49411764705882355
0.9568627450980391
0.9921568627450981
0.9921568627450981
0.8862745098039215
0.7843137254901961
0.29803921568627456
0.0
0.0
0.0
0.0
0.0
0.0
0.0
0.0
0.0
0.0
0.0
0.0
0.0
0.0
0.0
0.0
0.0
0.0
0.0
0.0
0.0
0.0
0.5137254901960784
0.7686274509803921
0.3764705882352941
0.0
0.0
0.0
0.0
0.0
0.0
0.0
0.0
0.0
0.0
0.0
0.0
0.0
0.0
0.0
0.0
0.0
0.0
0.0
0.0
0.0
0.0
0.0
0.0
0.0
0.0
0.0
0.0
0.0
0.0
0.0
0.0
0.0
0.0
0.0
0.0
0.0
0.0
0.0
0.0
0.0
0.0
0.0
0.0
0.0
0.0
0.0
0.0
0.0
0.0
0.0
0.0
0.0
0.0
0.0
0.0
0.0
0.0
0.0
0.0
0.0
0.0
0.0
0.0
0.0
0.0
0.0
0.0
0.0
0.0
0.0
0.0
0.0
0.0
0.0
0.0
0.0
0.0
0.0
0.0
0.0
0.0
0.0
0.0
0.0
0.0
0.0
0.0
0.0
0.0
0.0
0.0
0.0
0.0
0.0
0.0
0.0
0.0
0.0
0.0
0.0
0.0
0.0
0.0
0.0
0.0
0.0
0.0
0.0
0.0
0.0
0.0
0.0
0.0
0.0
0.0
0.0
0.0
0.0
0.0
0.0
0.0
0.0
0.0
0.0
0.0
0.0
0.0
0.0
0.0
0.0
0.0
0.0
0.0
0.0
0.0
0.0
0.0
0.0
0.0
0.0
0.0
0.0
0.0
0.0
0.0
0.0
0.0
0.0
0.0
0.0
0.0
0.0
0.0
0.0
0.0
0.0
0.0
0.0
0.0
0.0
0.0
0.0
0.0
0.0
0.0
0.0
0.0
0.0
0.0
0.0
0.0
0.0
0.0
0.0
0.0
0.0
0.0
0.0
0.0
0.0
0.0
0.0
0.0
0.0
0.0
0.0
0.0
0.0
0.0
0.0
0.0
0.0
0.0
0.0
0.0
0.0
0.0
0.0
0.0
0.0
0.0
0.0
0.0
0.0
0.0
0.0
0.0
0.0
0.0
0.0
0.0
0.0
