0.0
0.0
0.0
0.0
0.0
0.0
0.0
0.0
0.0
0.0
0.0
0.0
0.0
0.0
0.0
0.0
0.0
0.0
0.0
0.0
0.0
0.0
0.0
0.0
0.0
0.0
0.0
0.0
0.0
0.0
0.0
0.0
0.0
0.0
0.0
0.0
0.0
0.0
0.0
0.0
0.0
0.0
0.0
0.0
0.0
0.0
0.0
0.0
0.0
0.0
0.0
0.0
0.0
0.0
0.0
0.0
0.0
0.0
0.0
0.0
0.0
0.0
0.0
0.0
0.0
0.0
0.0
0.0
0.0
0.0
0.0
0.0
0.0
0.0
0.0
0.0
0.0
0.0
0.0
0.0
0.0
0.0
0.0
0.0
0.0
0.0
0.0
0.0
0.0
0.0
0.0
0.0
0.0
0.0
0.0
0.0
0.0
0.0
0.0
0.0
0.0
0.0
0.0
0.0
0.0
0.0
0.0
0.0
0.0
0.0
0.0
0.0
0.0
0.0
0.0
0.0
0.0
0.0
0.0
0.0
0.0
0.0
0.0
0.0
0.0
0.0
0.0
0.0
0.0
0.0
0.0
0.0
0.0
0.0
0.0
0.0
0.0
0.0
0.0
0.0
0.0
0.0
0.0
0.0
0.0
0.0
0.0
0.0
0.0
0.0
0.0
0.0
0.0
0.0
0.0
0.0
0.0
0.0
0.0
0.0
0.0
0.0
0.0
0.0
0.0
0.0
0.0
0.0
0.0
0.0
0.0
0.0
0.0
0.0
0.0
0.0
0.0
0.0
0.0
0.0
0.0
0.0
0.0
0.0
0.0
0.0
0.0
0.0
0.0
0.0
0.0
0.0
0.0
0.0
0.0
0.0
0.0
0.0
0.0
0.0
0.0
0.0
0.0
0.0
0.4274509803921569
0.9215686274509804
0.9450980392156862
0.9450980392156862
0.603921568627451
0.0
0.0
0.0
0.0
0.0
0.0
0.0
0.0
0.0
0.0
0.0
0.22745098039215683
0.23921568627450984
0.21176470588235297
0.0
0.0
0.0
0.0
0.0
0.0
0.0
0.0
0.20392156862745103
0.9803921568627452
0.9921568627450981
0.9921568627450981
0.9921568627450981
0.4274509803921569
0.0
0.0
0.0
0.0
0.0
0.0
0.0
0.0
0.0
0.0
0.24705882352941178
0.7372549019607844
0.9607843137254902
0.9568627450980391
0.0
0.0
0.0
0.0
0.0
0.0
0.0
0.0
0.6823529411764706
0.9921568627450981
0.9921568627450981
0.9921568627450981
0.4509803921568627
0.015686274509803977
0.0
0.0
0.0
0.0
0.0
0.0
0.0
0.0
0.050980392156862786
0.4392156862745098
0.9529411764705882
0.9921568627450981
0.9921568627450981
0.9921568627450981
0.0
0.0
0.0
0.0
0.0
0.0
0.0
0.0
0.996078431372549
0.9921568627450981
0.9921568627450981
0.8431372549019608
0.06274509803921569
0.0
0.0
0.0
0.0
0.0
0.0
0.0
0.0
0.32156862745098036
0.8862745098039215
0.9921568627450981
0.9921568627450981
0.9921568627450981
0.9843137254901961
0.37254901960784315
0.0
0.0
0.0
0.0
0.0
0.0
0.0
0.0
0.996078431372549
0.9921568627450981
0.9921568627450981
0.4156862745098039
0.0
0.0
0.0
0.0
0.0
0.0
0.07843137254901966
0.33333333333333337
0.6862745098039216
0.9450980392156862
0.9921568627450981
0.9921568627450981
0.9921568627450981
0.5411764705882354
0.3803921568627451
0.0
0.0
0.0
0.0
0.0
0.0
0.0
0.0
0.0
0.996078431372549
0.9921568627450981
0.9921568627450981
0.07450980392156858
0.0
0.0
0.0
0.0
0.0
0.0
0.2313725490196078
0.9921568627450981
0.9921568627450981
0.9921568627450981
0.9529411764705882
0.8431372549019608
0.38431372549019605
0.07843137254901966
0.0
0.0
0.0
0.0
0.0
0.0
0.0
0.0
0.0
0.0
0.996078431372549
0.9921568627450981
0.9921568627450981
0.07450980392156858
0.0
0.0
0.0
0.0
0.0
0.3529411764705882
0.8392156862745098
0.9921568627450981
0.9921568627450981
0.9490196078431372
0.35686274509803917
0.10588235294117643
0.0
0.0
0.0
0.0
0.0
0.0
0.0
0.0
0.0
0.0
0.0
0.0
0.996078431372549
0.9921568627450981
0.9921568627450981
0.07450980392156858
0.0
0.0
0.0
0.08235294117647063
0.403921568627451
0.9411764705882353
0.9921568627450981
0.9921568627450981
0.9450980392156862
0.36078431372549025
0.0
0.0
0.0
0.0
0.0
0.0
0.0
0.0
0.0
0.0
0.0
0.0
0.0
0.0
0.996078431372549
0.9921568627450981
0.9921568627450981
0.07450980392156858
0.0
0.0
0.25098039215686274
0.8196078431372549
0.9921568627450981
0.9921568627450981
0.9921568627450981
0.9921568627450981
0.43529411764705883
0.0
0.0
0.0
0.0
0.0
0.0
0.0
0.0
0.0
0.0
0.0
0.0
0.0
0.0
0.0
0.996078431372549
0.9921568627450981
0.9921568627450981
0.07450980392156858
0.0
0.3686274509803922
0.807843137254902
0.9921568627450981
0.9921568627450981
0.9921568627450981
0.9921568627450981
0.4784313725490196
0.0862745098039216
0.0
0.0
0.0
0.0
0.0
0.0
0.0
0.0
0.0
0.0
0.0
0.0
0.0
0.0
0.0
1.0
0.9921568627450981
0.9921568627450981
0.23921568627450984
0.18039215686274512
0.8901960784313725
0.9921568627450981
0.9921568627450981
0.8509803921568627
0.5490196078431373
0.6941176470588235
0.0862745098039216
0.0
0.0
0.0
0.0
0.0
0.0
0.0
0.0
0.0
0.0
0.0
0.0
0.0
0.0
0.0
0.0
0.9176470588235295
0.9921568627450981
0.9921568627450981
0.9921568627450981
0.9921568627450981
0.9921568627450981
0.9411764705882353
0.6823529411764706
0.06666666666666665
0.0
0.0
0.0
0.0
0.0
0.0
0.0
0.0
0.0
0.0
0.0
0.0
0.0
0.0
0.0
0.0
0.0
0.0
0.0
0.17647058823529416
0.9803921568627452
0.9921568627450981
0.9921568627450981
0.9921568627450981
0.9450980392156862
0.3137254901960784
0.0
0.0
0.0
0.0
0.0
0.0
0.0
0.0
0.0
0.0
0.0
0.0
0.0
0.0
0.0
0.0
0.0
0.0
0.0
0.0
0.0
0.0
0.9725490196078431
0.9921568627450981
0.9921568627450981
0.9529411764705882
0.5686274509803921
0.0
0.0
0.0
0.0
0.0
0.0
0.0
0.0
0.0
0.0
0.0
0.0
0.0
0.0
0.0
0.0
0.0
0.0
0.0
0.0
0.0
0.0
0.0
0.9333333333333333
0.9921568627450981
0.9607843137254902
0.3019607843137255
0.0
0.0
0.0
0.0
0.0
0.0
0.0
0.0
0.0
0.0
0.0
0.0
0.0
0.0
0.0
0.0
0.0
0.0
0.0
0.0
0.0
0.0
0.0
0.0
0.19999999999999996
0.43137254901960786
0.2549019607843137
0.0
0.0
0.0
0.0
0.0
0.0
0.0
0.0
0.0
0.0
0.0
0.0
0.0
0.0
0.0
0.0
0.0
0.0
0.0
0.0
0.0
0.0
0.0
0.0
0.0
0.0
0.0
0.0
0.0
0.0
0.0
0.0
0.0
0.0
0.0
0.0
0.0
0.0
0.0
0.0
0.0
0.0
0.0
0.0
0.0
0.0
0.0
0.0
0.0
0.0
0.0
0.0
0.0
0.0
0.0
0.0
0.0
0.0
0.0
0.0
0.0
0.0
0.0
0.0
0.0
0.0
0.0
0.0
0.0
0.0
0.0
0.0
0.0
0.0
0.0
0.0
0.0
0.0
0.0
0.0
0.0
0.0
0.0
0.0
0.0
0.0
0.0
0.0
0.0
0.0
0.0
0.0
0.0
0.0
0.0
0.0
0.0
0.0
0.0
0.0
0.0
0.0
0.0
0.0
0.0
0.0
0.0
0.0
0.0
0.0
0.0
0.0
0.0
0.0
0.0
0.0
0.0
0.0
0.0
0.0
0.0
0.0
0.0
0.0
0.0
0.0
0.0
0.0
0.0
0.0
0.0
0.0
0.0
0.0
0.0
0.0
0.0
0.0
0.0
0.0
0.0
0.0
0.0
0.0
0.0
0.0
0.0
0.0
0.0
0.0
0.0
0.0
0.0
0.0
0.0
0.0
0.0
