0.0
0.0
0.0
0.0
0.0
0.0
0.0
0.0
0.0
0.0
0.0
0.0
0.0
0.0
0.0
0.0
0.0
0.0
0.0
0.0
0.0
0.0
0.0
0.0
0.0
0.0
0.0
0.0
0.0
0.0
0.0
0.0
0.0
0.0
0.0
0.0
0.0
0.0
0.0
0.0
0.0
0.0
0.0
0.0
0.0
0.0
0.0
0.0
0.0
0.0
0.0
0.0
0.0
0.0
0.0
0.0
0.0
0.0
0.0
0.0
0.0
0.0
0.0
0.0
0.0
0.0
0.0
0.0
0.0
0.0
0.0
0.0
0.0
0.0
0.0
0.0
0.0
0.0
0.0
0.0
0.0
0.0
0.0
0.0
0.0
0.0
0.0
0.0
0.0
0.0
0.0
0.0
0.0
0.0
0.0
0.0
0.0
0.0
0.0
0.0
0.0
0.0
0.0
0.0
0.0
0.0
0.0
0.0
0.0
0.0
0.0
0.0
0.0
0.0
0.0
0.0
0.0
0.0
0.0
0.0
0.0
0.0
0.0
0.0
0.0
0.0
0.0
0.0
0.0
0.0
0.0
0.0
0.0
0.0
0.0
0.0
0.0
0.0
0.0
0.0
0.0
0.0
0.0
0.0
0.0
0.0
0.0
0.0
0.0
0.0
0.0
0.0
0.0
0.0
0.0
0.0
0.0
0.06274509803921569
0.11372549019607847
0.2588235294117647
0.16078431372549018
0.11372549019607847
0.039215686274509776
0.0
0.0
0.0
0.0
0.0
0.0
0.0
0.0
0.0
0.0
0.0
0.0
0.0
0.0
0.0
0.0
0.0
0.0
0.0
0.14901960784313728
0.22352941176470587
0.615686274509804
0.8470588235294118
0.9882352941176471
0.9882352941176471
0.9882352941176471
0.9921568627450981
0.7686274509803921
0.24705882352941178
0.0
0.0
0.0
0.0
0.0
0.0
0.0
0.0
0.0
0.0
0.0
0.0
0.0
0.0
0.0
0.0
0.14901960784313728
0.7764705882352941
0.9176470588235294
0.9882352941176471
0.9882352941176471
0.9921568627450981
0.9882352941176471
0.9882352941176471
0.9882352941176471
0.9921568627450981
0.9882352941176471
0.9176470588235294
0.2313725490196078
0.0
0.0
0.0
0.0
0.0
0.0
0.0
0.0
0.0
0.0
0.0
0.0
0.050980392156862786
0.5411764705882354
0.8823529411764706
0.9294117647058824
0.9921568627450981
0.9882352941176471
0.9882352941176471
0.9882352941176471
0.9921568627450981
0.6941176470588235
0.20392156862745103
0.3058823529411765
0.7960784313725491
0.9882352941176471
0.9882352941176471
0.5450980392156863
0.0
0.0
0.0
0.0
0.0
0.0
0.0
0.0
0.0
0.0
0.0
0.49411764705882355
1.0
0.9921568627450981
0.9921568627450981
0.9921568627450981
0.9843137254901961
0.5882352941176471
0.44313725490196076
0.44313725490196076
0.0
0.0
0.0
0.0
0.30980392156862746
0.9921568627450981
0.9921568627450981
0.7960784313725491
0.0
0.0
0.0
0.0
0.0
0.0
0.0
0.0
0.0
0.14901960784313728
0.37254901960784315
0.9529411764705882
0.9921568627450981
0.9882352941176471
0.8156862745098039
0.7686274509803921
0.2941176470588235
0.0
0.0
0.0
0.0
0.0
0.0
0.0
0.11372549019607847
0.9882352941176471
0.9882352941176471
0.9882352941176471
0.0
0.0
0.0
0.0
0.0
0.0
0.0
0.0
0.23529411764705888
0.9176470588235294
0.9882352941176471
0.9882352941176471
0.9568627450980393
0.5568627450980392
0.050980392156862786
0.0
0.0
0.0
0.0
0.0
0.0
0.0
0.0
0.0
0.11372549019607847
0.9882352941176471
0.9882352941176471
0.6431372549019607
0.0
0.0
0.0
0.0
0.0
0.0
0.0
0.0
0.7490196078431373
0.9882352941176471
0.9882352941176471
0.9882352941176471
0.0980392156862745
0.0
0.0
0.0
0.0
0.0
0.0
0.0
0.0
0.0
0.0
0.0
0.5019607843137255
0.9882352941176471
0.9882352941176471
0.1568627450980392
0.0
0.0
0.0
0.0
0.0
0.0
0.0
0.0
1.0
0.9921568627450981
0.9921568627450981
0.9921568627450981
0.7529411764705882
0.1843137254901961
0.0
0.0
0.0
0.0
0.0
0.0
0.0
0.0
0.0
0.050980392156862786
0.996078431372549
0.9921568627450981
0.9568627450980393
0.0980392156862745
0.0
0.0
0.0
0.0
0.0
0.0
0.0
0.0
0.8941176470588236
0.9882352941176471
0.9882352941176471
0.9882352941176471
0.9921568627450981
0.4274509803921569
0.0
0.0
0.0
0.0
0.0
0.0
0.0
0.0
0.07450980392156858
0.5647058823529412
0.9921568627450981
0.9882352941176471
0.5568627450980392
0.0
0.0
0.0
0.0
0.0
0.0
0.0
0.0
0.0
0.5529411764705883
0.9882352941176471
0.9882352941176471
0.9882352941176471
0.9921568627450981
0.7686274509803921
0.0
0.0
0.0
0.0
0.0
0.0
0.0
0.0
0.48235294117647054
0.9882352941176471
0.9921568627450981
0.9882352941176471
0.2196078431372549
0.0
0.0
0.0
0.0
0.0
0.0
0.0
0.0
0.0
0.5529411764705883
0.9882352941176471
0.9882352941176471
0.9882352941176471
0.9921568627450981
0.7686274509803921
0.0
0.0
0.0
0.0
0.0
0.0
0.0
0.19999999999999996
0.9647058823529412
0.9882352941176471
0.9921568627450981
0.4
0.02352941176470591
0.0
0.0
0.0
0.0
0.0
0.0
0.0
0.0
0.0
1.0
0.9921568627450981
0.6588235294117647
0.0
0.5058823529411764
0.3294117647058824
0.0
0.0
0.0
0.0
0.0
0.0
0.30980392156862746
0.8470588235294118
0.9921568627450981
0.9921568627450981
0.6392156862745098
0.14901960784313728
0.0
0.0
0.0
0.0
0.0
0.0
0.0
0.0
0.0
0.0
0.9921568627450981
0.9882352941176471
0.5568627450980392
0.0
0.039215686274509776
0.1098039215686275
0.0
0.0
0.0
0.0
0.0
0.19999999999999996
0.8470588235294118
0.9882352941176471
0.9882352941176471
0.792156862745098
0.0
0.0
0.0
0.0
0.0
0.0
0.0
0.0
0.0
0.0
0.0
0.0
0.9921568627450981
0.9882352941176471
0.3686274509803922
0.0
0.0
0.0
0.0
0.0
0.0
0.07450980392156858
0.33333333333333337
0.9176470588235294
0.9921568627450981
0.9882352941176471
0.7294117647058824
0.02352941176470591
0.0
0.0
0.0
0.0
0.0
0.0
0.0
0.0
0.0
0.0
0.0
0.0
0.6
0.9882352941176471
0.9529411764705882
0.4901960784313726
0.0
0.0
0.0
0.0
0.49411764705882355
0.9058823529411765
0.9882352941176471
0.9882352941176471
0.9921568627450981
0.592156862745098
0.07450980392156858
0.0
0.0
0.0
0.0
0.0
0.0
0.0
0.0
0.0
0.0
0.0
0.0
0.0
0.10196078431372546
0.9568627450980393
0.9921568627450981
0.9921568627450981
0.996078431372549
0.9921568627450981
0.9921568627450981
0.9921568627450981
0.996078431372549
0.9921568627450981
0.9921568627450981
0.9450980392156862
0.39607843137254906
0.0
0.0
0.0
0.0
0.0
0.0
0.0
0.0
0.0
0.0
0.0
0.0
0.0
0.0
0.0
0.0
0.32156862745098036
0.7686274509803921
0.9647058823529412
0.9921568627450981
0.9882352941176471
0.9882352941176471
0.9882352941176471
0.9921568627450981
0.9411764705882353
0.6196078431372549
0.1843137254901961
0.0
0.0
0.0
0.0
0.0
0.0
0.0
0.0
0.0
0.0
0.0
0.0
0.0
0.0
0.0
0.0
0.0
0.0
0.0
0.196078431372549
0.4666666666666667
0.6588235294117647
0.9176470588235294
0.9882352941176471
0.807843137254902
0.3176470588235294
0.0
0.0
0.0
0.0
0.0
0.0
0.0
0.0
0.0
0.0
0.0
0.0
0.0
0.0
0.0
0.0
0.0
0.0
0.0
0.0
0.0
0.0
0.0
0.0
0.0862745098039216
0.1098039215686275
0.050980392156862786
0.0
0.0
0.0
0.0
0.0
0.0
0.0
0.0
0.0
0.0
0.0
0.0
0.0
0.0
0.0
0.0
0.0
0.0
0.0
0.0
0.0
0.0
0.0
0.0
0.0
0.0
0.0
0.0
0.0
0.0
0.0
0.0
0.0
0.0
0.0
0.0
0.0
0.0
0.0
0.0
0.0
0.0
0.0
0.0
0.0
0.0
0.0
0.0
0.0
0.0
0.0
0.0
0.0
0.0
0.0
0.0
0.0
0.0
0.0
0.0
0.0
0.0
0.0
0.0
0.0
0.0
0.0
0.0
0.0
0.0
0.0
0.0
0.0
0.0
0.0
0.0
0.0
0.0
0.0
0.0
0.0
0.0
0.0
0.0
0.0
0.0
0.0
0.0
0.0
0.0
0.0
0.0
0.0
0.0
0.0
0.0
0.0
0.0
