0.0
0.0
0.0
0.0
0.0
0.0
0.0
0.0
0.0
0.0
0.0
0.0
0.0
0.0
0.0
0.0
0.0
0.0
0.0
0.0
0.0
0.0
0.0
0.0
0.0
0.0
0.0
0.0
0.0
0.0
0.0
0.0
0.0
0.0
0.0
0.0
0.0
0.0
0.0
0.0
0.0
0.0
0.0
0.0
0.0
0.0
0.0
0.0
0.0
0.0
0.0
0.0
0.0
0.0
0.0
0.0
0.0
0.0
0.0
0.0
0.0
0.0
0.0
0.0
0.0
0.0
0.0
0.0
0.0
0.0
0.0
0.0
0.0
0.0
0.0
0.0
0.0
0.0
0.0
0.0
0.0
0.0
0.0
0.0
0.0
0.0
0.0
0.0
0.0
0.0
0.0
0.0
0.0
0.0
0.0
0.0
0.0
0.0
0.0
0.0
0.0
0.0
0.0
0.0
0.0
0.0
0.0
0.0
0.0
0.0
0.0
0.0
0.0
0.0
0.0
0.0
0.0
0.0
0.0
0.0
0.0
0.0
0.0
0.0
0.0
0.0
0.0
0.0
0.0
0.0
0.0
0.0
0.0
0.0
0.0
0.0
0.0
0.0
0.0
0.0
0.0
0.0
0.0
0.0
0.0
0.0
0.0
0.0
0.0
0.0
0.0
0.0
0.0
0.0
0.0
0.0
0.0
0.0
0.0
0.0
0.0
0.0
0.0
0.0
0.0
0.0
0.0
0.0
0.0
0.0
0.0
0.0
0.0
0.0
0.0
0.0
0.0
0.0
0.0
0.0
0.0
0.0
0.0
0.0
0.0
0.0
0.0
0.0
0.0
0.0
0.0
0.0
0.0
0.0
0.0
0.0
0.0
0.0
0.0
0.0
0.0
0.0
0.0
0.0
0.0
0.08235294117647063
0.2823529411764706
0.0
0.0
0.0
0.0
0.007843137254901933
0.3686274509803922
0.8588235294117648
0.8745098039215686
0.7019607843137254
0.39607843137254906
0.007843137254901933
0.0
0.0
0.0
0.0
0.0
0.0
0.0
0.0
0.0
0.0
0.0
0.0
0.0
0.0
0.0
0.0
0.0
0.0
0.0
0.06274509803921569
0.207843137254902
0.6901960784313725
0.996078431372549
0.996078431372549
0.996078431372549
0.996078431372549
0.996078431372549
0.596078431372549
0.027450980392156876
0.0
0.0
0.0
0.0
0.0
0.0
0.0
0.0
0.0
0.0
0.0
0.0
0.0
0.0
0.0
0.0
0.02352941176470591
0.32156862745098036
0.7490196078431373
0.996078431372549
0.996078431372549
0.996078431372549
0.6431372549019607
0.3647058823529412
0.807843137254902
0.996078431372549
0.996078431372549
0.6
0.0
0.0
0.0
0.0
0.0
0.0
0.0
0.0
0.0
0.0
0.0
0.0
0.0
0.0
0.0
0.015686274509803977
0.6509803921568628
0.996078431372549
0.996078431372549
0.996078431372549
0.8705882352941177
0.3686274509803922
0.07450980392156858
0.7607843137254902
0.9372549019607843
0.996078431372549
0.996078431372549
0.996078431372549
0.0
0.0
0.0
0.0
0.0
0.0
0.0
0.0
0.0
0.0
0.0
0.0
0.0
0.0
0.0
0.603921568627451
0.996078431372549
0.996078431372549
0.996078431372549
0.6
0.12941176470588234
0.0
0.7960784313725491
0.996078431372549
0.9176470588235295
0.996078431372549
0.996078431372549
0.996078431372549
0.0
0.0
0.0
0.0
0.0
0.0
0.0
0.0
0.0
0.0
0.0
0.0
0.0
0.0
0.2941176470588235
0.9450980392156862
0.996078431372549
0.7803921568627451
0.32156862745098036
0.015686274509803977
0.0
0.1333333333333333
0.9725490196078431
0.6549019607843137
0.1333333333333333
0.6941176470588235
0.996078431372549
0.996078431372549
0.0
0.0
0.0
0.0
0.0
0.0
0.0
0.0
0.0
0.0
0.0
0.0
0.0
0.2784313725490196
0.9686274509803922
0.996078431372549
0.5176470588235293
0.03137254901960784
0.0
0.0
0.0
0.4156862745098039
0.9450980392156862
0.16470588235294115
0.0
0.1568627450980392
0.996078431372549
0.996078431372549
0.0
0.0
0.0
0.0
0.0
0.0
0.0
0.0
0.0
0.0
0.0
0.0
0.07058823529411762
0.9176470588235295
0.996078431372549
0.6862745098039216
0.03137254901960784
0.0
0.0
0.0
0.050980392156862786
0.8509803921568627
0.5254901960784314
0.0
0.0
0.5529411764705883
0.996078431372549
0.996078431372549
0.0
0.0
0.0
0.0
0.0
0.0
0.0
0.0
0.0
0.0
0.0
0.0
0.6549019607843137
0.996078431372549
0.8470588235294118
0.050980392156862786
0.0
0.0
0.0
0.0
0.5725490196078431
0.996078431372549
0.039215686274509776
0.0
0.0
0.8901960784313725
0.996078431372549
0.6588235294117647
0.0
0.0
0.0
0.0
0.0
0.0
0.0
0.0
0.0
0.0
0.039215686274509776
0.4156862745098039
0.9843137254901961
0.996078431372549
0.5529411764705883
0.0
0.0
0.0
0.0
0.0
0.6588235294117647
0.9647058823529412
0.03529411764705881
0.0
0.24705882352941178
0.9882352941176471
0.996078431372549
0.35686274509803917
0.0
0.0
0.0
0.0
0.0
0.0
0.0
0.0
0.0
0.0
0.5490196078431373
0.996078431372549
0.996078431372549
0.5725490196078431
0.0
0.0
0.0
0.0
0.0
0.05882352941176472
0.8823529411764706
0.611764705882353
0.0
0.1725490196078432
0.9411764705882353
0.996078431372549
0.7137254901960784
0.050980392156862786
0.0
0.0
0.0
0.0
0.0
0.0
0.0
0.0
0.0
0.11764705882352944
0.9215686274509804
0.996078431372549
0.8745098039215686
0.06666666666666665
0.0
0.0
0.0
0.0
0.0
0.25098039215686274
0.996078431372549
0.43529411764705883
0.04313725490196074
0.7215686274509804
0.996078431372549
0.9490196078431372
0.1843137254901961
0.0
0.0
0.0
0.0
0.0
0.0
0.0
0.0
0.0
0.12941176470588234
0.8549019607843137
0.996078431372549
0.8627450980392157
0.13725490196078427
0.0
0.0
0.0
0.0
0.0
0.0
0.5568627450980392
0.996078431372549
0.611764705882353
0.7450980392156863
0.996078431372549
0.9529411764705882
0.23529411764705888
0.0
0.0
0.0
0.0
0.0
0.0
0.0
0.0
0.0
0.0
0.5764705882352941
0.996078431372549
0.996078431372549
0.807843137254902
0.1725490196078432
0.0
0.0
0.0
0.0
0.0
0.0
0.6470588235294117
0.996078431372549
0.8745098039215686
0.9843137254901961
0.9333333333333333
0.2549019607843137
0.007843137254901933
0.0
0.0
0.0
0.0
0.0
0.0
0.0
0.0
0.0
0.0
0.7490196078431373
0.996078431372549
0.996078431372549
0.996078431372549
0.2549019607843137
0.0
0.0
0.0
0.0
0.0
0.0
0.3058823529411765
0.8627450980392157
0.996078431372549
0.5607843137254902
0.12549019607843137
0.0
0.0
0.0
0.0
0.0
0.0
0.0
0.0
0.0
0.0
0.0
0.0
0.6901960784313725
0.8705882352941177
0.8705882352941177
0.7254901960784313
0.007843137254901933
0.0
0.0
0.0
0.0
0.0
0.0
0.0
0.11372549019607847
0.0980392156862745
0.0039215686274509665
0.0
0.0
0.0
0.0
0.0
0.0
0.0
0.0
0.0
0.0
0.0
0.0
0.0
0.0
0.0
0.0
0.0
0.0
0.0
0.0
0.0
0.0
0.0
0.0
0.0
0.0
0.0
0.0
0.0
0.0
0.0
0.0
0.0
0.0
0.0
0.0
0.0
0.0
0.0
0.0
0.0
0.0
0.0
0.0
0.0
0.0
0.0
0.0
0.0
0.0
0.0
0.0
0.0
0.0
0.0
0.0
0.0
0.0
0.0
0.0
0.0
0.0
0.0
0.0
0.0
0.0
0.0
0.0
0.0
0.0
0.0
0.0
0.0
0.0
0.0
0.0
0.0
0.0
0.0
0.0
0.0
0.0
0.0
0.0
0.0
0.0
0.0
0.0
0.0
0.0
0.0
0.0
0.0
0.0
0.0
0.0
0.0
0.0
0.0
0.0
0.0
0.0
0.0
0.0
0.0
0.0
0.0
0.0
0.0
0.0
0.0
0.0
0.0
0.0
0.0
0.0
0.0
0.0
0.0
0.0
0.0
0.0
0.0
0.0
0.0
0.0
0.0
0.0
0.0
0.0
0.0
0.0
0.0
0.0
0.0
0.0
0.0
0.0
0.0
0.0
0.0
0.0
0.0
0.0
0.0
0.0
0.0
0.0
0.0
0.0
