0.0
0.0
0.0
0.0
0.0
0.0
0.0
0.0
0.0
0.0
0.0
0.0
0.0
0.0
0.0
0.0
0.0
0.0
0.0
0.0
0.0
0.0
0.0
0.0
0.0
0.0
0.0
0.0
0.0
0.0
0.0
0.0
0.0
0.0
0.0
0.0
0.0
0.0
0.0
0.0
0.0
0.0
0.0
0.0
0.0
0.0
0.0
0.0
0.0
0.0
0.0
0.0
0.0
0.0
0.0
0.0
0.0
0.0
0.0
0.0
0.0
0.0
0.0
0.0
0.0
0.0
0.0
0.0
0.0
0.0
0.0
0.0
0.0
0.0
0.0
0.0
0.0
0.0
0.0
0.0
0.0
0.0
0.0
0.0
0.0
0.0
0.0
0.0
0.0
0.0
0.0
0.0
0.0
0.0
0.0
0.0
0.0
0.0
0.0
0.0
0.0
0.0
0.0
0.0
0.0
0.0
0.0
0.0
0.0
0.0
0.0
0.0
0.0
0.0
0.0
0.0
0.0
0.0
0.0
0.0
0.0
0.0
0.0
0.0
0.0
0.0
0.0
0.0
0.0
0.0
0.0
0.0
0.0
0.0
0.0
0.0
0.0
0.0
0.0
0.0
0.0
0.0
0.0
0.0
0.0
0.0
0.0
0.0
0.0
0.0
0.0
0.0
0.0
0.0
0.0
0.0
0.0
0.0
0.0
0.0
0.0
0.0
0.0
0.0
0.0
0.0
0.0
0.0
0.0
0.0
0.0
0.0
0.0
0.0
0.0
0.09019607843137256
0.14509803921568631
0.04313725490196074
0.0
0.0
0.0
0.0
0.0
0.0
0.0
0.0
0.0
0.0
0.0
0.0
0.0
0.0
0.0
0.0
0.0
0.0
0.0
0.0
0.0
0.0
0.0
0.0
0.0
0.615686274509804
0.9882352941176471
0.596078431372549
0.0
0.0
0.0
0.0
0.0
0.0
0.0
0.0
0.0
0.0
0.0
0.0
0.0
0.0
0.0
0.0
0.0
0.0
0.0
0.0
0.0
0.0
0.0
0.0
0.07058823529411762
0.8823529411764706
0.9882352941176471
0.6392156862745098
0.0
0.0
0.0
0.0
0.0
0.0
0.0
0.0
0.0
0.0
0.0
0.0
0.0
0.21568627450980393
0.12549019607843137
0.0
0.0
0.0
0.0
0.0
0.0
0.0
0.0
0.015686274509803977
0.5764705882352941
0.9882352941176471
0.9882352941176471
0.2823529411764706
0.0
0.0
0.0
0.2588235294117647
0.28627450980392155
0.13725490196078427
0.0
0.0
0.0
0.0
0.0
0.0
0.1843137254901961
0.9411764705882353
0.8784313725490196
0.0
0.0
0.0
0.0
0.0
0.0
0.0
0.0
0.050980392156862786
0.9882352941176471
0.9882352941176471
0.8352941176470589
0.05490196078431375
0.0
0.0
0.12941176470588234
0.9294117647058824
0.9882352941176471
0.6313725490196078
0.0
0.0
0.0
0.0
0.0
0.0
0.0
0.8980392156862745
0.9882352941176471
0.0
0.0
0.0
0.0
0.0
0.0
0.0
0.0
0.45882352941176474
0.9882352941176471
0.9882352941176471
0.39607843137254906
0.0
0.0
0.28627450980392155
0.9019607843137255
0.9882352941176471
0.9882352941176471
0.9450980392156862
0.0
0.0
0.0
0.0
0.0
0.0
0.3294117647058824
0.9764705882352941
0.9882352941176471
0.0
0.0
0.0
0.0
0.0
0.0
0.0
0.0
0.5176470588235293
0.9882352941176471
0.9882352941176471
0.3294117647058824
0.10588235294117643
0.4274509803921569
0.8392156862745098
0.9882352941176471
0.9882352941176471
0.9882352941176471
0.9450980392156862
0.0
0.0
0.0
0.0
0.0
0.0
0.807843137254902
0.9882352941176471
0.5568627450980392
0.0
0.0
0.0
0.0
0.0
0.0
0.0
0.0
0.7450980392156863
0.9882352941176471
0.8509803921568627
0.10588235294117643
0.8235294117647058
0.9882352941176471
0.9882352941176471
0.9882352941176471
0.7607843137254902
0.9882352941176471
0.9450980392156862
0.0
0.0
0.0
0.0
0.0
0.3176470588235294
0.9843137254901961
0.9882352941176471
0.06666666666666665
0.0
0.0
0.0
0.0
0.0
0.0
0.0
0.0
1.0
0.9921568627450981
0.9921568627450981
0.9921568627450981
0.9921568627450981
0.9921568627450981
0.7960784313725491
0.06666666666666665
0.4549019607843138
0.9921568627450981
0.9294117647058824
0.0
0.0
0.0
0.0
0.015686274509803977
0.8156862745098039
0.9921568627450981
0.5647058823529412
0.0
0.0
0.0
0.0
0.0
0.0
0.0
0.0
0.0
0.7215686274509804
0.9882352941176471
0.9882352941176471
0.9882352941176471
0.9882352941176471
0.7803921568627451
0.08235294117647063
0.0
0.8980392156862745
0.9882352941176471
0.4745098039215686
0.0
0.0
0.0
0.0
0.33333333333333337
0.9882352941176471
0.9882352941176471
0.2941176470588235
0.0
0.0
0.0
0.0
0.0
0.0
0.0
0.0
0.0
0.44705882352941173
0.9294117647058824
0.9882352941176471
0.8941176470588236
0.7333333333333334
0.09019607843137256
0.0
0.0
0.8313725490196078
0.9882352941176471
0.5411764705882354
0.0
0.0
0.0
0.21568627450980393
0.9019607843137255
0.9882352941176471
0.7529411764705882
0.03529411764705881
0.0
0.0
0.0
0.0
0.0
0.0
0.0
0.0
0.0
0.0
0.23529411764705888
0.7294117647058824
0.1098039215686275
0.0
0.0
0.0
0.0
0.4274509803921569
0.9882352941176471
0.9568627450980393
0.08235294117647063
0.0
0.12941176470588234
0.7607843137254902
0.9882352941176471
0.9882352941176471
0.2941176470588235
0.0
0.0
0.0
0.0
0.0
0.0
0.0
0.0
0.0
0.0
0.0
0.0
0.0
0.0
0.0
0.0
0.0
0.0
0.4274509803921569
0.9882352941176471
0.9921568627450981
0.8274509803921568
0.7098039215686274
0.8980392156862745
0.9882352941176471
0.9882352941176471
0.7490196078431373
0.039215686274509776
0.0
0.0
0.0
0.0
0.0
0.0
0.0
0.0
0.0
0.0
0.0
0.0
0.0
0.0
0.0
0.0
0.0
0.0
0.10196078431372546
0.6823529411764706
0.9921568627450981
0.9882352941176471
0.9882352941176471
0.9882352941176471
0.9882352941176471
0.7725490196078432
0.2431372549019608
0.0
0.0
0.0
0.0
0.0
0.0
0.0
0.0
0.0
0.0
0.0
0.0
0.0
0.0
0.0
0.0
0.0
0.0
0.0
0.0
0.0
0.6745098039215687
0.9882352941176471
0.9882352941176471
0.9882352941176471
0.6352941176470588
0.04705882352941182
0.0
0.0
0.0
0.0
0.0
0.0
0.0
0.0
0.0
0.0
0.0
0.0
0.0
0.0
0.0
0.0
0.0
0.0
0.0
0.0
0.0
0.0
0.007843137254901933
0.14117647058823535
0.14117647058823535
0.14117647058823535
0.039215686274509776
0.0
0.0
0.0
0.0
0.0
0.0
0.0
0.0
0.0
0.0
0.0
0.0
0.0
0.0
0.0
0.0
0.0
0.0
0.0
0.0
0.0
0.0
0.0
0.0
0.0
0.0
0.0
0.0
0.0
0.0
0.0
0.0
0.0
0.0
0.0
0.0
0.0
0.0
0.0
0.0
0.0
0.0
0.0
0.0
0.0
0.0
0.0
0.0
0.0
0.0
0.0
0.0
0.0
0.0
0.0
0.0
0.0
0.0
0.0
0.0
0.0
0.0
0.0
0.0
0.0
0.0
0.0
0.0
0.0
0.0
0.0
0.0
0.0
0.0
0.0
0.0
0.0
0.0
0.0
0.0
0.0
0.0
0.0
0.0
0.0
0.0
0.0
0.0
0.0
0.0
0.0
0.0
0.0
0.0
0.0
0.0
0.0
0.0
0.0
0.0
0.0
0.0
0.0
0.0
0.0
0.0
0.0
0.0
0.0
0.0
0.0
0.0
0.0
0.0
0.0
0.0
0.0
0.0
0.0
0.0
0.0
0.0
0.0
0.0
0.0
0.0
0.0
0.0
0.0
0.0
0.0
0.0
0.0
0.0
0.0
0.0
0.0
0.0
0.0
0.0
0.0
0.0
0.0
0.0
0.0
0.0
0.0
0.0
0.0
0.0
0.0
0.0
0.0
0.0
0.0
0.0
0.0
0.0
0.0
0.0
0.0
0.0
0.0
0.0
0.0
0.0
0.0
0.0
0.0
0.0
0.0
0.0
0.0
0.0
0.0
0.0
