0.0
0.0
0.0
0.0
0.0
0.0
0.0
0.0
0.0
0.0
0.0
0.0
0.0
0.0
0.0
0.0
0.0
0.0
0.0
0.0
0.0
0.0
0.0
0.0
0.0
0.0
0.0
0.0
0.0
0.0
0.0
0.0
0.0
0.0
0.0
0.0
0.0
0.0
0.0
0.0
0.0
0.0
0.0
0.0
0.0
0.0
0.0
0.0
0.0
0.0
0.0
0.0
0.0
0.0
0.0
0.0
0.0
0.0
0.0
0.0
0.0
0.0
0.0
0.0
0.0
0.0
0.0
0.0
0.0
0.0
0.0
0.0
0.0
0.0
0.0
0.0
0.0
0.0
0.0
0.0
0.0
0.0
0.0
0.0
0.0
0.0
0.0
0.0
0.0
0.0
0.0
0.0
0.0
0.0
0.0
0.0
0.0
0.0
0.0
0.0
0.0
0.0
0.0
0.0
0.0
0.0
0.0
0.0
0.0
0.0
0.0
0.0
0.0
0.0
0.0
0.0
0.0
0.0
0.0
0.0
0.0
0.0
0.0
0.0
0.0
0.0
0.0
0.0
0.0
0.0
0.0
0.0
0.0
0.0
0.0
0.0
0.0
0.0
0.0
0.0
0.0
0.0
0.0
0.0
0.0
0.0
0.0
0.0
0.0
0.0
0.0
0.0
0.0
0.0
0.0
0.0
0.0
0.0
0.0
0.0
0.0
0.0
0.0
0.0
0.0
0.0
0.0
0.0
0.0
0.0
0.0
0.0
0.0
0.0
0.0
0.0
0.0
0.0
0.0
0.027450980392156876
0.2549019607843137
0.16470588235294115
0.05490196078431375
0.0
0.0
0.0
0.0
0.0
0.0
0.0
0.0
0.0
0.0
0.0
0.0
0.0
0.0
0.0
0.0
0.0
0.0
0.0
0.0
0.0
0.0
0.0
0.10588235294117643
0.611764705882353
0.9921568627450981
0.9921568627450981
0.8313725490196078
0.3254901960784313
0.0
0.0
0.0
0.0
0.0
0.0
0.0
0.0
0.0
0.0
0.0
0.0
0.0
0.0
0.0
0.0
0.0
0.0
0.0
0.0
0.0
0.12941176470588234
0.9019607843137255
0.9921568627450981
0.9294117647058824
0.803921568627451
0.9764705882352941
0.8352941176470589
0.0
0.0
0.0
0.0
0.0
0.0
0.0
0.0
0.0
0.0
0.0
0.0
0.0
0.0
0.0
0.0
0.0
0.0
0.0
0.0
0.03529411764705881
0.607843137254902
0.9921568627450981
0.6745098039215687
0.18823529411764706
0.0
0.5607843137254902
0.9921568627450981
0.34509803921568627
0.0
0.0
0.0
0.0
0.0
0.0
0.09411764705882353
0.6705882352941177
0.7137254901960784
0.0
0.0
0.0
0.0
0.0
0.0
0.0
0.0
0.0
0.027450980392156876
0.611764705882353
0.9921568627450981
0.6745098039215687
0.05490196078431375
0.0
0.0
0.43137254901960786
0.9921568627450981
0.4784313725490196
0.0
0.0
0.0
0.0
0.0
0.0980392156862745
0.5568627450980392
0.9921568627450981
0.9921568627450981
0.0
0.0
0.0
0.0
0.0
0.0
0.0
0.0
0.0
0.0980392156862745
0.9921568627450981
0.9294117647058824
0.18823529411764706
0.0
0.0
0.0
0.43137254901960786
0.9921568627450981
0.4784313725490196
0.0
0.0
0.0
0.0
0.0980392156862745
0.7803921568627451
0.9921568627450981
0.9921568627450981
0.4509803921568627
0.0
0.0
0.0
0.0
0.0
0.0
0.0
0.0
0.0
0.5019607843137255
0.9921568627450981
0.6196078431372549
0.0
0.0
0.0
0.0
0.43137254901960786
0.9921568627450981
0.4784313725490196
0.0
0.0
0.0
0.388235294117647
0.8941176470588235
0.9921568627450981
0.9921568627450981
0.44705882352941173
0.007843137254901933
0.0
0.0
0.0
0.0
0.0
0.0
0.0
0.0
0.02352941176470591
0.7529411764705882
0.9921568627450981
0.3294117647058824
0.0
0.0
0.0
0.0
0.43137254901960786
0.9921568627450981
0.4784313725490196
0.0
0.06274509803921569
0.5176470588235293
0.9686274509803922
0.9921568627450981
0.9921568627450981
0.6235294117647059
0.05490196078431375
0.0
0.0
0.0
0.0
0.0
0.0
0.0
0.0
0.0
0.2784313725490196
0.9921568627450981
0.8549019607843137
0.015686274509803977
0.0
0.0
0.0
0.0
0.6549019607843137
0.9921568627450981
0.02352941176470591
0.04705882352941182
0.7764705882352941
0.9921568627450981
0.9921568627450981
0.9921568627450981
0.6745098039215687
0.007843137254901933
0.0
0.0
0.0
0.0
0.0
0.0
0.0
0.0
0.0
0.0
0.5254901960784314
0.996078431372549
0.3803921568627451
0.0
0.0
0.0
0.0
0.019607843137254943
0.9098039215686274
0.996078431372549
0.7764705882352941
0.996078431372549
0.996078431372549
0.9882352941176471
0.2705882352941177
0.0
0.0
0.0
0.0
0.0
0.0
0.0
0.0
0.0
0.0
0.0
0.0
0.0
0.7960784313725491
0.9372549019607843
0.16078431372549018
0.0
0.0
0.0
0.0
0.6509803921568628
0.9921568627450981
0.9921568627450981
0.996078431372549
0.9921568627450981
0.9803921568627452
0.5019607843137255
0.0
0.0
0.0
0.0
0.0
0.0
0.0
0.0
0.0
0.0
0.0
0.0
0.0
0.0
0.996078431372549
0.8980392156862745
0.0
0.0
0.0
0.0
0.11764705882352944
0.8745098039215686
0.9921568627450981
0.9921568627450981
0.9921568627450981
0.803921568627451
0.3254901960784313
0.0
0.0
0.0
0.0
0.0
0.0
0.0
0.0
0.0
0.0
0.0
0.0
0.0
0.0
0.0
1.0
0.8980392156862745
0.0
0.0
0.0
0.05490196078431375
0.8431372549019608
0.9921568627450981
0.9921568627450981
0.9921568627450981
0.5411764705882354
0.0
0.0
0.0
0.0
0.0
0.0
0.0
0.0
0.0
0.0
0.0
0.0
0.0
0.0
0.0
0.0
0.0
0.996078431372549
0.6705882352941177
0.0
0.0
0.0
0.6274509803921569
0.9921568627450981
0.9921568627450981
0.9921568627450981
0.5372549019607843
0.0
0.0
0.0
0.0
0.0
0.0
0.0
0.0
0.0
0.0
0.0
0.0
0.0
0.0
0.0
0.0
0.0
0.0
0.8627450980392157
0.9254901960784314
0.1098039215686275
0.0
0.0
0.6235294117647059
0.9921568627450981
0.8823529411764706
0.5019607843137255
0.0117647058823529
0.0
0.0
0.0
0.0
0.0
0.0
0.0
0.0
0.0
0.0
0.0
0.0
0.0
0.0
0.0
0.0
0.0
0.0
0.3647058823529412
0.9921568627450981
0.807843137254902
0.33725490196078434
0.2549019607843137
0.19215686274509802
0.6588235294117647
0.1843137254901961
0.0
0.0
0.0
0.0
0.0
0.0
0.0
0.0
0.0
0.0
0.0
0.0
0.0
0.0
0.0
0.0
0.0
0.0
0.0
0.0
0.007843137254901933
0.1843137254901961
0.8509803921568627
0.9921568627450981
0.9607843137254902
0.8549019607843137
0.16078431372549018
0.0
0.0
0.0
0.0
0.0
0.0
0.0
0.0
0.0
0.0
0.0
0.0
0.0
0.0
0.0
0.0
0.0
0.0
0.0
0.0
0.0
0.0
0.0
0.05882352941176472
0.1843137254901961
0.5647058823529412
0.5647058823529412
0.10588235294117643
0.0
0.0
0.0
0.0
0.0
0.0
0.0
0.0
0.0
0.0
0.0
0.0
0.0
0.0
0.0
0.0
0.0
0.0
0.0
0.0
0.0
0.0
0.0
0.0
0.0
0.0
0.0
0.0
0.0
0.0
0.0
0.0
0.0
0.0
0.0
0.0
0.0
0.0
0.0
0.0
0.0
0.0
0.0
0.0
0.0
0.0
0.0
0.0
0.0
0.0
0.0
0.0
0.0
0.0
0.0
0.0
0.0
0.0
0.0
0.0
0.0
0.0
0.0
0.0
0.0
0.0
0.0
0.0
0.0
0.0
0.0
0.0
0.0
0.0
0.0
0.0
0.0
0.0
0.0
0.0
0.0
0.0
0.0
0.0
0.0
0.0
0.0
0.0
0.0
0.0
0.0
0.0
0.0
0.0
0.0
0.0
0.0
0.0
0.0
0.0
0.0
0.0
0.0
0.0
0.0
0.0
0.0
0.0
0.0
0.0
0.0
0.0
0.0
0.0
0.0
0.0
0.0
0.0
0.0
0.0
0.0
0.0
0.0
0.0
0.0
0.0
0.0
