0.0
0.0
0.0
0.0
0.0
0.0
0.0
0.0
0.0
0.0
0.0
0.0
0.0
0.0
0.0
0.0
0.0
0.0
0.0
0.0
0.0
0.0
0.0
0.0
0.0
0.0
0.0
0.0
0.0
0.0
0.0
0.0
0.0
0.0
0.0
0.0
0.0
0.0
0.0
0.0
0.0
0.0
0.0
0.0
0.0
0.0
0.0
0.0
0.0
0.0
0.0
0.0
0.0
0.0
0.0
0.0
0.0
0.0
0.0
0.0
0.0
0.0
0.0
0.0
0.0
0.0
0.0
0.0
0.0
0.0
0.0
0.0
0.0
0.0
0.0
0.0
0.0
0.0
0.0
0.0
0.0
0.0
0.0
0.0
0.0
0.0
0.0
0.0
0.0
0.0
0.0
0.0
0.0
0.0
0.0
0.0
0.0
0.0
0.0
0.0
0.0
0.0
0.0
0.0
0.0
0.0
0.0
0.0
0.0
0.0
0.0
0.0
0.0
0.0
0.0
0.0
0.0
0.0
0.0
0.0
0.0
0.0
0.0
0.0
0.0
0.0
0.0
0.0
0.0
0.0
0.0
0.0
0.0
0.0
0.0
0.0
0.0
0.0
0.0
0.0
0.0
0.0
0.0
0.0
0.0
0.0
0.0
0.0
0.0
0.0
0.0
0.0
0.0
0.0
0.0
0.0
0.0
0.0
0.0
0.0
0.0
0.0
0.0
0.0
0.0
0.0
0.0
0.0
0.0
0.0
0.0
0.0
0.0
0.0
0.0
0.0
0.0
0.0
0.0
0.0
0.0
0.0
0.0
0.0
0.0
0.0
0.0
0.0
0.0
0.0
0.0
0.0
0.0
0.0
0.0
0.0
0.0
0.0
0.0
0.0
0.0
0.0
0.0
0.0
0.0
0.0
0.0
0.0
0.0
0.0
0.0
0.0
0.0
0.0
0.0
0.0
0.0
0.0
0.0
0.0
0.0
0.0
0.0
0.0
0.0
0.0
0.0
0.0
0.0
0.0
0.0
0.0
0.0
0.0
0.0
0.0
0.0
0.0
0.0
0.0
0.0
0.0
0.0
0.0
0.09019607843137256
0.6392156862745098
0.803921568627451
0.803921568627451
0.0
0.0
0.0
0.0
0.0
0.0
0.0
0.0
0.0
0.0
0.0
0.0
0.0
0.0
0.0
0.0
0.0
0.0
0.0
0.0
0.0
0.0
0.03137254901960784
0.5254901960784314
0.9254901960784314
0.996078431372549
0.996078431372549
0.996078431372549
0.0
0.0
0.0
0.0
0.0
0.0
0.0
0.0
0.0
0.0
0.0
0.0
0.0
0.0
0.0
0.0
0.0
0.14901960784313728
0.22745098039215683
0.06666666666666665
0.0
0.03137254901960784
0.6627450980392157
0.996078431372549
0.996078431372549
0.5176470588235293
0.4862745098039216
0.996078431372549
0.0
0.0
0.0
0.0
0.0
0.0
0.0
0.0
0.0
0.0
0.0
0.0
0.0
0.13725490196078427
0.2588235294117647
0.6313725490196078
0.9019607843137255
0.9607843137254902
0.996078431372549
0.8862745098039215
0.09411764705882353
0.6666666666666667
0.996078431372549
0.996078431372549
0.41960784313725485
0.0117647058823529
0.580392156862745
0.996078431372549
0.0
0.0
0.0
0.0
0.0
0.0
0.0
0.0
0.0
0.0
0.0
0.37254901960784315
0.8705882352941177
0.9647058823529412
0.996078431372549
0.996078431372549
0.996078431372549
0.807843137254902
0.996078431372549
0.996078431372549
0.9568627450980393
0.996078431372549
0.996078431372549
0.615686274509804
0.007843137254901933
0.07843137254901966
0.9333333333333333
0.996078431372549
0.0
0.0
0.0
0.0
0.0
0.0
0.0
0.0
0.0
0.02352941176470591
0.8
0.9882352941176471
0.996078431372549
0.996078431372549
0.8156862745098039
0.3019607843137255
0.03137254901960784
0.11764705882352944
1.0
0.996078431372549
0.996078431372549
0.996078431372549
0.7843137254901961
0.06666666666666665
0.0
0.5686274509803921
0.996078431372549
0.996078431372549
0.0
0.0
0.0
0.0
0.0
0.0
0.0
0.0
0.14901960784313728
0.9058823529411765
0.996078431372549
0.9294117647058824
0.33333333333333337
0.0
0.0
0.0
0.0
0.0
0.6862745098039216
0.996078431372549
0.996078431372549
0.996078431372549
0.4784313725490196
0.35686274509803917
0.5019607843137255
0.996078431372549
0.9882352941176471
0.23921568627450984
0.0
0.0
0.0
0.0
0.0
0.0
0.0
0.0
0.8
0.996078431372549
0.8
0.06666666666666665
0.0
0.0
0.0
0.0
0.019607843137254943
0.3803921568627451
0.996078431372549
0.996078431372549
0.996078431372549
0.996078431372549
0.996078431372549
0.996078431372549
0.996078431372549
0.9568627450980393
0.34901960784313724
0.0
0.0
0.0
0.0
0.0
0.0
0.0
0.0
0.0
0.996078431372549
0.996078431372549
0.4745098039215686
0.11764705882352944
0.4745098039215686
0.7411764705882353
0.5607843137254902
0.12941176470588234
0.6705882352941177
0.996078431372549
0.996078431372549
0.7725490196078432
0.37254901960784315
0.5764705882352941
0.6274509803921569
0.8980392156862745
0.7215686274509804
0.13725490196078427
0.0
0.0
0.0
0.0
0.0
0.0
0.0
0.0
0.0
0.0
0.9568627450980393
0.996078431372549
0.9019607843137255
0.9450980392156862
0.996078431372549
0.996078431372549
0.996078431372549
0.996078431372549
0.996078431372549
0.996078431372549
0.5254901960784314
0.0
0.0
0.0
0.0
0.0
0.0
0.0
0.0
0.0
0.0
0.0
0.0
0.0
0.0
0.0
0.0
0.0
0.36078431372549025
0.9490196078431372
0.996078431372549
0.996078431372549
0.996078431372549
0.996078431372549
0.996078431372549
0.996078431372549
0.8431372549019608
0.41960784313725485
0.0
0.0
0.0
0.0
0.0
0.0
0.0
0.0
0.0
0.0
0.0
0.0
0.0
0.0
0.0
0.0
0.0
0.0
0.0
0.23921568627450984
0.615686274509804
0.8
0.8
0.8
0.7294117647058824
0.4
0.0117647058823529
0.0
0.0
0.0
0.0
0.0
0.0
0.0
0.0
0.0
0.0
0.0
0.0
0.0
0.0
0.0
0.0
0.0
0.0
0.0
0.0
0.0
0.0
0.0
0.0
0.0
0.0
0.0
0.0
0.0
0.0
0.0
0.0
0.0
0.0
0.0
0.0
0.0
0.0
0.0
0.0
0.0
0.0
0.0
0.0
0.0
0.0
0.0
0.0
0.0
0.0
0.0
0.0
0.0
0.0
0.0
0.0
0.0
0.0
0.0
0.0
0.0
0.0
0.0
0.0
0.0
0.0
0.0
0.0
0.0
0.0
0.0
0.0
0.0
0.0
0.0
0.0
0.0
0.0
0.0
0.0
0.0
0.0
0.0
0.0
0.0
0.0
0.0
0.0
0.0
0.0
0.0
0.0
0.0
0.0
0.0
0.0
0.0
0.0
0.0
0.0
0.0
0.0
0.0
0.0
0.0
0.0
0.0
0.0
0.0
0.0
0.0
0.0
0.0
0.0
0.0
0.0
0.0
0.0
0.0
0.0
0.0
0.0
0.0
0.0
0.0
0.0
0.0
0.0
0.0
0.0
0.0
0.0
0.0
0.0
0.0
0.0
0.0
0.0
0.0
0.0
0.0
0.0
0.0
0.0
0.0
0.0
0.0
0.0
0.0
0.0
0.0
0.0
0.0
0.0
0.0
0.0
0.0
0.0
0.0
0.0
0.0
0.0
0.0
0.0
0.0
0.0
0.0
0.0
0.0
0.0
0.0
0.0
0.0
0.0
0.0
0.0
0.0
0.0
0.0
0.0
0.0
0.0
0.0
0.0
0.0
0.0
0.0
0.0
0.0
0.0
0.0
0.0
0.0
0.0
0.0
0.0
0.0
0.0
0.0
0.0
0.0
0.0
0.0
0.0
0.0
0.0
0.0
0.0
0.0
0.0
0.0
0.0
0.0
0.0
0.0
0.0
0.0
0.0
0.0
0.0
0.0
0.0
0.0
0.0
0.0
0.0
0.0
0.0
0.0
0.0
0.0
0.0
0.0
0.0
0.0
0.0
0.0
0.0
0.0
