0.0
0.0
0.0
0.0
0.0
0.0
0.0
0.0
0.0
0.0
0.0
0.0
0.0
0.0
0.0
0.0
0.0
0.0
0.0
0.0
0.0
0.0
0.0
0.0
0.0
0.0
0.0
0.0
0.0
0.0
0.0
0.0
0.0
0.0
0.0
0.0
0.0
0.0
0.0
0.0
0.0
0.0
0.0
0.0
0.0
0.0
0.0
0.0
0.0
0.0
0.0
0.0
0.0
0.0
0.0
0.0
0.0
0.0
0.0
0.0
0.0
0.0
0.0
0.0
0.0
0.0
0.0
0.0
0.0
0.0
0.0
0.0
0.0
0.0
0.0
0.0
0.0
0.0
0.0
0.0
0.0
0.0
0.0
0.0
0.0
0.0
0.0
0.0
0.0
0.0
0.0
0.0
0.0
0.0
0.0
0.0
0.0
0.0
0.0
0.0
0.0
0.0
0.0
0.0
0.0
0.0
0.0
0.0
0.0
0.0
0.0
0.0
0.0
0.0
0.0
0.0
0.0
0.0
0.0
0.0
0.0
0.0
0.0
0.0
0.0
0.0
0.0
0.0
0.0
0.0
0.0
0.0117647058823529
0.027450980392156876
0.48235294117647054
0.5098039215686274
0.26274509803921564
0.0
0.0
0.0
0.0
0.0
0.0
0.0
0.0
0.0
0.0
0.0
0.0
0.0
0.0
0.0
0.0
0.0
0.0
0.0
0.0
0.0
0.019607843137254943
0.47058823529411764
0.7137254901960784
0.9921568627450981
0.9921568627450981
0.9921568627450981
0.7686274509803921
0.0
0.0
0.0
0.0
0.0
0.0
0.0
0.0
0.0
0.0
0.0
0.0
0.0
0.0
0.0
0.0
0.0
0.0
0.0
0.02352941176470591
0.07450980392156858
0.6274509803921569
0.9921568627450981
0.9921568627450981
0.9921568627450981
0.9921568627450981
0.9921568627450981
0.9921568627450981
0.0
0.0
0.0
0.0
0.0
0.0
0.0
0.0
0.0
0.0
0.0
0.0
0.0
0.0
0.0
0.0
0.0
0.0
0.07450980392156858
0.6
0.9921568627450981
0.9921568627450981
0.9921568627450981
0.9058823529411765
0.8941176470588236
0.9372549019607843
0.9921568627450981
0.9921568627450981
0.0
0.0
0.0
0.0
0.0
0.0
0.0
0.0
0.0
0.0
0.0
0.0
0.0
0.0
0.0
0.0
0.027450980392156876
0.48235294117647054
0.9019607843137255
0.9921568627450981
0.9921568627450981
0.9921568627450981
0.4745098039215686
0.04705882352941182
0.0
0.5019607843137255
0.9921568627450981
0.9921568627450981
0.0
0.0
0.0
0.0
0.0
0.0
0.0
0.0
0.0
0.0
0.0
0.0
0.0
0.0
0.0
0.10196078431372546
0.5725490196078431
0.9921568627450981
0.9921568627450981
0.9490196078431372
0.8470588235294118
0.6784313725490196
0.05490196078431375
0.0
0.06274509803921569
0.9333333333333333
0.9921568627450981
0.9215686274509804
0.0
0.0
0.0
0.0
0.0
0.0
0.0
0.0
0.0
0.0
0.0
0.0
0.0
0.027450980392156876
0.2549019607843137
0.8862745098039215
0.9921568627450981
0.9921568627450981
0.9921568627450981
0.3803921568627451
0.0
0.0
0.0
0.0
0.7372549019607844
0.9921568627450981
0.9921568627450981
0.18823529411764706
0.0
0.0
0.0
0.0
0.0
0.0
0.0
0.0
0.0
0.0
0.0
0.0
0.027450980392156876
0.5490196078431373
0.9921568627450981
0.9921568627450981
0.9921568627450981
0.7294117647058824
0.3137254901960784
0.07058823529411762
0.0
0.0
0.0
0.07843137254901966
0.9176470588235294
0.9921568627450981
0.6745098039215687
0.007843137254901933
0.0
0.0
0.0
0.0
0.0
0.0
0.0
0.0
0.0
0.0
0.0
0.02352941176470591
0.3176470588235294
0.9921568627450981
0.9921568627450981
0.9490196078431372
0.6666666666666667
0.07843137254901966
0.0
0.0
0.0
0.0
0.0
0.4980392156862745
0.9921568627450981
0.9921568627450981
0.4274509803921569
0.0
0.0
0.0
0.0
0.0
0.0
0.0
0.0
0.0
0.0
0.0
0.019607843137254943
0.5529411764705883
0.9921568627450981
0.9921568627450981
0.9529411764705882
0.3686274509803922
0.0
0.0
0.0
0.0
0.0
0.0
0.09019607843137256
0.9058823529411765
0.9921568627450981
0.8862745098039215
0.03529411764705881
0.0
0.0
0.0
0.0
0.0
0.0
0.0
0.0
0.0
0.0
0.0
0.44705882352941173
0.9921568627450981
0.9921568627450981
0.9529411764705882
0.3647058823529412
0.0
0.0
0.0
0.0
0.0
0.0
0.0
0.7333333333333334
0.9921568627450981
0.9921568627450981
0.18823529411764706
0.0
0.0
0.0
0.0
0.0
0.0
0.0
0.0
0.0
0.0
0.0
0.039215686274509776
0.8980392156862745
0.9921568627450981
0.9568627450980393
0.596078431372549
0.0
0.0
0.0
0.0
0.0
0.0
0.0
0.4117647058823529
0.9607843137254902
0.9921568627450981
0.5254901960784314
0.015686274509803977
0.0
0.0
0.0
0.0
0.0
0.0
0.0
0.0
0.0
0.0
0.0
0.44705882352941173
0.9921568627450981
0.9921568627450981
0.8705882352941177
0.0
0.0
0.0
0.0
0.0
0.0
0.0
0.10196078431372546
0.8784313725490196
0.9921568627450981
0.8705882352941177
0.06666666666666665
0.0
0.0
0.0
0.0
0.0
0.0
0.0
0.0
0.0
0.0
0.0
0.18823529411764706
0.9176470588235294
0.9921568627450981
0.9607843137254902
0.33725490196078434
0.0
0.0
0.0
0.0
0.0
0.0
0.0
0.7215686274509804
0.9921568627450981
0.9921568627450981
0.19999999999999996
0.0
0.0
0.0
0.0
0.0
0.0
0.0
0.0
0.0
0.0
0.0
0.0
0.6901960784313725
0.9921568627450981
0.9647058823529412
0.3294117647058824
0.0
0.0
0.0
0.0
0.0
0.0
0.10196078431372546
0.5058823529411764
0.9647058823529412
0.9921568627450981
0.5019607843137255
0.019607843137254943
0.0
0.0
0.0
0.0
0.0
0.0
0.0
0.0
0.0
0.0
0.0
0.0
0.996078431372549
0.9921568627450981
0.9490196078431372
0.3921568627450981
0.6862745098039216
0.8745098039215686
0.5529411764705883
0.3921568627450981
0.3921568627450981
0.3921568627450981
0.792156862745098
0.9921568627450981
0.9921568627450981
0.6901960784313725
0.019607843137254943
0.0
0.0
0.0
0.0
0.0
0.0
0.0
0.0
0.0
0.0
0.0
0.0
0.0
0.996078431372549
0.9921568627450981
0.9921568627450981
0.9921568627450981
0.9921568627450981
0.9921568627450981
0.9921568627450981
0.9921568627450981
0.9921568627450981
0.9921568627450981
0.9921568627450981
0.9921568627450981
0.7058823529411764
0.06274509803921569
0.0
0.0
0.0
0.0
0.0
0.0
0.0
0.0
0.0
0.0
0.0
0.0
0.0
0.0
0.996078431372549
0.9921568627450981
0.9921568627450981
0.9490196078431372
0.5529411764705883
0.5529411764705883
0.5529411764705883
0.8549019607843137
0.9921568627450981
0.9921568627450981
0.9921568627450981
0.6470588235294117
0.14117647058823535
0.0
0.0
0.0
0.0
0.0
0.0
0.0
0.0
0.0
0.0
0.0
0.0
0.0
0.0
0.0
0.30980392156862746
0.9921568627450981
0.9921568627450981
0.9450980392156862
0.19215686274509802
0.0
0.0
0.03137254901960784
0.3921568627450981
0.5294117647058824
0.403921568627451
0.0117647058823529
0.0
0.0
0.0
0.0
0.0
0.0
0.0
0.0
0.0
0.0
0.0
0.0
0.0
0.0
0.0
0.0
0.0039215686274509665
0.019607843137254943
0.019607843137254943
0.019607843137254943
0.0
0.0
0.0
0.0
0.0
0.0
0.0
0.0
0.0
0.0
0.0
0.0
0.0
0.0
0.0
0.0
0.0
0.0
0.0
0.0
0.0
0.0
0.0
0.0
0.0
0.0
0.0
0.0
0.0
0.0
0.0
0.0
0.0
0.0
0.0
0.0
0.0
0.0
0.0
0.0
0.0
0.0
0.0
0.0
0.0
0.0
0.0
0.0
0.0
0.0
0.0
0.0
0.0
0.0
0.0
0.0
0.0
0.0
0.0
0.0
0.0
0.0
0.0
0.0
0.0
0.0
0.0
0.0
0.0
0.0
0.0
0.0
0.0
0.0
0.0
0.0
0.0
0.0
0.0
0.0
0.0
0.0
0.0
0.0
0.0
0.0
0.0
0.0
0.0
0.0
0.0
0.0
0.0
0.0
0.0
0.0
0.0
0.0
0.0
0.0
0.0
0.0
0.0
0.0
0.0
0.0
0.0
0.0
0.0
0.0
0.0
0.0
0.0
0.0
0.0
0.0
0.0
0.0
0.0
0.0
0.0
0.0
0.0
0.0
0.0
0.0
0.0
0.0
0.0
0.0
0.0
0.0
