0.0
0.0
0.0
0.0
0.0
0.0
0.0
0.0
0.0
0.0
0.0
0.0
0.0
0.0
0.0
0.0
0.0
0.0
0.0
0.0
0.0
0.0
0.0
0.0
0.0
0.0
0.0
0.0
0.0
0.0
0.0
0.0
0.0
0.0
0.0
0.0
0.0
0.0
0.0
0.0
0.0
0.0
0.0
0.0
0.0
0.0
0.0
0.0
0.0
0.0
0.0
0.0
0.0
0.0
0.0
0.0
0.0
0.0
0.0
0.0
0.0
0.0
0.0
0.0
0.0
0.0
0.0
0.0
0.0
0.0
0.0
0.0
0.0
0.0
0.0
0.0
0.0
0.0
0.0
0.0
0.0
0.0
0.0
0.0
0.0
0.0
0.0
0.0
0.0
0.0
0.0
0.0
0.0
0.0
0.0
0.0
0.0
0.0
0.0
0.0
0.0
0.0
0.0
0.0
0.0
0.0
0.0
0.0
0.0
0.0
0.0
0.0
0.0
0.0
0.0
0.0
0.0
0.0
0.0
0.0
0.0
0.0
0.0
0.0
0.0
0.0
0.0
0.0
0.0
0.0
0.0
0.0
0.0
0.0
0.0
0.0
0.0
0.0
0.0
0.0
0.0
0.0
0.0
0.0
0.0
0.0
0.0
0.0
0.0
0.0
0.0
0.0
0.0
0.0
0.0
0.0
0.0
0.0
0.0
0.0
0.0
0.0
0.0
0.0
0.0
0.0
0.0
0.0
0.0
0.0
0.0
0.0
0.0
0.0
0.0
0.0
0.0
0.0
0.0
0.0
0.0
0.0
0.0
0.0
0.0
0.0
0.0
0.0
0.0
0.0
0.0
0.0
0.0
0.0
0.0
0.0
0.0
0.0
0.0
0.0
0.0
0.0
0.0
0.0
0.0
0.0
0.0
0.0
0.0
0.0
0.0
0.0
0.0
0.0
0.0
0.0
0.0
0.0
0.0
0.0
0.0
0.0
0.0
0.0
0.0
0.0
0.0
0.0
0.0
0.0
0.0
0.0
0.0
0.0
0.0
0.0
0.0
0.0
0.0
0.0
0.0
0.0
0.0
0.0
0.0
0.0
0.0
0.0
0.0
0.0
0.0
0.0
0.0
0.0
0.0
0.0
0.0
0.0
0.0
0.0
0.0
0.0
0.0
0.0
0.0
0.0
0.0
0.0
0.0
0.0
0.0
0.0
0.0
0.0
0.0
0.0
0.0
0.0
0.0
0.0
0.0
0.0
0.0
0.0
0.0
0.0
0.0039215686274509665
0.07450980392156858
0.2823529411764706
0.603921568627451
0.8117647058823529
0.45882352941176474
0.2666666666666667
0.019607843137254943
0.0
0.0
0.0
0.0
0.0
0.0
0.0
0.0
0.0
0.4666666666666667
0.0
0.0
0.0
0.0
0.0
0.0
0.0
0.0
0.0
0.050980392156862786
0.6274509803921569
0.9921568627450981
0.9921568627450981
0.9921568627450981
0.9921568627450981
0.9921568627450981
0.9921568627450981
0.6352941176470588
0.0
0.0
0.0
0.0
0.0
0.0
0.0
0.0
0.07843137254901966
0.9176470588235294
0.0
0.0
0.0
0.0
0.0
0.0
0.0
0.0
0.05882352941176472
0.7450980392156863
0.9921568627450981
0.8431372549019608
0.22352941176470587
0.03529411764705881
0.03529411764705881
0.03529411764705881
0.7686274509803921
0.9921568627450981
0.6313725490196078
0.027450980392156876
0.0
0.0
0.0
0.0
0.0
0.0
0.11372549019607847
0.9921568627450981
0.0
0.0
0.0
0.0
0.0
0.0
0.0
0.0
0.5725490196078431
0.9725490196078431
0.44313725490196076
0.050980392156862786
0.0
0.0
0.0
0.0
0.11372549019607847
0.8274509803921568
0.996078431372549
0.28627450980392155
0.0
0.0
0.0
0.0
0.0
0.0
0.11372549019607847
0.9921568627450981
0.0
0.0
0.0
0.0
0.0
0.0
0.0
0.0
0.8980392156862745
0.5686274509803921
0.0
0.0
0.0
0.0
0.0
0.0
0.0
0.23529411764705888
0.996078431372549
0.803921568627451
0.08235294117647063
0.0
0.0
0.0
0.0
0.0
0.388235294117647
0.9921568627450981
0.0
0.0
0.0
0.0
0.0
0.0
0.0
0.0
1.0
0.4784313725490196
0.0
0.0
0.0
0.0
0.0
0.0
0.0
0.0
0.5333333333333333
0.996078431372549
0.8196078431372549
0.0
0.0
0.0
0.0
0.0
0.7137254901960784
0.996078431372549
0.0
0.0
0.0
0.0
0.0
0.0
0.0
0.0
0.996078431372549
0.4784313725490196
0.0
0.0
0.0
0.0
0.0
0.0
0.0
0.0
0.03137254901960784
0.7019607843137254
0.9882352941176471
0.5254901960784314
0.0117647058823529
0.0
0.0
0.0
0.8470588235294118
0.6627450980392157
0.0
0.0
0.0
0.0
0.0
0.0
0.0
0.0
0.8431372549019608
0.4901960784313726
0.0
0.0
0.0
0.0
0.0
0.0
0.0
0.0
0.0
0.1686274509803921
0.8862745098039215
0.9921568627450981
0.584313725490196
0.09019607843137256
0.0
0.3254901960784313
0.9607843137254902
0.4745098039215686
0.0
0.0
0.0
0.0
0.0
0.0
0.0
0.0
0.44313725490196076
0.6470588235294117
0.08235294117647063
0.0
0.0
0.0
0.0
0.0
0.0
0.0
0.0
0.0
0.28627450980392155
0.8941176470588236
0.9921568627450981
0.8431372549019608
0.6627450980392157
0.8588235294117648
0.8470588235294118
0.18039215686274512
0.0
0.0
0.0
0.0
0.0
0.0
0.0
0.0
0.0
0.0
0.0
0.0
0.0
0.0
0.0
0.0
0.0
0.0
0.0
0.0
0.0
0.1568627450980392
0.6431372549019607
0.807843137254902
0.807843137254902
0.807843137254902
0.14509803921568631
0.0
0.0
0.0
0.0
0.0
0.0
0.0
0.0
0.0
0.0
0.0
0.0
0.0
0.0
0.0
0.0
0.0
0.0
0.0
0.0
0.0
0.0
0.0
0.0
0.0
0.0
0.0
0.0
0.0
0.0
0.0
0.0
0.0
0.0
0.0
0.0
0.0
0.0
0.0
0.0
0.0
0.0
0.0
0.0
0.0
0.0
0.0
0.0
0.0
0.0
0.0
0.0
0.0
0.0
0.0
0.0
0.0
0.0
0.0
0.0
0.0
0.0
0.0
0.0
0.0
0.0
0.0
0.0
0.0
0.0
0.0
0.0
0.0
0.0
0.0
0.0
0.0
0.0
0.0
0.0
0.0
0.0
0.0
0.0
0.0
0.0
0.0
0.0
0.0
0.0
0.0
0.0
0.0
0.0
0.0
0.0
0.0
0.0
0.0
0.0
0.0
0.0
0.0
0.0
0.0
0.0
0.0
0.0
0.0
0.0
0.0
0.0
0.0
0.0
0.0
0.0
0.0
0.0
0.0
0.0
0.0
0.0
0.0
0.0
0.0
0.0
0.0
0.0
0.0
0.0
0.0
0.0
0.0
0.0
0.0
0.0
0.0
0.0
0.0
0.0
0.0
0.0
0.0
0.0
0.0
0.0
0.0
0.0
0.0
0.0
0.0
0.0
0.0
0.0
0.0
0.0
0.0
0.0
0.0
0.0
0.0
0.0
0.0
0.0
0.0
0.0
0.0
0.0
0.0
0.0
0.0
0.0
0.0
0.0
0.0
0.0
0.0
0.0
0.0
0.0
0.0
0.0
0.0
0.0
0.0
0.0
0.0
0.0
0.0
0.0
0.0
0.0
0.0
0.0
0.0
0.0
0.0
0.0
0.0
0.0
0.0
0.0
0.0
0.0
0.0
0.0
0.0
0.0
0.0
0.0
0.0
0.0
0.0
0.0
0.0
0.0
0.0
0.0
0.0
0.0
0.0
0.0
0.0
0.0
0.0
0.0
0.0
0.0
0.0
