0.0
0.0
0.0
0.0
0.0
0.0
0.0
0.0
0.0
0.0
0.0
0.0
0.0
0.0
0.0
0.0
0.0
0.0
0.0
0.0
0.0
0.0
0.0
0.0
0.0
0.0
0.0
0.0
0.0
0.0
0.0
0.0
0.0
0.0
0.0
0.0
0.0
0.0
0.0
0.0
0.0
0.0
0.0
0.0
0.0
0.0
0.0
0.0
0.0
0.0
0.0
0.0
0.0
0.0
0.0
0.0
0.0
0.0
0.0
0.0
0.0
0.0
0.0
0.0
0.0
0.0
0.0
0.0
0.0
0.0
0.0
0.0
0.0
0.0
0.0
0.0
0.0
0.0
0.0
0.0
0.0
0.0
0.0
0.0
0.0
0.0
0.0
0.0
0.0
0.0
0.0
0.0
0.0
0.0
0.0
0.0
0.0
0.0
0.0
0.0
0.0
0.0
0.0
0.0
0.0
0.0
0.0
0.0
0.0
0.0
0.0
0.0
0.0
0.0
0.0
0.0
0.0
0.0
0.0
0.0
0.0
0.0
0.0
0.0
0.0
0.0
0.0
0.0
0.0
0.12549019607843137
0.5529411764705883
0.06274509803921569
0.0
0.0
0.0
0.0
0.0
0.0
0.0
0.0
0.0
0.0
0.0
0.0
0.0
0.0
0.0
0.0
0.0
0.0
0.0
0.0
0.0
0.0
0.0
0.0
0.47058823529411764
0.7333333333333334
0.9882352941176471
0.6980392156862745
0.6627450980392157
0.6627450980392157
0.14901960784313728
0.0
0.0
0.0
0.0
0.0
0.0
0.0
0.0
0.0
0.0
0.0
0.0
0.0
0.0
0.0
0.0
0.0
0.0
0.0
0.26274509803921564
0.7254901960784313
0.9921568627450981
0.9882352941176471
0.9882352941176471
0.9882352941176471
0.9921568627450981
0.9882352941176471
0.6705882352941177
0.039215686274509776
0.0
0.0
0.0
0.0
0.0
0.0
0.0
0.0
0.0
0.0
0.0
0.0
0.0
0.0
0.0
0.0
0.0
0.29803921568627456
0.8705882352941177
0.9882352941176471
0.9921568627450981
0.8901960784313725
0.8941176470588235
0.792156862745098
0.9921568627450981
0.9882352941176471
0.9882352941176471
0.5019607843137255
0.0
0.0
0.0
0.0
0.0
0.0
0.0
0.0
0.0
0.0
0.0
0.0
0.0
0.0
0.0
0.0
0.40784313725490196
0.9921568627450981
0.9921568627450981
0.9921568627450981
0.592156862745098
0.0
0.34901960784313724
0.050980392156862786
0.10196078431372546
0.9568627450980391
0.9921568627450981
0.9921568627450981
0.0
0.0
0.0
0.0
0.0
0.0
0.0
0.0
0.0
0.0
0.0
0.0
0.0
0.0
0.0
0.29803921568627456
0.9921568627450981
0.9882352941176471
0.9882352941176471
0.592156862745098
0.0
0.0
0.0
0.0
0.0
0.6627450980392157
0.9882352941176471
0.9882352941176471
0.0
0.0
0.0
0.0
0.0
0.0
0.0
0.0
0.0
0.0
0.0
0.0
0.0
0.0
0.26274509803921564
0.8705882352941177
0.9921568627450981
0.9882352941176471
0.388235294117647
0.02352941176470591
0.0
0.0
0.0
0.0
0.09019607843137256
0.9176470588235295
0.9882352941176471
0.6431372549019607
0.0
0.0
0.0
0.0
0.0
0.0
0.0
0.0
0.0
0.0
0.0
0.0
0.0
0.10196078431372546
0.8235294117647058
0.9882352941176471
0.9450980392156862
0.2549019607843137
0.02352941176470591
0.0
0.0
0.0
0.0
0.0
0.11372549019607847
0.9882352941176471
0.9882352941176471
0.5450980392156863
0.0
0.0
0.0
0.0
0.0
0.0
0.0
0.0
0.0
0.0
0.0
0.0
0.06274509803921569
0.7019607843137254
0.9921568627450981
0.9921568627450981
0.39607843137254906
0.0
0.0
0.0
0.0
0.0
0.0
0.44705882352941173
0.996078431372549
0.9921568627450981
0.807843137254902
0.050980392156862786
0.0
0.0
0.0
0.0
0.0
0.0
0.0
0.0
0.0
0.0
0.0
0.0
0.8470588235294118
0.9882352941176471
0.9882352941176471
0.8901960784313725
0.0
0.0
0.0
0.0
0.0
0.14901960784313728
0.6627450980392157
0.807843137254902
0.9921568627450981
0.9882352941176471
0.3647058823529412
0.0
0.0
0.0
0.0
0.0
0.0
0.0
0.0
0.0
0.0
0.0
0.0
0.6901960784313725
0.9921568627450981
0.9882352941176471
0.8784313725490196
0.3686274509803922
0.0
0.0
0.0
0.0
0.0
0.27450980392156865
0.8941176470588235
0.9882352941176471
0.9921568627450981
0.9137254901960784
0.14509803921568631
0.0
0.0
0.0
0.0
0.0
0.0
0.0
0.0
0.0
0.0
0.0
0.29803921568627456
0.9764705882352941
0.9921568627450981
0.8901960784313725
0.1686274509803921
0.0
0.0
0.0
0.0
0.0
0.0
0.6627450980392157
0.9882352941176471
0.9882352941176471
0.9921568627450981
0.3764705882352941
0.0
0.0
0.0
0.0
0.0
0.0
0.0
0.0
0.0
0.0
0.0
0.12549019607843137
0.8980392156862745
0.9921568627450981
0.9372549019607843
0.14901960784313728
0.0
0.0
0.0
0.0
0.0
0.0
0.0
0.6627450980392157
0.9921568627450981
0.9921568627450981
0.6392156862745098
0.0
0.0
0.0
0.0
0.0
0.0
0.0
0.0
0.0
0.0
0.0
0.0
0.22352941176470587
0.9882352941176471
0.9882352941176471
0.5882352941176471
0.0
0.0
0.0
0.0
0.0
0.0
0.592156862745098
0.6627450980392157
0.8823529411764706
0.9882352941176471
0.8901960784313725
0.14901960784313728
0.0
0.0
0.0
0.0
0.0
0.0
0.0
0.0
0.0
0.0
0.0
0.039215686274509776
0.6745098039215687
0.9882352941176471
0.8392156862745098
0.0980392156862745
0.0
0.0
0.0
0.18823529411764706
0.5254901960784314
0.6745098039215687
0.9647058823529412
0.807843137254902
0.5568627450980392
0.4156862745098039
0.1215686274509804
0.0
0.0
0.0
0.0
0.0
0.0
0.0
0.0
0.0
0.0
0.0
0.0
0.5019607843137255
0.9882352941176471
0.9882352941176471
0.1568627450980392
0.44705882352941173
0.44313725490196076
0.7843137254901961
0.6862745098039216
0.9450980392156862
0.9882352941176471
0.9882352941176471
0.9882352941176471
0.44313725490196076
0.0
0.0
0.0
0.0
0.0
0.0
0.0
0.0
0.0
0.0
0.0
0.0
0.0
0.0
0.0
1.0
0.9921568627450981
0.6980392156862745
0.2588235294117647
0.996078431372549
0.9921568627450981
0.9921568627450981
0.9921568627450981
0.8862745098039215
0.9058823529411765
0.9058823529411765
0.2941176470588235
0.0
0.0
0.0
0.0
0.0
0.0
0.0
0.0
0.0
0.0
0.0
0.0
0.0
0.0
0.0
0.0
0.9921568627450981
0.9882352941176471
0.9882352941176471
0.8431372549019608
0.9686274509803922
0.7686274509803921
0.6196078431372549
0.5215686274509803
0.0
0.07450980392156858
0.07450980392156858
0.0
0.0
0.0
0.0
0.0
0.0
0.0
0.0
0.0
0.0
0.0
0.0
0.0
0.0
0.0
0.0
0.0
0.6980392156862745
0.9882352941176471
0.9882352941176471
0.9882352941176471
0.196078431372549
0.0
0.0
0.0
0.0
0.0
0.0
0.0
0.0
0.0
0.0
0.0
0.0
0.0
0.0
0.0
0.0
0.0
0.0
0.0
0.0
0.0
0.0
0.0
0.06274509803921569
0.4509803921568627
0.3058823529411765
0.3058823529411765
0.0
0.0
0.0
0.0
0.0
0.0
0.0
0.0
0.0
0.0
0.0
0.0
0.0
0.0
0.0
0.0
0.0
0.0
0.0
0.0
0.0
0.0
0.0
0.0
0.0
0.0
0.0
0.0
0.0
0.0
0.0
0.0
0.0
0.0
0.0
0.0
0.0
0.0
0.0
0.0
0.0
0.0
0.0
0.0
0.0
0.0
0.0
0.0
0.0
0.0
0.0
0.0
0.0
0.0
0.0
0.0
0.0
0.0
0.0
0.0
0.0
0.0
0.0
0.0
0.0
0.0
0.0
0.0
0.0
0.0
0.0
0.0
0.0
0.0
0.0
0.0
0.0
0.0
0.0
0.0
0.0
0.0
0.0
0.0
0.0
0.0
0.0
0.0
0.0
0.0
0.0
0.0
0.0
0.0
0.0
0.0
0.0
0.0
0.0
0.0
0.0
0.0
0.0
0.0
0.0
0.0
0.0
0.0
0.0
0.0
0.0
0.0
0.0
0.0
0.0
0.0
0.0
0.0
0.0
0.0
0.0
0.0
0.0
0.0
0.0
0.0
0.0
0.0
0.0
0.0
0.0
0.0
