0.0
0.0
0.0
0.0
0.0
0.0
0.0
0.0
0.0
0.0
0.0
0.0
0.0
0.0
0.0
0.0
0.0
0.0
0.0
0.0
0.0
0.0
0.0
0.0
0.0
0.0
0.0
0.0
0.0
0.0
0.0
0.0
0.0
0.0
0.0
0.0
0.0
0.0
0.0
0.0
0.0
0.0
0.0
0.0
0.0
0.0
0.0
0.0
0.0
0.0
0.0
0.0
0.0
0.0
0.0
0.0
0.0
0.0
0.0
0.0
0.0
0.0
0.0
0.0
0.0
0.0
0.0
0.0
0.0
0.0
0.0
0.0
0.0
0.0
0.0
0.0
0.0
0.0
0.0
0.0
0.0
0.0
0.0
0.0
0.0
0.0
0.0
0.0
0.0
0.0
0.0
0.0
0.0
0.0
0.0
0.0
0.0
0.0
0.0
0.0
0.0
0.0
0.0
0.0
0.0
0.0
0.0
0.0
0.0
0.0
0.0
0.0
0.0
0.0
0.0
0.0
0.0
0.0
0.0
0.0
0.0
0.0
0.0
0.0
0.0
0.0
0.0
0.0
0.0
0.0
0.0
0.0
0.0
0.0
0.0
0.0
0.0
0.0
0.0
0.0
0.0
0.0
0.0
0.0
0.0
0.0
0.0
0.0
0.0
0.0
0.0
0.0
0.0
0.0
0.0
0.0
0.0
0.0
0.0
0.0
0.0
0.0
0.0
0.0
0.0
0.0
0.0
0.0
0.0
0.0
0.0
0.0
0.0
0.0
0.0
0.0
0.0
0.0
0.0
0.0
0.0
0.0
0.0
0.0
0.0
0.0
0.0
0.0
0.0
0.0
0.0
0.0
0.0
0.0
0.0
0.0
0.0
0.0
0.0
0.0
0.0
0.0
0.0
0.0
0.0
0.0
0.0
0.0
0.0
0.0
0.0
0.0
0.0
0.0
0.0
0.0
0.0
0.0
0.0
0.0
0.0
0.0
0.0
0.0
0.0
0.0
0.0
0.0
0.0
0.0
0.0
0.0
0.0
0.0
0.0
0.0
0.0
0.0
0.3529411764705882
0.3294117647058824
0.0
0.0
0.0
0.0
0.0
0.0
0.0
0.0
0.0
0.47058823529411764
0.0
0.0
0.0
0.0
0.0
0.0
0.0
0.0
0.0
0.07843137254901966
0.196078431372549
0.10588235294117643
0.0
0.0
0.0
0.19999999999999996
0.9647058823529412
0.6705882352941177
0.0
0.0
0.0
0.0
0.0
0.0
0.0
0.0
0.0
0.9647058823529412
0.0
0.0
0.0
0.0
0.0
0.0
0.0
0.0
0.09411764705882353
0.8235294117647058
0.996078431372549
0.8666666666666667
0.06274509803921569
0.0
0.0
0.7568627450980392
0.996078431372549
0.6705882352941177
0.0
0.0
0.0
0.0
0.0
0.0
0.0
0.0
0.23529411764705888
0.9803921568627452
0.0
0.0
0.0
0.0
0.0
0.0
0.0
0.0
0.35686274509803917
0.996078431372549
0.996078431372549
0.596078431372549
0.0
0.0
0.1333333333333333
0.9568627450980391
0.996078431372549
0.38431372549019605
0.0
0.0
0.0
0.0
0.0
0.0
0.0
0.0
0.8
0.996078431372549
0.0
0.0
0.0
0.0
0.0
0.0
0.0
0.0
0.6549019607843137
0.996078431372549
0.7372549019607844
0.0862745098039216
0.0
0.0
0.4274509803921569
0.996078431372549
0.9098039215686274
0.04313725490196074
0.0
0.0
0.0
0.0
0.0
0.0
0.0
0.44313725490196076
0.9921568627450981
0.9019607843137255
0.0
0.0
0.0
0.0
0.0
0.0
0.0
0.0
0.6745098039215687
0.996078431372549
0.37254901960784315
0.0
0.0
0.0
0.7568627450980392
0.996078431372549
0.4980392156862745
0.0
0.0
0.0
0.0
0.0
0.0
0.0
0.14901960784313728
0.9529411764705882
0.996078431372549
0.2588235294117647
0.0
0.0
0.0
0.0
0.0
0.0
0.0
0.0
0.6784313725490196
0.996078431372549
0.2588235294117647
0.0
0.0
0.4274509803921569
0.996078431372549
0.996078431372549
0.5058823529411764
0.0039215686274509665
0.0
0.0
0.0
0.0
0.0
0.07058823529411762
0.8117647058823529
0.996078431372549
0.48235294117647054
0.0
0.0
0.0
0.0
0.0
0.0
0.0
0.0
0.0
0.6980392156862745
0.996078431372549
0.2549019607843137
0.0
0.2431372549019608
0.9490196078431372
0.996078431372549
0.996078431372549
0.996078431372549
0.2823529411764706
0.0
0.0
0.0
0.0
0.03137254901960784
0.6627450980392157
0.996078431372549
0.580392156862745
0.019607843137254943
0.0
0.0
0.0
0.0
0.0
0.0
0.0
0.0
0.0
0.996078431372549
0.996078431372549
0.2549019607843137
0.12941176470588234
0.8627450980392157
0.996078431372549
0.5568627450980392
0.5254901960784314
0.9882352941176471
0.9137254901960784
0.13725490196078427
0.0
0.0
0.12941176470588234
0.8627450980392157
0.996078431372549
0.7960784313725491
0.1098039215686275
0.0
0.0
0.0
0.0
0.0
0.0
0.0
0.0
0.0
0.0
0.996078431372549
0.996078431372549
0.8274509803921568
0.8745098039215686
0.996078431372549
0.8666666666666667
0.07058823529411762
0.0
0.6431372549019607
0.996078431372549
0.8470588235294118
0.7725490196078432
0.7725490196078432
0.8745098039215686
0.996078431372549
0.803921568627451
0.10196078431372546
0.0
0.0
0.0
0.0
0.0
0.0
0.0
0.0
0.0
0.0
0.0
0.7372549019607844
0.996078431372549
0.996078431372549
0.996078431372549
0.7058823529411764
0.09411764705882353
0.0
0.0
0.05882352941176472
0.7607843137254902
1.0
0.996078431372549
0.996078431372549
0.9215686274509804
0.41960784313725485
0.09411764705882353
0.0
0.0
0.0
0.0
0.0
0.0
0.0
0.0
0.0
0.0
0.0
0.0
0.1215686274509804
0.603921568627451
0.7686274509803921
0.2313725490196078
0.08235294117647063
0.0
0.0
0.0
0.0
0.05490196078431375
0.16078431372549018
0.26274509803921564
0.16078431372549018
0.09019607843137256
0.0
0.0
0.0
0.0
0.0
0.0
0.0
0.0
0.0
0.0
0.0
0.0
0.0
0.0
0.0
0.0
0.0
0.0
0.0
0.0
0.0
0.0
0.0
0.0
0.0
0.0
0.0
0.0
0.0
0.0
0.0
0.0
0.0
0.0
0.0
0.0
0.0
0.0
0.0
0.0
0.0
0.0
0.0
0.0
0.0
0.0
0.0
0.0
0.0
0.0
0.0
0.0
0.0
0.0
0.0
0.0
0.0
0.0
0.0
0.0
0.0
0.0
0.0
0.0
0.0
0.0
0.0
0.0
0.0
0.0
0.0
0.0
0.0
0.0
0.0
0.0
0.0
0.0
0.0
0.0
0.0
0.0
0.0
0.0
0.0
0.0
0.0
0.0
0.0
0.0
0.0
0.0
0.0
0.0
0.0
0.0
0.0
0.0
0.0
0.0
0.0
0.0
0.0
0.0
0.0
0.0
0.0
0.0
0.0
0.0
0.0
0.0
0.0
0.0
0.0
0.0
0.0
0.0
0.0
0.0
0.0
0.0
0.0
0.0
0.0
0.0
0.0
0.0
0.0
0.0
0.0
0.0
0.0
0.0
0.0
0.0
0.0
0.0
0.0
0.0
0.0
0.0
0.0
0.0
0.0
0.0
0.0
0.0
0.0
0.0
0.0
0.0
0.0
0.0
0.0
0.0
0.0
0.0
0.0
0.0
0.0
0.0
0.0
0.0
0.0
0.0
0.0
0.0
0.0
0.0
0.0
0.0
0.0
0.0
0.0
0.0
0.0
0.0
0.0
0.0
0.0
0.0
0.0
0.0
0.0
0.0
0.0
0.0
0.0
0.0
0.0
0.0
0.0
0.0
0.0
0.0
0.0
0.0
0.0
0.0
0.0
0.0
0.0
0.0
0.0
0.0
0.0
0.0
0.0
0.0
0.0
0.0
0.0
0.0
0.0
0.0
0.0
0.0
0.0
0.0
0.0
0.0
0.0
0.0
0.0
0.0
0.0
0.0
0.0
0.0
0.0
0.0
