0.0
0.0
0.0
0.0
0.0
0.0
0.0
0.0
0.0
0.0
0.0
0.0
0.0
0.0
0.0
0.0
0.0
0.0
0.0
0.0
0.0
0.0
0.0
0.0
0.0
0.0
0.0
0.0
0.0
0.0
0.0
0.0
0.0
0.0
0.0
0.0
0.0
0.0
0.0
0.0
0.0
0.0
0.0
0.0
0.0
0.0
0.0
0.0
0.0
0.0
0.0
0.0
0.0
0.0
0.0
0.0
0.0
0.0
0.0
0.0
0.0
0.0
0.0
0.0
0.0
0.0
0.0
0.0
0.0
0.0
0.0
0.0
0.0
0.0
0.0
0.0
0.0
0.0
0.0
0.0
0.0
0.0
0.0
0.0
0.0
0.0
0.0
0.0
0.0
0.0
0.0
0.0
0.0
0.0
0.0
0.0
0.0
0.0
0.0
0.0
0.0
0.0
0.0
0.0
0.0
0.0
0.0
0.0
0.0
0.0
0.0
0.0
0.0
0.0
0.0
0.0
0.0
0.0
0.0
0.0
0.0
0.0
0.0
0.0
0.0
0.0
0.0
0.0
0.0
0.0
0.0
0.0
0.0
0.0
0.0
0.0
0.0
0.0
0.0
0.0
0.0
0.0
0.0
0.0
0.0
0.0
0.0
0.0
0.0
0.0
0.0
0.0
0.0
0.0
0.0
0.0
0.0
0.0
0.0
0.0
0.0
0.0
0.0
0.0
0.0
0.0
0.0
0.0
0.0
0.0
0.0
0.0
0.0
0.0
0.0
0.0
0.0
0.0
0.0
0.0
0.0
0.0
0.1686274509803921
0.5254901960784314
0.996078431372549
0.9098039215686274
1.0
0.8
0.07843137254901966
0.0
0.0
0.0
0.0
0.0
0.0
0.0
0.0
0.0
0.0
0.0
0.0
0.0
0.0
0.0
0.0
0.0
0.0
0.0
0.0117647058823529
0.23921568627450984
0.9137254901960784
0.8313725490196078
0.26274509803921564
0.2823529411764706
0.21568627450980393
0.8196078431372549
0.6235294117647059
0.0039215686274509665
0.0
0.0
0.0
0.0
0.0
0.0
0.0
0.0
0.0
0.0
0.0
0.0
0.0
0.0
0.0
0.0
0.0
0.0
0.23529411764705888
0.9686274509803922
0.4666666666666667
0.027450980392156876
0.0
0.0
0.0
0.207843137254902
0.996078431372549
0.015686274509803977
0.0
0.0
0.0
0.0
0.0
0.0
0.0
0.0
0.0
0.0
0.0
0.0
0.0
0.0
0.0
0.0
0.0
0.06666666666666665
0.8549019607843137
0.5647058823529412
0.0
0.0
0.0
0.0
0.0
0.16078431372549018
0.9803921568627451
0.015686274509803977
0.0
0.0
0.0
0.0
0.0
0.0
0.0
0.0
0.0
0.0
0.0
0.0
0.0
0.0
0.0
0.0
0.0
0.6901960784313725
0.6392156862745098
0.0
0.0
0.0
0.0
0.0
0.0
0.14901960784313728
0.9725490196078431
0.015686274509803977
0.0
0.0
0.0
0.0
0.0
0.0
0.0
0.0
0.0
0.0
0.0
0.0
0.0
0.0
0.0
0.0
0.22352941176470587
0.9764705882352941
0.1686274509803921
0.0
0.0
0.0
0.0
0.0
0.0
0.18039215686274512
0.9019607843137255
0.0117647058823529
0.0
0.0
0.0
0.0
0.0
0.0
0.0
0.0
0.0
0.0
0.0
0.0
0.0
0.0
0.0
0.02352941176470591
0.8431372549019608
0.4117647058823529
0.0
0.0
0.0
0.0
0.0
0.0
0.0
0.12549019607843137
0.5450980392156863
0.0
0.0
0.0
0.0
0.0
0.0
0.0
0.0
0.0
0.0
0.0
0.0
0.0
0.0
0.0
0.0
0.3529411764705882
0.9215686274509804
0.07450980392156858
0.0
0.0
0.0
0.0
0.0
0.0
0.0
0.5019607843137255
0.3294117647058824
0.0
0.0
0.0
0.0
0.0
0.0
0.0
0.0
0.0
0.0
0.0
0.0
0.0
0.0
0.0
0.0
0.7294117647058824
0.4784313725490196
0.0
0.0
0.0
0.0
0.0
0.0
0.0
0.050980392156862786
0.9098039215686274
0.12941176470588234
0.0
0.0
0.0
0.0
0.0
0.0
0.0
0.0
0.0
0.0
0.0
0.0
0.0
0.0
0.0
0.1686274509803921
0.9098039215686274
0.07058823529411762
0.0
0.0
0.0
0.0
0.0
0.0
0.0
0.34509803921568627
0.7725490196078432
0.0
0.0
0.0
0.0
0.0
0.0
0.0
0.0
0.0
0.0
0.0
0.0
0.0
0.0
0.0
0.0
0.6431372549019607
0.592156862745098
0.0
0.0
0.0
0.0
0.0
0.0
0.0
0.0
0.7450980392156863
0.35686274509803917
0.0
0.0
0.0
0.0
0.0
0.0
0.0
0.0
0.0
0.0
0.0
0.0
0.0
0.0
0.0
0.08235294117647063
0.9333333333333333
0.2666666666666667
0.0
0.0
0.0
0.0
0.0
0.0
0.0
0.11764705882352944
0.8
0.0117647058823529
0.0
0.0
0.0
0.0
0.0
0.0
0.0
0.0
0.0
0.0
0.0
0.0
0.0
0.0
0.0
0.34901960784313724
0.8431372549019608
0.039215686274509776
0.0
0.0
0.0
0.0
0.0
0.0
0.07843137254901966
0.6745098039215687
0.2588235294117647
0.0
0.0
0.0
0.0
0.0
0.0
0.0
0.0
0.0
0.0
0.0
0.0
0.0
0.0
0.0
0.0
0.584313725490196
0.4784313725490196
0.0
0.0
0.0
0.0
0.0
0.0
0.0
0.5019607843137255
0.592156862745098
0.0039215686274509665
0.0
0.0
0.0
0.0
0.0
0.0
0.0
0.0
0.0
0.0
0.0
0.0
0.0
0.0
0.0
0.0117647058823529
0.9019607843137255
0.1843137254901961
0.0
0.0
0.0
0.0
0.0
0.0
0.19215686274509802
0.5176470588235293
0.0117647058823529
0.0
0.0
0.0
0.0
0.0
0.0
0.0
0.0
0.0
0.0
0.0
0.0
0.0
0.0
0.0
0.0
0.16078431372549018
0.9019607843137255
0.039215686274509776
0.0
0.0
0.0
0.0
0.0
0.2549019607843137
0.6784313725490196
0.05490196078431375
0.0
0.0
0.0
0.0
0.0
0.0
0.0
0.0
0.0
0.0
0.0
0.0
0.0
0.0
0.0
0.0
0.0
0.3137254901960784
0.8745098039215686
0.0
0.0
0.0
0.0
0.0
0.1725490196078432
0.41960784313725485
0.04313725490196074
0.0
0.0
0.0
0.0
0.0
0.0
0.0
0.0
0.0
0.0
0.0
0.0
0.0
0.0
0.0
0.0
0.0
0.0
0.3137254901960784
0.6705882352941177
0.0
0.0
0.0
0.027450980392156876
0.33725490196078434
0.6313725490196078
0.04705882352941182
0.0
0.0
0.0
0.0
0.0
0.0
0.0
0.0
0.0
0.0
0.0
0.0
0.0
0.0
0.0
0.0
0.0
0.0
0.0
0.2588235294117647
0.6
0.03529411764705881
0.0
0.027450980392156876
0.34509803921568627
0.1686274509803921
0.0
0.0
0.0
0.0
0.0
0.0
0.0
0.0
0.0
0.0
0.0
0.0
0.0
0.0
0.0
0.0
0.0
0.0
0.0
0.0
0.0
0.015686274509803977
0.8941176470588236
0.07450980392156858
0.0
0.015686274509803977
0.019607843137254943
0.0
0.0
0.0
0.0
0.0
0.0
0.0
0.0
0.0
0.0
0.0
0.0
0.0
0.0
0.0
0.0
0.0
0.0
0.0
0.0
0.0
0.0
0.0
0.0
0.0
0.0
0.0
0.0
0.0
0.0
0.0
0.0
0.0
0.0
0.0
0.0
0.0
0.0
0.0
0.0
0.0
0.0
0.0
0.0
0.0
0.0
0.0
0.0
0.0
0.0
0.0
0.0
0.0
0.0
0.0
0.0
0.0
0.0
0.0
0.0
0.0
0.0
0.0
0.0
0.0
0.0
0.0
0.0
0.0
0.0
0.0
0.0
