0.0
0.0
0.0
0.0
0.0
0.0
0.0
0.0
0.0
0.0
0.0
0.0
0.0
0.0
0.0
0.0
0.0
0.0
0.0
0.0
0.0
0.0
0.0
0.0
0.0
0.0
0.0
0.0
0.0
0.0
0.0
0.0
0.0
0.0
0.0
0.0
0.0
0.0
0.0
0.0
0.0
0.0
0.0
0.0
0.0
0.0
0.0
0.0
0.0
0.0
0.0
0.0
0.0
0.0
0.0
0.0
0.0
0.0
0.0
0.0
0.0
0.0
0.0
0.0
0.0
0.0
0.0
0.0
0.0
0.0
0.0
0.0
0.0
0.0
0.0
0.0
0.0
0.0
0.0
0.0
0.0
0.0
0.0
0.0
0.0
0.0
0.0
0.0
0.0
0.0
0.0
0.0
0.0
0.0
0.0
0.0
0.0
0.0
0.0
0.0
0.0
0.0
0.0
0.0
0.0
0.0
0.0
0.0
0.0
0.0
0.0
0.0
0.0
0.0
0.0
0.0
0.0
0.0
0.0
0.0
0.0
0.0
0.0
0.0
0.0
0.0
0.0
0.0
0.0
0.0
0.0
0.0
0.0
0.0
0.0
0.0
0.0
0.0
0.0
0.0
0.0
0.0
0.0
0.0
0.0
0.0
0.0
0.0
0.0
0.0
0.0
0.0
0.0
0.0
0.0
0.0
0.0
0.0
0.0
0.0
0.0
0.0
0.0
0.0
0.0
0.0
0.0
0.0
0.0
0.0
0.0
0.0
0.0
0.0
0.0
0.0
0.0
0.0
0.0
0.0
0.0
0.0
0.0
0.0
0.0
0.0
0.0
0.0
0.0
0.0
0.0
0.0
0.0
0.0
0.0
0.0
0.0
0.0
0.0
0.0
0.0
0.0
0.0
0.0
0.0
0.0
0.0
0.0
0.0
0.0
0.0
0.0
0.0
0.0
0.0
0.0
0.0
0.0
0.0
0.0
0.0
0.0
0.0
0.0
0.0
0.0
0.0
0.0
0.0
0.0
0.0
0.0
0.06274509803921569
0.25098039215686274
0.25098039215686274
0.25098039215686274
0.25098039215686274
0.08235294117647063
0.0
0.0
0.0
0.0
0.0
0.0
0.0
0.0
0.0
0.0
0.0
0.0
0.0
0.0
0.0
0.0
0.0
0.0
0.0
0.0
0.0
0.03529411764705881
0.7294117647058824
0.9882352941176471
0.9921568627450981
0.9882352941176471
0.9882352941176471
0.603921568627451
0.07058823529411762
0.0
0.0
0.0
0.0
0.0
0.0
0.0
0.0
0.0
0.0
0.0
0.0
0.0
0.0
0.0
0.0
0.0
0.0
0.0
0.0
0.5686274509803921
0.9921568627450981
0.9921568627450981
0.996078431372549
0.9921568627450981
0.9921568627450981
0.9921568627450981
0.8196078431372549
0.07058823529411762
0.0
0.0
0.0
0.0
0.0
0.0
0.0
0.0
0.0
0.0
0.0
0.0
0.0
0.0
0.0
0.0
0.0
0.12549019607843137
0.7450980392156863
0.9686274509803922
0.9882352941176471
0.9882352941176471
0.9372549019607843
0.9058823529411765
0.9882352941176471
0.9882352941176471
0.9882352941176471
0.4156862745098039
0.0
0.0
0.22352941176470587
0.6784313725490196
0.7490196078431373
0.607843137254902
0.3058823529411765
0.0
0.0
0.0
0.0
0.0
0.0
0.0
0.0
0.0
0.0
0.580392156862745
0.9882352941176471
0.9882352941176471
0.9686274509803922
0.388235294117647
0.06666666666666665
0.19999999999999996
0.7411764705882353
0.9882352941176471
0.9882352941176471
0.8784313725490196
0.4980392156862745
0.8784313725490196
0.9647058823529412
0.9882352941176471
0.9921568627450981
0.9882352941176471
0.9843137254901961
0.807843137254902
0.2901960784313725
0.0
0.0
0.0
0.0
0.0
0.0
0.0
0.0
0.9921568627450981
0.9882352941176471
0.9882352941176471
0.7411764705882353
0.0
0.0
0.0
0.19999999999999996
0.9058823529411765
0.9882352941176471
0.9921568627450981
0.9882352941176471
0.9882352941176471
0.9882352941176471
0.9882352941176471
0.9921568627450981
0.9882352941176471
0.9882352941176471
0.9882352941176471
0.8509803921568627
0.0
0.0
0.0
0.0
0.0
0.0
0.0
0.0
0.9921568627450981
0.9882352941176471
0.9882352941176471
0.5686274509803921
0.0
0.0
0.0
0.2431372549019608
0.9372549019607843
0.9882352941176471
0.9921568627450981
0.9882352941176471
0.9568627450980391
0.5764705882352941
0.5764705882352941
0.16470588235294115
0.7843137254901961
0.9882352941176471
0.9882352941176471
0.9882352941176471
0.0
0.0
0.0
0.0
0.0
0.0
0.0
0.0
0.3137254901960784
0.9529411764705882
0.8745098039215686
0.13725490196078427
0.0
0.0980392156862745
0.615686274509804
0.9921568627450981
0.9921568627450981
0.9921568627450981
1.0
0.9921568627450981
0.7490196078431373
0.05490196078431375
0.0
0.23921568627450984
0.9921568627450981
0.9921568627450981
0.9921568627450981
0.5764705882352941
0.0
0.0
0.0
0.0
0.0
0.0
0.0
0.0
0.0
0.18823529411764706
0.12549019607843137
0.0
0.4549019607843138
0.8901960784313725
0.9882352941176471
0.9882352941176471
0.9058823529411765
0.6588235294117647
0.9921568627450981
0.9882352941176471
0.9882352941176471
0.8274509803921568
0.7450980392156863
0.8901960784313725
0.9882352941176471
0.9882352941176471
0.803921568627451
0.14509803921568631
0.0
0.0
0.0
0.0
0.0
0.0
0.0
0.0
0.0
0.20392156862745103
0.4980392156862745
0.7725490196078432
0.9764705882352941
0.9921568627450981
0.9882352941176471
0.7058823529411764
0.19999999999999996
0.0
0.3921568627450981
0.9686274509803922
0.9882352941176471
0.9882352941176471
0.9882352941176471
0.9921568627450981
0.9882352941176471
0.7411764705882353
0.19999999999999996
0.0
0.0
0.0
0.0
0.0
0.0
0.0
0.0
0.0
0.21568627450980393
0.9098039215686274
0.9882352941176471
0.9882352941176471
0.9882352941176471
0.8470588235294118
0.43137254901960786
0.027450980392156876
0.0
0.0
0.0
0.388235294117647
0.8666666666666667
0.9882352941176471
0.9882352941176471
0.9921568627450981
0.803921568627451
0.19999999999999996
0.0
0.0
0.0
0.0
0.0
0.0
0.0
0.0
0.0
0.0
0.580392156862745
0.9882352941176471
0.9882352941176471
0.9882352941176471
0.8156862745098039
0.07058823529411762
0.0
0.0
0.0
0.0
0.0
0.0
0.08235294117647063
0.44313725490196076
0.7490196078431373
0.33725490196078434
0.04313725490196074
0.0
0.0
0.0
0.0
0.0
0.0
0.0
0.0
0.0
0.0
0.0
0.4862745098039216
0.8823529411764706
0.9803921568627452
0.7254901960784313
0.07058823529411762
0.0
0.0
0.0
0.0
0.0
0.0
0.0
0.0
0.0
0.0
0.0
0.0
0.0
0.0
0.0
0.0
0.0
0.0
0.0
0.0
0.0
0.0
0.0
0.0
0.08235294117647063
0.22745098039215683
0.0
0.0
0.0
0.0
0.0
0.0
0.0
0.0
0.0
0.0
0.0
0.0
0.0
0.0
0.0
0.0
0.0
0.0
0.0
0.0
0.0
0.0
0.0
0.0
0.0
0.0
0.0
0.0
0.0
0.0
0.0
0.0
0.0
0.0
0.0
0.0
0.0
0.0
0.0
0.0
0.0
0.0
0.0
0.0
0.0
0.0
0.0
0.0
0.0
0.0
0.0
0.0
0.0
0.0
0.0
0.0
0.0
0.0
0.0
0.0
0.0
0.0
0.0
0.0
0.0
0.0
0.0
0.0
0.0
0.0
0.0
0.0
0.0
0.0
0.0
0.0
0.0
0.0
0.0
0.0
0.0
0.0
0.0
0.0
0.0
0.0
0.0
0.0
0.0
0.0
0.0
0.0
0.0
0.0
0.0
0.0
0.0
0.0
0.0
0.0
0.0
0.0
0.0
0.0
0.0
0.0
0.0
0.0
0.0
0.0
0.0
0.0
0.0
0.0
0.0
0.0
0.0
0.0
0.0
0.0
0.0
0.0
0.0
0.0
0.0
0.0
0.0
0.0
0.0
0.0
0.0
0.0
0.0
0.0
0.0
0.0
0.0
0.0
0.0
0.0
0.0
0.0
0.0
0.0
0.0
0.0
0.0
0.0
0.0
0.0
0.0
0.0
0.0
0.0
0.0
0.0
0.0
0.0
0.0
0.0
0.0
0.0
0.0
0.0
0.0
0.0
0.0
0.0
0.0
0.0
0.0
0.0
0.0
0.0
0.0
0.0
0.0
0.0
0.0
0.0
0.0
0.0
0.0
0.0
0.0
0.0
0.0
0.0
