0.0
0.0
0.0
0.0
0.0
0.0
0.0
0.0
0.0
0.0
0.0
0.0
0.0
0.0
0.0
0.0
0.0
0.0
0.0
0.0
0.0
0.0
0.0
0.0
0.0
0.0
0.0
0.0
0.0
0.0
0.0
0.0
0.0
0.0
0.0
0.0
0.0
0.0
0.0
0.0
0.0
0.0
0.0
0.0
0.0
0.0
0.0
0.0
0.0
0.0
0.0
0.0
0.0
0.0
0.0
0.0
0.0
0.0
0.0
0.0
0.0
0.0
0.0
0.0
0.0
0.0
0.0
0.0
0.0
0.0
0.0
0.0
0.0
0.0
0.0
0.0
0.0
0.0
0.0
0.0
0.0
0.0
0.0
0.0
0.0
0.0
0.0
0.0
0.0
0.0
0.0
0.0
0.0
0.0
0.0
0.0
0.0
0.0
0.0
0.0
0.0
0.0
0.0
0.0
0.0
0.0
0.0
0.0
0.0
0.0
0.0
0.0
0.0
0.0
0.0
0.0
0.0
0.0
0.0
0.0
0.0
0.0
0.0
0.0
0.0
0.0
0.0
0.0
0.0
0.0
0.0
0.0
0.0
0.0
0.0
0.0
0.0
0.0
0.0
0.0
0.0
0.0
0.0
0.0
0.0
0.0
0.1098039215686275
0.2313725490196078
0.2313725490196078
0.2313725490196078
0.09019607843137256
0.0
0.0
0.0
0.0
0.0
0.0
0.0
0.0
0.0
0.0
0.0
0.0
0.0
0.0
0.0
0.0
0.0
0.0
0.0
0.0
0.0
0.0
0.0
0.45882352941176474
0.9843137254901961
0.9843137254901961
0.803921568627451
0.20392156862745103
0.0
0.0
0.0
0.0
0.0
0.0
0.0
0.0
0.0
0.0
0.0
0.0
0.0
0.0
0.0
0.0
0.0
0.0
0.0
0.0
0.0
0.0
0.16078431372549018
0.8235294117647058
0.9843137254901961
0.9843137254901961
0.6
0.0
0.0
0.0
0.0
0.0
0.0
0.0
0.0
0.0
0.0
0.0
0.0
0.0
0.0
0.0
0.0
0.0
0.0
0.0
0.0
0.0
0.0
0.0
0.34901960784313724
0.9843137254901961
0.9843137254901961
0.8392156862745098
0.04313725490196074
0.0
0.0
0.0
0.0
0.0
0.0
0.0
0.0
0.0
0.06274509803921569
0.15294117647058825
0.8
0.6784313725490196
0.07058823529411762
0.0
0.0
0.0
0.0
0.0
0.0
0.0
0.0
0.0
0.9921568627450981
0.9843137254901961
0.9843137254901961
0.8313725490196078
0.0
0.0
0.0
0.0
0.0
0.0
0.0
0.0
0.0
0.0
0.38431372549019605
0.9843137254901961
0.9843137254901961
0.9843137254901961
0.6549019607843137
0.38431372549019605
0.0
0.0
0.0
0.0
0.0
0.0
0.0
0.0
0.9921568627450981
0.9843137254901961
0.9843137254901961
0.8313725490196078
0.0
0.0
0.5176470588235293
0.607843137254902
0.607843137254902
0.14117647058823535
0.0
0.0
0.0
0.0
0.14509803921568631
0.3764705882352941
0.42352941176470593
0.9843137254901961
0.9843137254901961
0.9843137254901961
0.0
0.0
0.0
0.0
0.0
0.0
0.0
0.0
0.9921568627450981
0.9843137254901961
0.9843137254901961
0.1843137254901961
0.0
0.050980392156862786
0.8470588235294118
0.9843137254901961
0.9411764705882353
0.207843137254902
0.0
0.0
0.0
0.0
0.0
0.0
0.07843137254901966
0.9843137254901961
0.9843137254901961
0.9843137254901961
0.0
0.0
0.0
0.0
0.0
0.0
0.0
0.0
0.9921568627450981
0.9843137254901961
0.9843137254901961
0.07058823529411762
0.0
0.607843137254902
0.9843137254901961
0.9843137254901961
0.4509803921568627
0.0
0.0
0.0
0.0
0.0
0.0
0.0
0.07843137254901966
0.9843137254901961
0.9843137254901961
0.9843137254901961
0.0
0.0
0.0
0.0
0.0
0.0
0.0
0.0
0.9921568627450981
0.9843137254901961
0.9843137254901961
0.07058823529411762
0.207843137254902
0.8117647058823529
0.9843137254901961
0.9843137254901961
0.7372549019607844
0.1215686274509804
0.0
0.0
0.0
0.0
0.0
0.0
0.07843137254901966
0.9843137254901961
0.9843137254901961
0.9843137254901961
0.0
0.0
0.0
0.0
0.0
0.0
0.0
0.0
0.9921568627450981
0.9843137254901961
0.9843137254901961
0.18823529411764706
0.8470588235294118
0.9843137254901961
0.9843137254901961
0.9843137254901961
0.9843137254901961
0.22352941176470587
0.0
0.0
0.0
0.0
0.0
0.0
0.07843137254901966
0.9843137254901961
0.9843137254901961
0.9843137254901961
0.0
0.0
0.0
0.0
0.0
0.0
0.0
0.0
1.0
0.9921568627450981
0.9921568627450981
0.9921568627450981
0.9921568627450981
0.9921568627450981
0.9921568627450981
0.9921568627450981
0.9921568627450981
0.22352941176470587
0.0
0.0
0.0
0.0
0.0
0.0
0.2549019607843137
0.9921568627450981
0.9921568627450981
0.22352941176470587
0.0
0.0
0.0
0.0
0.0
0.0
0.0
0.0
0.9921568627450981
0.9843137254901961
0.9843137254901961
0.9843137254901961
0.9843137254901961
0.6980392156862745
0.5607843137254902
0.9843137254901961
0.9843137254901961
0.22352941176470587
0.0
0.0
0.0
0.0
0.0
0.0
0.8392156862745098
0.9843137254901961
0.9843137254901961
0.22352941176470587
0.0
0.0
0.0
0.0
0.0
0.0
0.0
0.0
0.4627450980392157
0.9843137254901961
0.9843137254901961
0.9843137254901961
0.7176470588235294
0.11372549019607847
0.02352941176470591
0.5098039215686274
0.9843137254901961
0.7529411764705882
0.0
0.0
0.0
0.0
0.0
0.0
0.8392156862745098
0.9843137254901961
0.9843137254901961
0.22352941176470587
0.0
0.0
0.0
0.0
0.0
0.0
0.0
0.0
0.019607843137254943
0.4274509803921569
0.8313725490196078
0.7098039215686274
0.04313725490196074
0.0
0.0
0.3058823529411765
0.9843137254901961
0.9843137254901961
0.1215686274509804
0.0
0.0
0.0
0.0
0.5647058823529412
0.9725490196078431
0.9843137254901961
0.4901960784313726
0.015686274509803977
0.0
0.0
0.0
0.0
0.0
0.0
0.0
0.0
0.0
0.0
0.0
0.0
0.0
0.0
0.0
0.18823529411764706
0.807843137254902
0.9843137254901961
0.7607843137254902
0.0
0.0
0.0
0.14901960784313728
0.7529411764705882
0.9843137254901961
0.9843137254901961
0.4509803921568627
0.0
0.0
0.0
0.0
0.0
0.0
0.0
0.0
0.0
0.0
0.0
0.0
0.0
0.0
0.0
0.0
0.0
0.20392156862745103
0.8470588235294118
0.9019607843137255
0.3294117647058824
0.0
0.0980392156862745
0.7529411764705882
0.9843137254901961
0.9843137254901961
0.792156862745098
0.1725490196078432
0.0
0.0
0.0
0.0
0.0
0.0
0.0
0.0
0.0
0.0
0.0
0.0
0.0
0.0
0.0
0.0
0.0
0.0
0.7019607843137254
0.9294117647058824
0.9137254901960784
0.8392156862745098
0.8588235294117648
0.9843137254901961
0.9843137254901961
0.9764705882352941
0.6235294117647059
0.0
0.0
0.0
0.0
0.0
0.0
0.0
0.0
0.0
0.0
0.0
0.0
0.0
0.0
0.0
0.0
0.0
0.0
0.0
0.0
0.2313725490196078
0.9843137254901961
0.9843137254901961
0.9843137254901961
0.9843137254901961
0.9843137254901961
0.6705882352941177
0.0
0.0
0.0
0.0
0.0
0.0
0.0
0.0
0.0
0.0
0.0
0.0
0.0
0.0
0.0
0.0
0.0
0.0
0.0
0.0
0.0
0.10588235294117643
0.4509803921568627
0.4509803921568627
0.8627450980392157
0.4509803921568627
0.4509803921568627
0.06666666666666665
0.0
0.0
0.0
0.0
0.0
0.0
0.0
0.0
0.0
0.0
0.0
0.0
0.0
0.0
0.0
0.0
0.0
0.0
0.0
0.0
0.0
0.0
0.0
0.0
0.1725490196078432
0.0
0.0
0.0
0.0
0.0
0.0
0.0
0.0
0.0
0.0
0.0
0.0
0.0
0.0
0.0
0.0
0.0
0.0
0.0
0.0
0.0
0.0
0.0
0.0
0.0
0.0
0.0
0.0
0.0
0.0
0.0
0.0
0.0
0.0
0.0
0.0
0.0
0.0
0.0
0.0
0.0
0.0
0.0
0.0
0.0
0.0
0.0
0.0
0.0
0.0
0.0
0.0
0.0
0.0
0.0
0.0
0.0
0.0
0.0
0.0
0.0
0.0
0.0
0.0
0.0
0.0
0.0
0.0
0.0
0.0
0.0
0.0
0.0
0.0
0.0
0.0
0.0
0.0
0.0
0.0
0.0
0.0
0.0
0.0
0.0
0.0
0.0
0.0
0.0
0.0
0.0
0.0
0.0
