0.0
0.0
0.0
0.0
0.0
0.0
0.0
0.0
0.0
0.0
0.0
0.0
0.0
0.0
0.0
0.0
0.0
0.0
0.0
0.0
0.0
0.0
0.0
0.0
0.0
0.0
0.0
0.0
0.0
0.0
0.0
0.0
0.0
0.0
0.0
0.0
0.0
0.0
0.0
0.0
0.0
0.0
0.0
0.0
0.0
0.0
0.0
0.0
0.0
0.0
0.0
0.0
0.0
0.0
0.0
0.0
0.0
0.0
0.0
0.0
0.0
0.0
0.0
0.0
0.0
0.0
0.0
0.0
0.0
0.0
0.0
0.0
0.0
0.0
0.0
0.0
0.0
0.0
0.0
0.0
0.0
0.0
0.0
0.0
0.0
0.0
0.0
0.0
0.0
0.0
0.0
0.0
0.0
0.0
0.0
0.0
0.0
0.0
0.0
0.0
0.0
0.0
0.0
0.0
0.0
0.0
0.0
0.0
0.0
0.0
0.0
0.0
0.0
0.0
0.0
0.0
0.0
0.0
0.0
0.0
0.0
0.0
0.0
0.0
0.0
0.0
0.0
0.0
0.0
0.0
0.0
0.0
0.0
0.0
0.0
0.0
0.0
0.0
0.0
0.0
0.0
0.0
0.0
0.0
0.0
0.0
0.0
0.0
0.0
0.0
0.0
0.0
0.0
0.0
0.0
0.0
0.0
0.0
0.0
0.0
0.0
0.0
0.0
0.0
0.0
0.0
0.0
0.0
0.0
0.0
0.0
0.0
0.0
0.0
0.0
0.0
0.0
0.0
0.0
0.0
0.0
0.0
0.0
0.0
0.0
0.0
0.0
0.0
0.0
0.0
0.0
0.0
0.0
0.0
0.0
0.0
0.0
0.0
0.0
0.0
0.0
0.0
0.0
0.0
0.0
0.0
0.0
0.0
0.0
0.0
0.0
0.0
0.0
0.0
0.0
0.0
0.0
0.0
0.0
0.0
0.0
0.0
0.0
0.0
0.0
0.0
0.0
0.0
0.0
0.0
0.0
0.0
0.0
0.0
0.0
0.0
0.03529411764705881
0.06666666666666665
0.1333333333333333
0.1098039215686275
0.03137254901960784
0.04705882352941182
0.0
0.0
0.0
0.0
0.0
0.0
0.0
0.0
0.0
0.0
0.0
0.0
0.0
0.0
0.0
0.0
0.0
0.0
0.0
0.027450980392156876
0.08235294117647063
0.1568627450980392
0.792156862745098
0.996078431372549
0.996078431372549
0.996078431372549
0.8509803921568627
0.9098039215686274
0.7372549019607844
0.5372549019607843
0.07450980392156858
0.0
0.0
0.0
0.0
0.0
0.0
0.0
0.0
0.0
0.0
0.0
0.0
0.0
0.0
0.0117647058823529
0.10196078431372546
0.6862745098039216
0.8666666666666667
0.8823529411764706
0.9529411764705882
0.996078431372549
0.996078431372549
0.996078431372549
0.996078431372549
0.996078431372549
0.996078431372549
0.996078431372549
0.9254901960784314
0.196078431372549
0.0
0.0
0.0
0.0
0.0
0.0
0.0
0.0
0.0
0.0
0.0
0.0
0.04705882352941182
0.5098039215686274
0.996078431372549
0.996078431372549
0.996078431372549
0.996078431372549
0.996078431372549
0.996078431372549
0.996078431372549
0.996078431372549
0.996078431372549
0.996078431372549
0.996078431372549
0.996078431372549
0.996078431372549
0.9254901960784314
0.050980392156862786
0.0
0.0
0.0
0.0
0.0
0.0
0.0
0.0
0.0
0.05882352941176472
0.4784313725490196
0.8705882352941177
0.996078431372549
0.996078431372549
0.996078431372549
0.9372549019607843
0.6705882352941177
0.996078431372549
0.996078431372549
0.996078431372549
0.9686274509803922
0.6823529411764706
0.7607843137254902
0.996078431372549
0.996078431372549
0.996078431372549
0.996078431372549
0.6
0.0
0.0
0.0
0.0
0.0
0.0
0.0
0.0
0.2196078431372549
0.8745098039215686
0.996078431372549
0.996078431372549
0.9843137254901961
0.7843137254901961
0.196078431372549
0.10588235294117643
0.3058823529411765
0.996078431372549
0.996078431372549
0.996078431372549
0.7372549019607844
0.0
0.050980392156862786
0.3686274509803922
0.9882352941176471
0.996078431372549
0.996078431372549
0.7176470588235294
0.0
0.0
0.0
0.0
0.0
0.0
0.0
0.0
0.7254901960784313
0.996078431372549
0.996078431372549
0.9333333333333333
0.44313725490196076
0.0
0.0
0.06666666666666665
0.8431372549019608
0.996078431372549
0.996078431372549
0.996078431372549
0.18823529411764706
0.0
0.0
0.0
0.7725490196078432
0.996078431372549
0.996078431372549
0.996078431372549
0.0
0.0
0.0
0.0
0.0
0.0
0.0
0.0
0.9411764705882353
0.996078431372549
0.8392156862745098
0.0980392156862745
0.0
0.0
0.0
0.19215686274509802
0.996078431372549
0.996078431372549
0.996078431372549
0.6666666666666667
0.02352941176470591
0.0
0.0
0.0
0.607843137254902
0.996078431372549
0.996078431372549
0.996078431372549
0.0
0.0
0.0
0.0
0.0
0.0
0.0
0.0
0.0980392156862745
0.14509803921568631
0.04313725490196074
0.0
0.0
0.0
0.0
0.7411764705882353
0.996078431372549
0.996078431372549
0.996078431372549
0.4117647058823529
0.0
0.0
0.0
0.0
0.6705882352941177
0.996078431372549
0.996078431372549
0.7176470588235294
0.0
0.0
0.0
0.0
0.0
0.0
0.0
0.0
0.0
0.0
0.0
0.0
0.0
0.0
0.0
0.5019607843137255
0.996078431372549
0.996078431372549
0.996078431372549
0.14509803921568631
0.0
0.0
0.196078431372549
0.388235294117647
0.9882352941176471
0.996078431372549
0.996078431372549
0.6
0.0
0.0
0.0
0.0
0.0
0.0
0.0
0.0
0.0
0.0
0.0
0.0
0.0
0.0
0.0
0.4627450980392157
0.996078431372549
0.996078431372549
0.996078431372549
0.9019607843137255
0.6
0.8509803921568627
0.9882352941176471
0.996078431372549
0.996078431372549
0.996078431372549
0.8235294117647058
0.04313725490196074
0.0
0.0
0.0
0.0
0.0
0.0
0.0
0.0
0.0
0.0
0.0
0.0
0.0
0.0
0.0
0.27450980392156865
0.996078431372549
0.996078431372549
0.996078431372549
0.996078431372549
0.996078431372549
0.996078431372549
0.996078431372549
0.996078431372549
0.996078431372549
0.7607843137254902
0.196078431372549
0.0
0.0
0.0
0.0
0.0
0.0
0.0
0.0
0.0
0.0
0.0
0.0
0.0
0.0
0.0
0.0
0.0117647058823529
0.39607843137254906
0.9529411764705882
0.996078431372549
0.996078431372549
0.996078431372549
0.996078431372549
0.996078431372549
0.8431372549019608
0.2313725490196078
0.0039215686274509665
0.0
0.0
0.0
0.0
0.0
0.0
0.0
0.0
0.0
0.0
0.0
0.0
0.0
0.0
0.0
0.0
0.0
0.0
0.0
0.05490196078431375
0.06274509803921569
0.06274509803921569
0.06274509803921569
0.06274509803921569
0.06274509803921569
0.027450980392156876
0.0
0.0
0.0
0.0
0.0
0.0
0.0
0.0
0.0
0.0
0.0
0.0
0.0
0.0
0.0
0.0
0.0
0.0
0.0
0.0
0.0
0.0
0.0
0.0
0.0
0.0
0.0
0.0
0.0
0.0
0.0
0.0
0.0
0.0
0.0
0.0
0.0
0.0
0.0
0.0
0.0
0.0
0.0
0.0
0.0
0.0
0.0
0.0
0.0
0.0
0.0
0.0
0.0
0.0
0.0
0.0
0.0
0.0
0.0
0.0
0.0
0.0
0.0
0.0
0.0
0.0
0.0
0.0
0.0
0.0
0.0
0.0
0.0
0.0
0.0
0.0
0.0
0.0
0.0
0.0
0.0
0.0
0.0
0.0
0.0
0.0
0.0
0.0
0.0
0.0
0.0
0.0
0.0
0.0
0.0
0.0
0.0
0.0
0.0
0.0
0.0
0.0
0.0
0.0
0.0
0.0
0.0
0.0
0.0
0.0
0.0
0.0
0.0
0.0
0.0
0.0
0.0
0.0
0.0
0.0
0.0
0.0
0.0
0.0
0.0
0.0
0.0
0.0
0.0
0.0
0.0
0.0
0.0
0.0
0.0
0.0
0.0
0.0
0.0
0.0
0.0
0.0
0.0
0.0
0.0
0.0
0.0
0.0
0.0
0.0
0.0
0.0
0.0
0.0
0.0
0.0
0.0
0.0
0.0
0.0
0.0
0.0
0.0
0.0
0.0
0.0
0.0
0.0
0.0
0.0
0.0
0.0
0.0
0.0
0.0
0.0
0.0
