0.0
0.0
0.0
0.0
0.0
0.0
0.0
0.0
0.0
0.0
0.0
0.0
0.0
0.0
0.0
0.0
0.0
0.0
0.0
0.0
0.0
0.0
0.0
0.0
0.0
0.0
0.0
0.0
0.0
0.0
0.0
0.0
0.0
0.0
0.0
0.0
0.0
0.0
0.0
0.0
0.0
0.0
0.0
0.0
0.0
0.0
0.0
0.0
0.0
0.0
0.0
0.0
0.0
0.0
0.0
0.0
0.0
0.0
0.0
0.0
0.0
0.0
0.0
0.0
0.0
0.0
0.0
0.0
0.0
0.0
0.0
0.0
0.0
0.0
0.0
0.0
0.0
0.0
0.0
0.0
0.0
0.0
0.0
0.0
0.0
0.0
0.0
0.0
0.0
0.0
0.0
0.0
0.0
0.0
0.0
0.0
0.0
0.0
0.0
0.0
0.0
0.0
0.0
0.0
0.0
0.0
0.0
0.0
0.0
0.0
0.0
0.0
0.0
0.0
0.0
0.0
0.0
0.0
0.0
0.0
0.0
0.0
0.0
0.0
0.0
0.0
0.0
0.0
0.0
0.0
0.0
0.0
0.0
0.0
0.0
0.0
0.0
0.0
0.0
0.0
0.0
0.0
0.0
0.0
0.0
0.0
0.0
0.0
0.0
0.0
0.0
0.0
0.0
0.0
0.0
0.0
0.0
0.0
0.0
0.0
0.0
0.0
0.0
0.0
0.0
0.0
0.0
0.0
0.0
0.0
0.0
0.0
0.0
0.0
0.0
0.0
0.0
0.0
0.0
0.0
0.0
0.0
0.0
0.0
0.0
0.0
0.0
0.0
0.0
0.0
0.0
0.0
0.0
0.0
0.0
0.0
0.0
0.0
0.0
0.0
0.0
0.0
0.0
0.0
0.6
0.8196078431372549
0.8196078431372549
0.7843137254901961
0.0
0.0
0.0
0.0
0.0
0.0
0.0
0.0
0.0
0.0
0.0
0.0
0.0
0.0
0.0
0.0
0.0
0.0
0.0
0.0
0.0
0.0
0.13725490196078427
0.6862745098039216
0.9882352941176471
0.9882352941176471
0.9882352941176471
0.9882352941176471
0.8745098039215686
0.13725490196078427
0.0
0.0
0.0
0.0
0.0
0.0
0.0
0.08235294117647063
0.07450980392156858
0.0
0.0
0.0
0.0
0.0
0.0
0.0
0.0
0.0
0.0
0.03137254901960784
0.607843137254902
0.9882352941176471
0.9882352941176471
0.9411764705882353
0.8470588235294118
0.9882352941176471
0.9882352941176471
0.603921568627451
0.027450980392156876
0.0
0.0
0.0
0.0
0.14509803921568631
0.5529411764705883
0.9607843137254902
0.9294117647058824
0.26274509803921564
0.0
0.0
0.0
0.0
0.0
0.0
0.0
0.0
0.0
0.1333333333333333
0.9882352941176471
0.9882352941176471
0.9882352941176471
0.43529411764705883
0.07450980392156858
0.7725490196078432
0.9882352941176471
0.9882352941176471
0.12941176470588234
0.0
0.0
0.0
0.37254901960784315
0.9176470588235295
0.9882352941176471
0.9882352941176471
0.9882352941176471
0.9254901960784314
0.10196078431372546
0.0
0.0
0.0
0.0
0.0
0.0
0.0
0.0
0.5450980392156863
0.9882352941176471
0.9882352941176471
0.5137254901960784
0.03137254901960784
0.0
0.07843137254901966
0.9725490196078431
0.9882352941176471
0.7294117647058824
0.019607843137254943
0.14509803921568631
0.8352941176470589
0.9843137254901961
0.9882352941176471
0.9882352941176471
0.9882352941176471
0.9882352941176471
0.9882352941176471
0.7294117647058824
0.0
0.0
0.0
0.0
0.0
0.0
0.0
0.0
0.803921568627451
0.9882352941176471
0.9882352941176471
0.207843137254902
0.21176470588235297
0.603921568627451
0.2431372549019608
0.603921568627451
0.9882352941176471
0.9882352941176471
0.7764705882352941
0.8745098039215686
0.9882352941176471
0.9882352941176471
0.9882352941176471
0.7019607843137254
0.388235294117647
0.7529411764705882
0.9882352941176471
0.9882352941176471
0.0
0.0
0.0
0.0
0.0
0.0
0.0
0.0
0.9921568627450981
0.9882352941176471
0.9882352941176471
0.19999999999999996
0.7529411764705882
0.8823529411764706
0.05882352941176472
0.23529411764705888
0.9098039215686274
0.9882352941176471
0.9921568627450981
0.9882352941176471
0.9882352941176471
0.9647058823529412
0.40784313725490196
0.05490196078431375
0.0
0.28627450980392155
0.9882352941176471
0.9882352941176471
0.0
0.0
0.0
0.0
0.0
0.0
0.0
0.0
0.9921568627450981
0.9882352941176471
0.9882352941176471
0.9333333333333333
0.9882352941176471
0.45882352941176474
0.0
0.0
0.7333333333333334
0.9882352941176471
0.9921568627450981
0.9882352941176471
0.9882352941176471
0.3411764705882353
0.0
0.0
0.0
0.17647058823529416
0.9882352941176471
0.9882352941176471
0.0
0.0
0.0
0.0
0.0
0.0
0.0
0.0
0.7529411764705882
0.9921568627450981
0.9921568627450981
0.9921568627450981
0.803921568627451
0.1333333333333333
0.0117647058823529
0.02352941176470591
0.7725490196078432
0.9921568627450981
1.0
0.9921568627450981
0.22745098039215683
0.0
0.0
0.0
0.0
0.3647058823529412
0.9921568627450981
0.9921568627450981
0.0
0.0
0.0
0.0
0.0
0.0
0.0
0.0
0.4509803921568627
0.9882352941176471
0.9882352941176471
0.9882352941176471
0.9882352941176471
0.9882352941176471
0.7137254901960784
0.7411764705882353
0.9882352941176471
0.9882352941176471
0.9921568627450981
0.9882352941176471
0.8705882352941177
0.027450980392156876
0.0
0.0
0.0
0.4784313725490196
0.9882352941176471
0.9882352941176471
0.0
0.0
0.0
0.0
0.0
0.0
0.0
0.0
0.08235294117647063
0.8705882352941177
0.9882352941176471
0.9882352941176471
0.9882352941176471
0.9882352941176471
0.9882352941176471
0.9882352941176471
0.9882352941176471
0.9882352941176471
0.9921568627450981
0.9882352941176471
0.9882352941176471
0.6
0.13725490196078427
0.0
0.019607843137254943
0.7568627450980392
0.9882352941176471
0.8196078431372549
0.0
0.0
0.0
0.0
0.0
0.0
0.0
0.0
0.0
0.4666666666666667
0.9882352941176471
0.9882352941176471
0.9882352941176471
0.9882352941176471
0.9882352941176471
0.9882352941176471
0.9647058823529412
0.5254901960784314
0.5411764705882354
0.9882352941176471
0.9882352941176471
0.9882352941176471
0.584313725490196
0.09019607843137256
0.5019607843137255
0.9882352941176471
0.9882352941176471
0.5568627450980392
0.0
0.0
0.0
0.0
0.0
0.0
0.0
0.0
0.0
0.20392156862745103
0.9529411764705882
0.9882352941176471
0.9882352941176471
0.9882352941176471
0.9882352941176471
0.8588235294117648
0.34901960784313724
0.0
0.04705882352941182
0.6980392156862745
0.9882352941176471
0.9882352941176471
0.9882352941176471
0.9882352941176471
0.9882352941176471
0.9882352941176471
0.9882352941176471
0.2784313725490196
0.0
0.0
0.0
0.0
0.0
0.0
0.0
0.0
0.0
0.0
0.48235294117647054
0.9882352941176471
0.9882352941176471
0.9882352941176471
0.4666666666666667
0.0862745098039216
0.0
0.0
0.0
0.05882352941176472
0.38431372549019605
0.9764705882352941
0.9882352941176471
0.9882352941176471
0.9882352941176471
0.9882352941176471
0.7529411764705882
0.027450980392156876
0.0
0.0
0.0
0.0
0.0
0.0
0.0
0.0
0.0
0.0
0.03529411764705881
0.5019607843137255
0.5137254901960784
0.3647058823529412
0.007843137254901933
0.0
0.0
0.0
0.0
0.0
0.0
0.3058823529411765
0.7960784313725491
0.9607843137254902
0.9294117647058824
0.5137254901960784
0.1725490196078432
0.0
0.0
0.0
0.0
0.0
0.0
0.0
0.0
0.0
0.0
0.0
0.0
0.0
0.0
0.0
0.0
0.0
0.0
0.0
0.0
0.0
0.0
0.0
0.0
0.13725490196078427
0.03529411764705881
0.0
0.0
0.0
0.0
0.0
0.0
0.0
0.0
0.0
0.0
0.0
0.0
0.0
0.0
0.0
0.0
0.0
0.0
0.0
0.0
0.0
0.0
0.0
0.0
0.0
0.0
0.0
0.0
0.0
0.0
0.0
0.0
0.0
0.0
0.0
0.0
0.0
0.0
0.0
0.0
0.0
0.0
0.0
0.0
0.0
0.0
0.0
0.0
0.0
0.0
0.0
0.0
0.0
0.0
0.0
0.0
0.0
0.0
0.0
0.0
0.0
0.0
0.0
0.0
0.0
0.0
0.0
0.0
0.0
0.0
0.0
0.0
0.0
0.0
0.0
0.0
0.0
0.0
0.0
0.0
0.0
0.0
0.0
0.0
0.0
0.0
0.0
0.0
0.0
0.0
0.0
0.0
0.0
0.0
0.0
0.0
0.0
0.0
0.0
0.0
0.0
0.0
0.0
0.0
0.0
0.0
0.0
0.0
0.0
0.0
0.0
0.0
0.0
0.0
0.0
0.0
0.0
0.0
0.0
0.0
0.0
0.0
0.0
0.0
0.0
0.0
0.0
0.0
0.0
0.0
0.0
0.0
0.0
0.0
0.0
0.0
0.0
0.0
0.0
0.0
0.0
0.0
0.0
0.0
0.0
0.0
