0.0
0.0
0.0
0.0
0.0
0.0
0.0
0.0
0.0
0.0
0.0
0.0
0.0
0.0
0.0
0.0
0.0
0.0
0.0
0.0
0.0
0.0
0.0
0.0
0.0
0.0
0.0
0.0
0.0
0.0
0.0
0.0
0.0
0.0
0.0
0.0
0.0
0.0
0.0
0.0
0.0
0.0
0.0
0.0
0.0
0.0
0.0
0.0
0.0
0.0
0.0
0.0
0.0
0.0
0.0
0.0
0.0
0.0
0.0
0.0
0.0
0.0
0.0
0.0
0.0
0.0
0.0
0.0
0.0
0.0
0.0
0.0
0.0
0.0
0.0
0.0
0.0
0.0
0.0
0.0
0.0
0.0
0.0
0.0
0.0
0.0
0.0
0.0
0.0
0.0
0.0
0.0
0.0
0.0
0.0
0.0
0.0
0.0
0.0
0.0
0.0
0.0
0.0
0.0
0.0
0.0
0.0
0.0
0.0
0.0
0.0
0.0
0.0
0.0
0.0
0.0
0.0
0.0
0.0
0.0
0.0
0.0
0.0
0.0
0.0
0.0
0.0
0.0
0.0
0.0
0.0
0.0
0.0
0.0
0.0
0.0
0.0
0.0
0.0
0.0
0.0
0.0
0.0
0.0
0.0
0.0
0.0
0.0
0.0
0.0
0.0
0.0
0.0
0.0
0.0
0.0
0.0
0.0
0.04313725490196074
0.3411764705882353
0.7490196078431373
0.18823529411764706
0.0
0.0
0.0
0.0
0.0
0.0
0.0
0.0
0.0
0.0
0.0
0.0
0.0
0.0
0.0
0.0
0.0
0.0
0.0
0.0
0.0
0.0
0.050980392156862786
0.5490196078431373
0.7960784313725491
0.9921568627450981
0.9882352941176471
0.8901960784313725
0.11372549019607847
0.0
0.0
0.0
0.0
0.0
0.0
0.0
0.0
0.0
0.0
0.0
0.0
0.10196078431372546
0.4784313725490196
0.7254901960784313
0.6392156862745098
0.07450980392156858
0.0
0.0
0.0
0.17647058823529416
0.6745098039215687
0.9882352941176471
0.9882352941176471
0.9921568627450981
0.9882352941176471
0.9137254901960784
0.12941176470588234
0.0
0.0
0.0
0.0
0.0
0.0
0.0
0.0
0.0
0.0
0.0
0.0
0.5254901960784314
0.9882352941176471
0.9921568627450981
0.9882352941176471
0.2705882352941177
0.0
0.0
0.2431372549019608
0.9254901960784314
0.9882352941176471
0.9882352941176471
0.9882352941176471
0.9921568627450981
0.9882352941176471
0.7176470588235294
0.0
0.0
0.0
0.0
0.0
0.0
0.0
0.0
0.0
0.0
0.0
0.0
0.25098039215686274
0.9725490196078431
0.9882352941176471
0.9921568627450981
0.9058823529411765
0.14509803921568631
0.0
0.0
0.9529411764705882
0.9882352941176471
0.8666666666666667
0.1686274509803921
0.5019607843137255
0.9921568627450981
0.9882352941176471
0.5098039215686274
0.0
0.0
0.0
0.0
0.0
0.0
0.0
0.0
0.0
0.0
0.0
0.10196078431372546
0.8705882352941177
0.9607843137254902
0.49411764705882355
1.0
0.5647058823529412
0.0
0.03529411764705881
0.7098039215686274
1.0
0.8549019607843137
0.12549019607843137
0.19999999999999996
0.7490196078431373
1.0
0.8549019607843137
0.12549019607843137
0.0
0.0
0.0
0.0
0.0
0.0
0.0
0.0
0.0
0.0
0.0
0.2666666666666667
0.9882352941176471
0.5450980392156863
0.0
0.8117647058823529
0.2941176470588235
0.0
0.1333333333333333
0.9333333333333333
0.8549019607843137
0.12941176470588234
0.050980392156862786
0.6823529411764706
0.9882352941176471
0.9764705882352941
0.2941176470588235
0.0
0.0
0.0
0.0
0.0
0.0
0.0
0.0
0.0
0.0
0.0
0.027450980392156876
0.7294117647058824
0.9882352941176471
0.17647058823529416
0.0
0.0
0.0
0.0
0.10196078431372546
0.9254901960784314
0.4549019607843138
0.0
0.6
0.9882352941176471
0.9882352941176471
0.7803921568627451
0.0
0.0
0.0
0.0
0.0
0.0
0.0
0.0
0.0
0.0
0.0
0.0
0.09411764705882353
0.9882352941176471
0.9882352941176471
0.17647058823529416
0.0
0.0
0.0
0.0
0.7333333333333334
0.9882352941176471
0.4549019607843138
0.3176470588235294
0.9411764705882353
0.9882352941176471
0.8235294117647058
0.08235294117647063
0.0
0.0
0.0
0.0
0.0
0.0
0.0
0.0
0.0
0.0
0.0
0.0
0.29803921568627456
0.9882352941176471
0.8666666666666667
0.0980392156862745
0.0
0.0
0.0
0.0
0.8117647058823529
0.9882352941176471
0.9450980392156862
0.9568627450980393
0.9882352941176471
0.8235294117647058
0.0862745098039216
0.0
0.0
0.0
0.0
0.0
0.0
0.0
0.0
0.0
0.0
0.0
0.0
0.0
0.5450980392156863
0.9921568627450981
0.7215686274509804
0.0
0.0
0.0
0.0
0.0
0.5333333333333333
0.9843137254901961
1.0
0.9921568627450981
0.9921568627450981
0.6627450980392157
0.09411764705882353
0.04313725490196074
0.0
0.0
0.0
0.0
0.0
0.0
0.0
0.0
0.0
0.0
0.0
0.0
0.5411764705882354
0.9882352941176471
0.7176470588235294
0.0
0.0
0.0
0.0
0.1333333333333333
0.34901960784313724
0.9568627450980393
0.9921568627450981
0.9882352941176471
0.9882352941176471
0.9882352941176471
0.9882352941176471
0.7568627450980392
0.14901960784313728
0.0
0.0
0.0
0.0
0.0
0.0
0.0
0.0
0.0
0.0
0.0
0.5411764705882354
0.9882352941176471
0.7176470588235294
0.0
0.0
0.027450980392156876
0.5568627450980392
0.9176470588235294
0.9882352941176471
0.9882352941176471
0.6784313725490196
0.2705882352941177
0.3921568627450981
0.7176470588235294
0.8431372549019608
0.9921568627450981
0.9411764705882353
0.7215686274509804
0.2549019607843137
0.0
0.0
0.0
0.0
0.0
0.0
0.0
0.0
0.0
0.5411764705882354
0.9882352941176471
0.9411764705882353
0.44313725490196076
0.3647058823529412
0.6274509803921569
0.9882352941176471
0.9882352941176471
0.8549019607843137
0.42352941176470593
0.0
0.0
0.0
0.0
0.08235294117647063
0.580392156862745
0.9882352941176471
0.9882352941176471
0.9254901960784314
0.07450980392156858
0.0
0.0
0.0
0.0
0.0
0.0
0.0
0.0
0.1333333333333333
0.9882352941176471
0.9882352941176471
0.9882352941176471
0.9882352941176471
0.9921568627450981
0.9882352941176471
0.6588235294117647
0.13725490196078427
0.0
0.0
0.0
0.0
0.0
0.0
0.3764705882352941
0.9882352941176471
0.9882352941176471
0.9882352941176471
0.0862745098039216
0.0
0.0
0.0
0.0
0.0
0.0
0.0
0.0
0.0
0.0862745098039216
0.7803921568627451
0.9019607843137255
0.9843137254901961
0.8235294117647058
0.0
0.0
0.0
0.0
0.0
0.0
0.0
0.0
0.0
0.0117647058823529
0.6666666666666667
0.9921568627450981
0.9921568627450981
0.09019607843137256
0.0
0.0
0.0
0.0
0.0
0.0
0.0
0.0
0.0
0.0
0.0
0.0
0.3294117647058824
0.0
0.0
0.0
0.0
0.0
0.0
0.0
0.0
0.0
0.0
0.4627450980392157
0.9882352941176471
0.9882352941176471
0.6745098039215687
0.03137254901960784
0.0
0.0
0.0
0.0
0.0
0.0
0.0
0.0
0.0
0.0
0.0
0.0
0.0
0.0
0.0
0.0
0.0
0.0
0.0
0.0
0.07450980392156858
0.27450980392156865
0.6823529411764706
0.9921568627450981
0.9882352941176471
0.9137254901960784
0.12941176470588234
0.0
0.0
0.0
0.0
0.0
0.0
0.0
0.0
0.0
0.0
0.0
0.0
0.0
0.0
0.0
0.0
0.0
0.0
0.1686274509803921
0.607843137254902
0.8117647058823529
0.8627450980392157
0.9882352941176471
0.9882352941176471
0.9921568627450981
0.9215686274509804
0.25098039215686274
0.0
0.0
0.0
0.0
0.0
0.0
0.0
0.0
0.0
0.0
0.0
0.0
0.0
0.0
0.0
0.0
0.0
0.0
0.0
0.4549019607843138
0.9921568627450981
0.9882352941176471
0.9882352941176471
0.8235294117647058
0.5372549019607843
0.09019607843137256
0.07058823529411762
0.0
0.0
0.0
0.0
0.0
0.0
0.0
0.0
0.0
0.0
0.0
0.0
0.0
0.0
0.0
0.0
0.0
0.0
0.0
0.0
0.0
0.0
0.0
0.0
0.0
0.0
0.0
0.0
0.0
0.0
0.0
0.0
0.0
0.0
0.0
0.0
0.0
0.0
0.0
0.0
0.0
0.0
0.0
0.0
0.0
0.0
0.0
0.0
0.0
0.0
0.0
0.0
0.0
0.0
0.0
0.0
0.0
0.0
0.0
0.0
0.0
0.0
0.0
0.0
0.0
0.0
0.0
0.0
0.0
0.0
0.0
0.0
0.0
0.0
0.0
0.0
0.0
0.0
0.0
0.0
0.0
0.0
0.0
0.0
0.0
0.0
0.0
0.0
0.0
0.0
0.0
