0.0
0.0
0.0
0.0
0.0
0.0
0.0
0.0
0.0
0.0
0.0
0.0
0.0
0.0
0.0
0.0
0.0
0.0
0.0
0.0
0.0
0.0
0.0
0.0
0.0
0.0
0.0
0.0
0.0
0.0
0.0
0.0
0.0
0.0
0.0
0.0
0.0
0.0
0.0
0.0
0.0
0.0
0.0
0.0
0.0
0.0
0.0
0.0
0.0
0.0
0.0
0.0
0.0
0.0
0.0
0.0
0.0
0.0
0.0
0.0
0.0
0.0
0.0
0.0
0.0
0.0
0.0
0.0
0.0
0.0
0.0
0.0
0.0
0.0
0.0
0.0
0.0
0.0
0.0
0.0
0.0
0.0
0.0
0.0
0.0
0.0
0.0
0.0
0.0
0.0
0.0
0.0
0.0
0.0
0.0
0.0
0.0
0.0
0.0
0.0
0.0
0.0
0.0
0.0
0.0
0.0
0.0
0.0
0.0
0.0
0.0
0.0
0.0
0.0
0.0
0.0
0.0
0.0
0.0
0.0
0.0
0.0
0.0
0.0
0.0
0.0
0.0
0.0
0.0
0.0
0.0
0.0
0.0
0.0
0.0
0.0
0.0
0.0
0.0
0.0
0.0
0.0
0.0
0.0
0.0
0.0
0.0
0.0
0.0
0.0
0.0
0.0
0.0
0.0
0.29803921568627456
0.8392156862745098
0.42352941176470593
0.0
0.0
0.0
0.0
0.0
0.0
0.0
0.0
0.0
0.0
0.0
0.0
0.0
0.0
0.0
0.0
0.0
0.0
0.0
0.0
0.0
0.0
0.0
0.0
0.29803921568627456
0.9607843137254902
0.996078431372549
0.5607843137254902
0.0
0.0
0.0
0.0
0.0
0.0
0.0
0.0
0.0
0.0
0.0
0.0
0.0
0.0
0.0
0.0
0.0
0.0
0.0
0.0
0.0
0.0
0.0
0.21176470588235297
0.8901960784313725
0.996078431372549
0.996078431372549
0.5607843137254902
0.0
0.0
0.0
0.0
0.0
0.0
0.0
0.0
0.0
0.0
0.0
0.0
0.0
0.0
0.0
0.0
0.0
0.0
0.0
0.0
0.0
0.0
0.07843137254901966
0.9647058823529412
0.996078431372549
0.996078431372549
0.996078431372549
0.5607843137254902
0.0
0.0
0.0
0.0
0.0
0.0
0.0
0.0
0.0
0.0
0.0
0.0
0.0
0.0
0.0
0.0
0.0
0.0
0.0
0.0
0.0
0.08235294117647063
0.7960784313725491
0.996078431372549
0.9921568627450981
0.9686274509803922
0.996078431372549
0.2784313725490196
0.0
0.0
0.0
0.0
0.0
0.0
0.0
0.13725490196078427
0.29803921568627456
0.0
0.0
0.0
0.0
0.0
0.0
0.0
0.0
0.0
0.0
0.0
0.07843137254901966
0.7960784313725491
0.996078431372549
0.996078431372549
0.5215686274509803
0.43137254901960786
0.996078431372549
0.5607843137254902
0.0
0.0
0.0
0.0
0.0
0.015686274509803977
0.7176470588235294
0.9686274509803922
0.6196078431372549
0.0
0.0
0.0
0.0
0.0
0.0
0.0
0.0
0.0
0.0
0.0
0.5254901960784314
0.996078431372549
0.996078431372549
0.5725490196078431
0.007843137254901933
0.5411764705882354
0.996078431372549
0.4862745098039216
0.0
0.0
0.0
0.0
0.3921568627450981
0.8784313725490196
0.996078431372549
0.996078431372549
0.6196078431372549
0.0
0.0
0.0
0.0
0.0
0.0
0.0
0.0
0.0
0.05490196078431375
0.5882352941176471
0.996078431372549
0.996078431372549
0.8156862745098039
0.08235294117647063
0.0
0.5254901960784314
0.8549019607843137
0.36078431372549025
0.0
0.0
0.2196078431372549
0.5607843137254902
0.9843137254901961
0.996078431372549
0.996078431372549
0.7372549019607844
0.3411764705882353
0.0
0.0
0.0
0.0
0.0
0.0
0.0
0.0
0.0
0.5019607843137255
0.996078431372549
0.996078431372549
0.6862745098039216
0.0862745098039216
0.0
0.0
0.3254901960784313
0.996078431372549
0.5607843137254902
0.0
0.3647058823529412
0.9372549019607843
0.996078431372549
0.996078431372549
0.8705882352941177
0.43529411764705883
0.03529411764705881
0.0
0.0
0.0
0.0
0.0
0.0
0.0
0.0
0.0
0.14117647058823535
0.9411764705882353
0.996078431372549
0.7254901960784313
0.06666666666666665
0.0
0.0
0.0
0.3254901960784313
0.996078431372549
0.6666666666666667
0.6823529411764706
0.996078431372549
0.996078431372549
0.996078431372549
0.7686274509803921
0.11764705882352944
0.0
0.0
0.0
0.0
0.0
0.0
0.0
0.0
0.0
0.0
0.0
0.14117647058823535
0.8941176470588236
0.803921568627451
0.0117647058823529
0.0
0.0
0.0
0.0
0.3254901960784313
0.996078431372549
0.996078431372549
0.996078431372549
0.996078431372549
0.9529411764705882
0.584313725490196
0.019607843137254943
0.0
0.0
0.0
0.0
0.0
0.0
0.0
0.0
0.0
0.0
0.0
0.0
0.0
0.0
0.0
0.0
0.0
0.0
0.0
0.02352941176470591
0.6705882352941177
0.996078431372549
0.996078431372549
0.996078431372549
0.6509803921568628
0.06666666666666665
0.0
0.0
0.0
0.0
0.0
0.0
0.0
0.0
0.0
0.0
0.0
0.0
0.0
0.0
0.0
0.0
0.0
0.0
0.0
0.0
0.24705882352941178
0.8666666666666667
0.996078431372549
0.996078431372549
0.9686274509803922
0.196078431372549
0.007843137254901933
0.0
0.0
0.0
0.0
0.0
0.0
0.0
0.0
0.0
0.0
0.0
0.0
0.0
0.0
0.0
0.0
0.0
0.0
0.0117647058823529
0.4
0.792156862745098
0.9921568627450981
0.996078431372549
0.996078431372549
0.996078431372549
0.9411764705882353
0.0
0.0
0.0
0.0
0.0
0.0
0.0
0.0
0.0
0.0
0.0
0.0
0.0
0.0
0.0
0.0
0.0
0.0
0.0
0.4901960784313726
0.7372549019607844
0.996078431372549
0.996078431372549
0.996078431372549
0.8392156862745098
0.33725490196078434
0.9647058823529412
0.9411764705882353
0.0
0.0
0.0
0.0
0.0
0.0
0.0
0.0
0.0
0.0
0.0
0.0
0.0
0.0
0.0
0.0
0.0
0.18823529411764706
0.5294117647058824
0.8745098039215686
1.0
0.996078431372549
0.996078431372549
0.6274509803921569
0.11372549019607847
0.0
0.9450980392156862
0.9411764705882353
0.0
0.0
0.0
0.0
0.0
0.0
0.0
0.0
0.0
0.0
0.0
0.0
0.0
0.0
0.0
0.0
0.0
0.6235294117647059
0.996078431372549
0.9921568627450981
0.7490196078431373
0.6
0.33333333333333337
0.007843137254901933
0.03137254901960784
0.4
0.9647058823529412
0.9411764705882353
0.0
0.0
0.0
0.0
0.0
0.0
0.0
0.0
0.0
0.0
0.0
0.0
0.0
0.0
0.0
0.0
0.0
0.4627450980392157
0.7333333333333334
0.3294117647058824
0.0
0.0
0.0
0.0
0.05882352941176472
0.9176470588235294
0.996078431372549
0.9411764705882353
0.0
0.0
0.0
0.0
0.0
0.0
0.0
0.0
0.0
0.0
0.0
0.0
0.0
0.0
0.0
0.0
0.0
0.0
0.0
0.0
0.0
0.0
0.0
0.0
0.0
0.5058823529411764
0.996078431372549
0.9411764705882353
0.0
0.0
0.0
0.0
0.0
0.0
0.0
0.0
0.0
0.0
0.0
0.0
0.0
0.0
0.0
0.0
0.0
0.0
0.0
0.0
0.0
0.0
0.0
0.0
0.0
0.07843137254901966
0.8156862745098039
0.5098039215686274
0.0
0.0
0.0
0.0
0.0
0.0
0.0
0.0
0.0
0.0
0.0
0.0
0.0
0.0
0.0
0.0
0.0
0.0
0.0
0.0
0.0
0.0
0.0
0.0
0.0
0.0
0.0
0.0
0.0
0.0
0.0
0.0
0.0
0.0
0.0
0.0
0.0
0.0
0.0
0.0
0.0
0.0
0.0
0.0
0.0
0.0
0.0
0.0
0.0
0.0
0.0
0.0
0.0
0.0
0.0
0.0
0.0
0.0
0.0
0.0
0.0
0.0
0.0
0.0
0.0
0.0
0.0
0.0
0.0
0.0
0.0
0.0
0.0
0.0
0.0
0.0
0.0
0.0
0.0
0.0
0.0
0.0
0.0
0.0
0.0
0.0
0.0
0.0
0.0
0.0
0.0
0.0
0.0
0.0
0.0
