0.0
0.0
0.0
0.0
0.0
0.0
0.0
0.0
0.0
0.0
0.0
0.0
0.0
0.0
0.0
0.0
0.0
0.0
0.0
0.0
0.0
0.0
0.0
0.0
0.0
0.0
0.0
0.0
0.0
0.0
0.0
0.0
0.0
0.0
0.0
0.0
0.0
0.0
0.0
0.0
0.0
0.0
0.0
0.0
0.0
0.0
0.0
0.0
0.0
0.0
0.0
0.0
0.0
0.0
0.0
0.0
0.0
0.0
0.0
0.0
0.0
0.0
0.0
0.0
0.0
0.0
0.0
0.0
0.0
0.0
0.0
0.0
0.0
0.0
0.0
0.0
0.0
0.0
0.0
0.0
0.0
0.0
0.0
0.0
0.0
0.0
0.0
0.0
0.0
0.0
0.0
0.0
0.0
0.0
0.0
0.0
0.0
0.0
0.0
0.0
0.0
0.0
0.0
0.0
0.0
0.0
0.0
0.0
0.0
0.0
0.0
0.0
0.0
0.0
0.0
0.0
0.0
0.0
0.0
0.0
0.0
0.0
0.0
0.0
0.0
0.0
0.0
0.0
0.0
0.0
0.0
0.0
0.0
0.0
0.0
0.0
0.0
0.0
0.0
0.0
0.0
0.0
0.0
0.0
0.0
0.0
0.0
0.0
0.0
0.0
0.0
0.0
0.0
0.0
0.0
0.0
0.0
0.0
0.0
0.0
0.0
0.0
0.0
0.0
0.0
0.0
0.0
0.0
0.0
0.0
0.0
0.0
0.0
0.0
0.0
0.0
0.0
0.0
0.0
0.0
0.0
0.0
0.0
0.0
0.0
0.0
0.0
0.0
0.0
0.0
0.0
0.0
0.0
0.0
0.0
0.0
0.0
0.0
0.0
0.0
0.0
0.0
0.0
0.0
0.0
0.0
0.0
0.0
0.0
0.0
0.0
0.0
0.0
0.0
0.0
0.0
0.0
0.0
0.0
0.0
0.0
0.0
0.0
0.0
0.0
0.0
0.0
0.0
0.0
0.0
0.0
0.09019607843137256
0.6274509803921569
0.8784313725490196
0.8431372549019608
0.6705882352941177
0.14509803921568631
0.0
0.0
0.0
0.0
0.0
0.0
0.0
0.0
0.0
0.0
0.0
0.0
0.0
0.0
0.0
0.0
0.0
0.0
0.0
0.0
0.0
0.2823529411764706
0.9450980392156862
0.9843137254901961
0.8313725490196078
0.6509803921568628
0.9294117647058824
0.9607843137254902
0.4745098039215686
0.0039215686274509665
0.0
0.0
0.0
0.0
0.0
0.0
0.0
0.0
0.0
0.0
0.0
0.0
0.0
0.0
0.0
0.0
0.0
0.0
0.04705882352941182
0.9254901960784314
0.996078431372549
0.8313725490196078
0.0
0.0
0.03137254901960784
0.6196078431372549
0.996078431372549
0.1843137254901961
0.14901960784313728
0.38431372549019605
0.7019607843137254
0.792156862745098
0.6627450980392157
0.5176470588235293
0.2941176470588235
0.19999999999999996
0.0
0.0
0.0
0.0
0.0
0.0
0.0
0.0
0.0
0.0
0.05490196078431375
0.8117647058823529
0.9254901960784314
0.3294117647058824
0.0
0.0
0.0
0.019607843137254943
0.8431372549019608
0.788235294117647
0.9490196078431372
0.996078431372549
0.9333333333333333
0.8431372549019608
0.8745098039215686
0.996078431372549
0.996078431372549
0.9921568627450981
0.8705882352941177
0.4
0.0
0.0
0.0
0.0
0.0
0.0
0.0
0.0
0.19999999999999996
0.8470588235294118
0.5725490196078431
0.007843137254901933
0.0
0.0
0.0
0.0
0.7803921568627451
0.996078431372549
0.8509803921568627
0.33725490196078434
0.07450980392156858
0.0
0.027450980392156876
0.22745098039215683
0.39607843137254906
0.5215686274509803
0.8627450980392157
0.996078431372549
0.0
0.0
0.0
0.0
0.0
0.0
0.0
0.0
0.7294117647058824
0.5607843137254902
0.0
0.0
0.0
0.0
0.0
0.0
0.7803921568627451
0.8235294117647058
0.03137254901960784
0.0
0.0
0.0
0.0
0.0
0.0
0.0
0.08235294117647063
0.7176470588235294
0.0
0.0
0.0
0.0
0.0
0.0
0.0
0.0
1.0
0.3686274509803922
0.0
0.0
0.0
0.0
0.0
0.007843137254901933
0.807843137254902
0.41960784313725485
0.09411764705882353
0.0
0.0
0.0
0.0
0.0
0.0
0.0
0.0
0.02352941176470591
0.0
0.0
0.0
0.0
0.0
0.0
0.0
0.0
0.6745098039215687
0.615686274509804
0.007843137254901933
0.0
0.0
0.0
0.0
0.14509803921568631
0.996078431372549
0.7607843137254902
0.6784313725490196
0.0
0.0
0.0
0.0
0.0
0.0
0.0
0.0
0.0
0.0
0.0
0.0
0.0
0.0
0.0
0.0
0.0
0.3176470588235294
0.996078431372549
0.5333333333333333
0.0
0.0
0.0
0.03529411764705881
0.6980392156862745
0.7450980392156863
0.5686274509803921
0.8156862745098039
0.0
0.0
0.0
0.0
0.0
0.0
0.0
0.0
0.0
0.0
0.0
0.0
0.0
0.0
0.0
0.0
0.0
0.0117647058823529
0.580392156862745
0.9803921568627451
0.5058823529411764
0.015686274509803977
0.06666666666666665
0.5529411764705883
0.8509803921568627
0.0862745098039216
0.22745098039215683
0.9921568627450981
0.3294117647058824
0.0
0.0
0.0
0.0
0.0
0.0
0.0
0.18823529411764706
0.0
0.0
0.0
0.0
0.0
0.0
0.0
0.0
0.0
0.015686274509803977
0.5137254901960784
0.9686274509803922
0.8627450980392157
0.9019607843137255
0.6588235294117647
0.1333333333333333
0.0
0.02352941176470591
0.792156862745098
0.8627450980392157
0.1215686274509804
0.0
0.0
0.0
0.0
0.0
0.0
0.5137254901960784
0.0
0.0
0.0
0.0
0.0
0.0
0.0
0.0
0.0
0.0
0.0
0.04313725490196074
0.24705882352941178
0.050980392156862786
0.0
0.0
0.0
0.0
0.10196078431372546
0.8901960784313725
0.8627450980392157
0.32156862745098036
0.16470588235294115
0.0
0.0
0.0
0.07843137254901966
0.8549019607843137
0.0
0.0
0.0
0.0
0.0
0.0
0.0
0.0
0.0
0.0
0.0
0.0
0.0
0.0
0.0
0.0
0.0
0.0
0.0
0.09411764705882353
0.6313725490196078
0.9803921568627451
0.9803921568627451
0.7490196078431373
0.6549019607843137
0.6549019607843137
0.9333333333333333
0.8588235294117648
0.0
0.0
0.0
0.0
0.0
0.0
0.0
0.0
0.0
0.0
0.0
0.0
0.0
0.0
0.0
0.0
0.0
0.0
0.0
0.0
0.0
0.29803921568627456
0.4392156862745098
0.6901960784313725
0.7058823529411764
0.5058823529411764
0.4392156862745098
0.1215686274509804
0.0
0.0
0.0
0.0
0.0
0.0
0.0
0.0
0.0
0.0
0.0
0.0
0.0
0.0
0.0
0.0
0.0
0.0
0.0
0.0
0.0
0.0
0.0
0.0
0.0
0.0
0.0
0.0
0.0
0.0
0.0
0.0
0.0
0.0
0.0
0.0
0.0
0.0
0.0
0.0
0.0
0.0
0.0
0.0
0.0
0.0
0.0
0.0
0.0
0.0
0.0
0.0
0.0
0.0
0.0
0.0
0.0
0.0
0.0
0.0
0.0
0.0
0.0
0.0
0.0
0.0
0.0
0.0
0.0
0.0
0.0
0.0
0.0
0.0
0.0
0.0
0.0
0.0
0.0
0.0
0.0
0.0
0.0
0.0
0.0
0.0
0.0
0.0
0.0
0.0
0.0
0.0
0.0
0.0
0.0
0.0
0.0
0.0
0.0
0.0
0.0
0.0
0.0
0.0
0.0
0.0
0.0
0.0
0.0
0.0
0.0
0.0
0.0
0.0
0.0
0.0
0.0
0.0
0.0
0.0
0.0
0.0
0.0
0.0
0.0
0.0
0.0
0.0
0.0
0.0
0.0
0.0
0.0
0.0
0.0
0.0
0.0
0.0
0.0
0.0
0.0
0.0
0.0
0.0
0.0
0.0
0.0
0.0
0.0
0.0
0.0
0.0
0.0
0.0
0.0
0.0
0.0
0.0
0.0
0.0
0.0
0.0
0.0
0.0
0.0
0.0
0.0
0.0
0.0
0.0
0.0
