0.0
0.0
0.0
0.0
0.0
0.0
0.0
0.0
0.0
0.0
0.0
0.0
0.0
0.0
0.0
0.0
0.0
0.0
0.0
0.0
0.0
0.0
0.0
0.0
0.0
0.0
0.0
0.0
0.0
0.0
0.0
0.0
0.0
0.0
0.0
0.0
0.0
0.0
0.0
0.0
0.0
0.0
0.0
0.0
0.0
0.0
0.0
0.0
0.0
0.0
0.0
0.0
0.0
0.0
0.0
0.0
0.0
0.0
0.0
0.0
0.0
0.0
0.0
0.0
0.0
0.0
0.0
0.0
0.0
0.0
0.0
0.0
0.0
0.0
0.0
0.0
0.0
0.0
0.0
0.0
0.0
0.0
0.0
0.0
0.0
0.0
0.0
0.0
0.0
0.0
0.0
0.0
0.0
0.0
0.0
0.0
0.0
0.0
0.0
0.0
0.0
0.0
0.0
0.0
0.0
0.0
0.0
0.0
0.0
0.0
0.0
0.0
0.0
0.0
0.0
0.0
0.0
0.0
0.0
0.0
0.0
0.0
0.0
0.0
0.0
0.0
0.0
0.0
0.0
0.0
0.0
0.0
0.0
0.0
0.0
0.0
0.0
0.0
0.0
0.0
0.0
0.0
0.0
0.0
0.0
0.0
0.0
0.0
0.0
0.0
0.0
0.0
0.0
0.0
0.0
0.0
0.0
0.0
0.0
0.0
0.0
0.0
0.0
0.0
0.0
0.0
0.0
0.0
0.0
0.0
0.0
0.0
0.0
0.0
0.0
0.0
0.0
0.0
0.0
0.0
0.0
0.0
0.0
0.0
0.0
0.0
0.0
0.0
0.0
0.0
0.0
0.0
0.0
0.0
0.0
0.0
0.0
0.0
0.0
0.0
0.0
0.0
0.0
0.0
0.0
0.0
0.0
0.0
0.0
0.0
0.0
0.0
0.0
0.0
0.0
0.0
0.0
0.0
0.0
0.0
0.0
0.0
0.0
0.0
0.0
0.0
0.0
0.0
0.0
0.0
0.0
0.0
0.0
0.0
0.0
0.0
0.09019607843137256
0.7058823529411764
0.6470588235294117
0.03137254901960784
0.0
0.0
0.0
0.0
0.0
0.0
0.0
0.0
0.0
0.0
0.0
0.0
0.0
0.0
0.0
0.0
0.0
0.0
0.0
0.0
0.0
0.0
0.27450980392156865
0.611764705882353
1.0
0.996078431372549
0.996078431372549
0.45882352941176474
0.0
0.0
0.0
0.0
0.0
0.0
0.0
0.0
0.0
0.0
0.0
0.0
0.0
0.0
0.0
0.0
0.0
0.0
0.0
0.0
0.039215686274509776
0.5764705882352941
0.9803921568627452
0.9921568627450981
0.9764705882352941
0.9803921568627452
0.9921568627450981
0.45882352941176474
0.0
0.0
0.0
0.0
0.0
0.0
0.0
0.0
0.0
0.0
0.0
0.0
0.0
0.0
0.0
0.0
0.0
0.0
0.0
0.0
0.4627450980392157
0.9921568627450981
0.9411764705882353
0.6823529411764706
0.23529411764705888
0.6941176470588235
0.9921568627450981
0.45882352941176474
0.0
0.0
0.0
0.0
0.0
0.0
0.0
0.027450980392156876
0.30980392156862746
0.30980392156862746
0.18823529411764706
0.0
0.0
0.0
0.0
0.0
0.0
0.0
0.0
0.12549019607843137
0.9215686274509804
0.9411764705882353
0.2666666666666667
0.0
0.0
0.4901960784313726
0.9921568627450981
0.45882352941176474
0.0
0.0
0.0
0.0
0.0
0.1215686274509804
0.3921568627450981
0.7176470588235294
0.9921568627450981
0.9921568627450981
0.9607843137254902
0.0
0.0
0.0
0.0
0.0
0.0
0.0
0.0
0.2313725490196078
0.9921568627450981
0.6823529411764706
0.0
0.0
0.0
0.4627450980392157
0.9921568627450981
0.45882352941176474
0.0
0.0
0.0
0.0
0.2666666666666667
0.9372549019607843
0.996078431372549
0.9921568627450981
0.9921568627450981
0.9921568627450981
0.5450980392156863
0.0
0.0
0.0
0.0
0.0
0.0
0.0
0.0
0.7019607843137254
0.996078431372549
0.3058823529411765
0.0
0.0
0.05490196078431375
0.8784313725490196
0.9215686274509804
0.05882352941176472
0.0
0.47058823529411764
0.788235294117647
0.996078431372549
0.996078431372549
0.996078431372549
1.0
0.7686274509803921
0.11764705882352944
0.0
0.0
0.0
0.0
0.0
0.0
0.0
0.0
0.0
0.0
0.996078431372549
0.9921568627450981
0.6274509803921569
0.0
0.35686274509803917
0.8784313725490196
0.9921568627450981
0.7058823529411764
0.28627450980392155
0.7529411764705882
0.996078431372549
0.9921568627450981
0.9921568627450981
0.9490196078431372
0.7647058823529411
0.15294117647058825
0.02352941176470591
0.0
0.0
0.0
0.0
0.0
0.0
0.0
0.0
0.0
0.0
0.0
0.996078431372549
0.9921568627450981
0.7803921568627451
0.07058823529411762
0.8352941176470589
0.996078431372549
0.9921568627450981
0.9921568627450981
0.9921568627450981
0.9921568627450981
0.996078431372549
0.5529411764705883
0.3058823529411765
0.14117647058823535
0.0
0.0
0.0
0.0
0.0
0.0
0.0
0.0
0.0
0.0
0.0
0.0
0.0
0.0
0.7294117647058824
0.9921568627450981
0.9921568627450981
0.9333333333333333
0.9921568627450981
0.996078431372549
0.9921568627450981
0.9921568627450981
0.9686274509803922
0.5411764705882354
0.22352941176470587
0.0117647058823529
0.0
0.0
0.0
0.0
0.0
0.0
0.0
0.0
0.0
0.0
0.0
0.0
0.0
0.0
0.0
0.0
0.05490196078431375
0.580392156862745
0.9921568627450981
0.9921568627450981
0.9921568627450981
0.9058823529411765
0.607843137254902
0.49411764705882355
0.19215686274509802
0.0
0.0
0.0
0.0
0.0
0.0
0.0
0.0
0.0
0.0
0.0
0.0
0.0
0.0
0.0
0.0
0.0
0.0
0.0
0.0
0.0
0.388235294117647
0.7647058823529411
0.47058823529411764
0.14901960784313728
0.0
0.0
0.0
0.0
0.0
0.0
0.0
0.0
0.0
0.0
0.0
0.0
0.0
0.0
0.0
0.0
0.0
0.0
0.0
0.0
0.0
0.0
0.0
0.0
0.0
0.0
0.0
0.0
0.0
0.0
0.0
0.0
0.0
0.0
0.0
0.0
0.0
0.0
0.0
0.0
0.0
0.0
0.0
0.0
0.0
0.0
0.0
0.0
0.0
0.0
0.0
0.0
0.0
0.0
0.0
0.0
0.0
0.0
0.0
0.0
0.0
0.0
0.0
0.0
0.0
0.0
0.0
0.0
0.0
0.0
0.0
0.0
0.0
0.0
0.0
0.0
0.0
0.0
0.0
0.0
0.0
0.0
0.0
0.0
0.0
0.0
0.0
0.0
0.0
0.0
0.0
0.0
0.0
0.0
0.0
0.0
0.0
0.0
0.0
0.0
0.0
0.0
0.0
0.0
0.0
0.0
0.0
0.0
0.0
0.0
0.0
0.0
0.0
0.0
0.0
0.0
0.0
0.0
0.0
0.0
0.0
0.0
0.0
0.0
0.0
0.0
0.0
0.0
0.0
0.0
0.0
0.0
0.0
0.0
0.0
0.0
0.0
0.0
0.0
0.0
0.0
0.0
0.0
0.0
0.0
0.0
0.0
0.0
0.0
0.0
0.0
0.0
0.0
0.0
0.0
0.0
0.0
0.0
0.0
0.0
0.0
0.0
0.0
0.0
0.0
0.0
0.0
0.0
0.0
0.0
0.0
0.0
0.0
0.0
0.0
0.0
0.0
0.0
0.0
0.0
0.0
0.0
0.0
0.0
0.0
0.0
0.0
0.0
0.0
0.0
0.0
0.0
0.0
0.0
0.0
0.0
0.0
0.0
0.0
0.0
0.0
0.0
0.0
0.0
0.0
0.0
0.0
0.0
0.0
0.0
0.0
0.0
0.0
0.0
0.0
0.0
0.0
0.0
0.0
0.0
0.0
0.0
0.0
0.0
0.0
0.0
0.0
0.0
0.0
0.0
0.0
0.0
0.0
0.0
0.0
0.0
0.0
0.0
0.0
