0.0
0.0
0.0
0.0
0.0
0.0
0.0
0.0
0.0
0.0
0.0
0.0
0.0
0.0
0.0
0.0
0.0
0.0
0.0
0.0
0.0
0.0
0.0
0.0
0.0
0.0
0.0
0.0
0.0
0.0
0.0
0.0
0.0
0.0
0.0
0.0
0.0
0.0
0.0
0.0
0.0
0.0
0.0
0.0
0.0
0.0
0.0
0.0
0.0
0.0
0.0
0.0
0.0
0.0
0.0
0.0
0.0
0.0
0.0
0.0
0.0
0.0
0.0
0.0
0.0
0.0
0.0
0.0
0.0
0.0
0.0
0.0
0.0
0.0
0.0
0.0
0.0
0.0
0.0
0.0
0.0
0.0
0.0
0.0
0.0
0.0
0.0
0.0
0.0
0.0
0.0
0.0
0.0
0.0
0.0
0.0
0.0
0.0
0.0
0.0
0.0
0.0
0.0
0.0
0.0
0.0
0.0
0.0
0.0
0.0
0.0
0.0
0.0
0.0
0.0
0.0
0.0
0.0
0.0
0.0
0.0
0.0
0.0
0.0
0.0
0.0
0.0
0.0
0.0
0.0
0.0
0.0
0.0
0.0
0.0
0.0
0.0
0.0
0.0
0.0
0.0
0.0
0.0
0.0
0.0
0.0
0.0
0.0
0.0
0.0
0.0
0.0
0.0
0.0
0.0
0.0
0.0
0.0
0.0
0.0
0.0
0.0
0.0
0.0
0.0
0.0
0.0
0.0
0.0
0.0
0.0
0.0
0.0
0.0
0.0
0.0
0.0
0.0
0.0
0.0
0.0
0.0
0.0
0.0
0.0
0.0
0.0
0.0
0.0
0.0
0.0
0.0
0.0
0.0
0.0
0.0
0.0
0.0
0.0
0.0
0.0
0.0
0.0
0.0
0.0
0.0
0.0
0.0
0.0
0.0
0.0
0.0
0.0
0.0
0.0
0.0
0.0
0.0
0.0
0.0
0.0
0.0
0.0
0.0
0.0
0.0
0.0
0.0
0.0
0.0
0.0
0.0
0.0
0.0
0.0
0.0
0.0
0.0
0.0
0.0
0.0
0.0
0.0
0.0
0.0
0.0
0.0
0.0
0.0
0.0
0.0
0.0
0.0
0.0
0.0
0.0
0.0
0.0
0.0
0.0
0.0
0.019607843137254943
0.09019607843137256
0.04705882352941182
0.0
0.0
0.0
0.0
0.0
0.0
0.0
0.019607843137254943
0.09019607843137256
0.29803921568627456
0.5176470588235293
0.8392156862745098
0.388235294117647
0.0
0.0
0.0
0.0
0.0
0.0
0.0
0.0
0.0
0.0
0.18039215686274512
0.2549019607843137
0.7215686274509804
0.9882352941176471
0.8235294117647058
0.388235294117647
0.05882352941176472
0.0
0.0
0.0
0.0
0.11372549019607847
0.5725490196078431
0.9882352941176471
0.9882352941176471
0.9882352941176471
0.9882352941176471
0.9882352941176471
0.0
0.0
0.0
0.0
0.0
0.0
0.0
0.0
0.0
0.09411764705882353
0.8784313725490196
0.9882352941176471
0.9882352941176471
0.9882352941176471
0.9882352941176471
0.9882352941176471
0.8313725490196078
0.25098039215686274
0.0
0.0
0.45882352941176474
0.8901960784313725
0.9882352941176471
0.8666666666666667
0.4392156862745098
0.27450980392156865
0.8784313725490196
0.9882352941176471
0.0
0.0
0.0
0.0
0.0
0.0
0.0
0.0
0.14117647058823535
0.9294117647058824
0.9725490196078431
0.7176470588235294
0.42352941176470593
0.08235294117647063
0.2901960784313725
0.5882352941176471
0.9764705882352941
0.9529411764705882
0.4784313725490196
0.5882352941176471
0.9568627450980391
0.7176470588235294
0.42352941176470593
0.05490196078431375
0.0
0.38431372549019605
0.9882352941176471
0.592156862745098
0.0
0.0
0.0
0.0
0.0
0.0
0.0
0.0
0.6352941176470588
0.9882352941176471
0.33725490196078434
0.0
0.0
0.0
0.0
0.0
0.41960784313725485
0.9686274509803922
0.9921568627450981
0.9882352941176471
0.33725490196078434
0.0
0.0
0.0
0.007843137254901933
0.6705882352941177
0.9882352941176471
0.2941176470588235
0.0
0.0
0.0
0.0
0.0
0.0
0.0
0.0
0.9921568627450981
0.7960784313725491
0.04705882352941182
0.0
0.0
0.0
0.0
0.0
0.09411764705882353
0.9019607843137255
0.9921568627450981
0.9882352941176471
0.3019607843137255
0.0
0.0
0.0
0.17647058823529416
0.9882352941176471
0.7647058823529411
0.03529411764705881
0.0
0.0
0.0
0.0
0.0
0.0
0.0
0.0
0.9921568627450981
0.35686274509803917
0.0
0.0
0.0
0.0
0.0
0.3411764705882353
0.9019607843137255
0.9882352941176471
0.615686274509804
0.9882352941176471
0.9411764705882353
0.6352941176470588
0.43529411764705883
0.580392156862745
0.9254901960784314
0.9137254901960784
0.19999999999999996
0.0
0.0
0.0
0.0
0.0
0.0
0.0
0.0
0.0
1.0
0.3019607843137255
0.0
0.0
0.0
0.0
0.3294117647058824
0.8235294117647058
0.9529411764705882
0.4901960784313726
0.0
0.3058823529411765
0.8392156862745098
0.9921568627450981
0.9921568627450981
0.9921568627450981
0.9137254901960784
0.1686274509803921
0.0
0.0
0.0
0.0
0.0
0.0
0.0
0.0
0.0
0.0
0.9921568627450981
0.3019607843137255
0.0
0.0
0.05882352941176472
0.4117647058823529
0.9647058823529412
0.9450980392156862
0.32156862745098036
0.0
0.0
0.0
0.11764705882352944
0.33725490196078434
0.7294117647058824
0.5764705882352941
0.1568627450980392
0.0
0.0
0.0
0.0
0.0
0.0
0.0
0.0
0.0
0.0
0.0
0.9921568627450981
0.3019607843137255
0.0
0.0
0.388235294117647
0.9882352941176471
0.9725490196078431
0.30980392156862746
0.0
0.0
0.0
0.0
0.0
0.0
0.0
0.0
0.0
0.0
0.0
0.0
0.0
0.0
0.0
0.0
0.0
0.0
0.0
0.0
0.7176470588235294
0.27450980392156865
0.03529411764705881
0.12549019607843137
0.9764705882352941
0.9882352941176471
0.3058823529411765
0.0
0.0
0.0
0.0
0.0
0.0
0.0
0.0
0.0
0.0
0.0
0.0
0.0
0.0
0.0
0.0
0.0
0.0
0.0
0.0
0.0
0.0
0.0
0.4862745098039216
0.8392156862745098
0.9411764705882353
0.43529411764705883
0.03137254901960784
0.0
0.0
0.0
0.0
0.0
0.0
0.0
0.0
0.0
0.0
0.0
0.0
0.0
0.0
0.0
0.0
0.0
0.0
0.0
0.0
0.0
0.0
0.207843137254902
0.9529411764705882
0.807843137254902
0.3176470588235294
0.0
0.0
0.0
0.0
0.0
0.0
0.0
0.0
0.0
0.0
0.0
0.0
0.0
0.0
0.0
0.0
0.0
0.0
0.0
0.0
0.0
0.0
0.0
0.0
0.3254901960784313
0.5137254901960784
0.05882352941176472
0.0
0.0
0.0
0.0
0.0
0.0
0.0
0.0
0.0
0.0
0.0
0.0
0.0
0.0
0.0
0.0
0.0
0.0
0.0
0.0
0.0
0.0
0.0
0.0
0.0
0.0
0.0
0.0
0.0
0.0
0.0
0.0
0.0
0.0
0.0
0.0
0.0
0.0
0.0
0.0
0.0
0.0
0.0
0.0
0.0
0.0
0.0
0.0
0.0
0.0
0.0
0.0
0.0
0.0
0.0
0.0
0.0
0.0
0.0
0.0
0.0
0.0
0.0
0.0
0.0
0.0
0.0
0.0
0.0
0.0
0.0
0.0
0.0
0.0
0.0
0.0
0.0
0.0
0.0
0.0
0.0
0.0
0.0
0.0
0.0
0.0
0.0
0.0
0.0
0.0
0.0
0.0
0.0
0.0
0.0
0.0
0.0
0.0
0.0
0.0
0.0
0.0
0.0
0.0
0.0
0.0
0.0
0.0
0.0
0.0
0.0
0.0
0.0
0.0
0.0
0.0
0.0
0.0
0.0
0.0
0.0
0.0
0.0
0.0
0.0
0.0
0.0
0.0
0.0
0.0
0.0
0.0
0.0
0.0
0.0
0.0
0.0
0.0
0.0
0.0
0.0
0.0
0.0
0.0
0.0
0.0
0.0
0.0
0.0
0.0
0.0
0.0
0.0
0.0
0.0
0.0
0.0
0.0
0.0
