0.0
0.0
0.0
0.0
0.0
0.0
0.0
0.0
0.0
0.0
0.0
0.0
0.0
0.0
0.0
0.0
0.0
0.0
0.0
0.0
0.0
0.0
0.0
0.0
0.0
0.0
0.0
0.0
0.0
0.0
0.0
0.0
0.0
0.0
0.0
0.0
0.0
0.0
0.0
0.0
0.0
0.0
0.0
0.0
0.0
0.0
0.0
0.0
0.0
0.0
0.0
0.0
0.0
0.0
0.0
0.0
0.0
0.0
0.0
0.0
0.0
0.0
0.0
0.0
0.0
0.0
0.0
0.0
0.0
0.0
0.0
0.0
0.0
0.0
0.0
0.0
0.0
0.0
0.0
0.0
0.0
0.0
0.0
0.0
0.0
0.0
0.0
0.0
0.0
0.0
0.0
0.0
0.0
0.0
0.0
0.0
0.0
0.0
0.0
0.0
0.0
0.0
0.0
0.0
0.0
0.0
0.0
0.0
0.0
0.0
0.0
0.0
0.0
0.0
0.0
0.0
0.0
0.0
0.0
0.0
0.0
0.0
0.0
0.0
0.0
0.0
0.0
0.0
0.0
0.0
0.0
0.0
0.0
0.0
0.0
0.0
0.0
0.0
0.0
0.0
0.0
0.0
0.0
0.0
0.0
0.0
0.0
0.0
0.0
0.0
0.0
0.0
0.0
0.0
0.0
0.0
0.0
0.0
0.0
0.0
0.0
0.0
0.0
0.0
0.0
0.0
0.0
0.0
0.0
0.0
0.0
0.0
0.0
0.0
0.0
0.0
0.0
0.0
0.0
0.0
0.0
0.0
0.0
0.0
0.0
0.0
0.0
0.0
0.0
0.0
0.0
0.0
0.0
0.0
0.0
0.0
0.0
0.0
0.0
0.0
0.0
0.0
0.0
0.0
0.0
0.0
0.0
0.0
0.0
0.0117647058823529
0.1215686274509804
0.607843137254902
0.8705882352941177
0.8705882352941177
0.6980392156862745
0.027450980392156876
0.0
0.0
0.0
0.0
0.0
0.0
0.0
0.0
0.0
0.0
0.0
0.0
0.0
0.0
0.0
0.0
0.0
0.0
0.0
0.039215686274509776
0.5058823529411764
0.8
0.9921568627450981
0.9921568627450981
0.9921568627450981
0.9921568627450981
0.9921568627450981
0.9411764705882353
0.4784313725490196
0.027450980392156876
0.0
0.0
0.0
0.0
0.0
0.0
0.0
0.0
0.0
0.0
0.0
0.0
0.0
0.0
0.0
0.1098039215686275
0.32156862745098036
0.6431372549019607
0.9921568627450981
0.9921568627450981
0.9176470588235294
0.6745098039215687
0.6745098039215687
0.388235294117647
0.603921568627451
0.8509803921568627
0.9921568627450981
0.2823529411764706
0.0
0.0
0.0
0.0
0.0
0.0
0.0
0.0
0.0
0.0
0.0
0.0
0.0
0.02352941176470591
0.12549019607843137
0.6470588235294117
0.9921568627450981
0.9921568627450981
0.9607843137254902
0.5137254901960784
0.07843137254901966
0.0
0.0
0.0117647058823529
0.04313725490196074
0.7529411764705882
0.9921568627450981
0.5882352941176471
0.0
0.0
0.0
0.0
0.0
0.0
0.0
0.0
0.0
0.0
0.0
0.03529411764705881
0.3294117647058824
0.792156862745098
0.9921568627450981
0.9921568627450981
0.9803921568627451
0.5294117647058824
0.08235294117647063
0.0
0.0
0.0
0.02352941176470591
0.5764705882352941
0.9921568627450981
0.9921568627450981
0.9921568627450981
0.9921568627450981
0.0
0.0
0.0
0.0
0.0
0.0
0.0
0.0
0.0
0.0
0.007843137254901933
0.6313725490196078
0.9921568627450981
0.9921568627450981
0.9294117647058824
0.5098039215686274
0.21568627450980393
0.0
0.0
0.0
0.0
0.1333333333333333
0.7725490196078432
0.9058823529411765
0.3019607843137255
0.6549019607843137
0.9921568627450981
0.6666666666666667
0.0
0.0
0.0
0.0
0.0
0.0
0.0
0.0
0.12941176470588234
0.4901960784313726
0.8627450980392157
0.9921568627450981
0.9450980392156862
0.5490196078431373
0.22745098039215683
0.0
0.0
0.0
0.0
0.0
0.3254901960784313
0.8627450980392157
0.9137254901960784
0.196078431372549
0.0
0.7607843137254902
0.9921568627450981
0.5686274509803921
0.0
0.0
0.0
0.0
0.0
0.0
0.0
0.0
1.0
0.9921568627450981
0.807843137254902
0.5254901960784314
0.09019607843137256
0.0
0.0
0.0
0.0
0.0
0.0
0.14901960784313728
0.8745098039215686
0.9921568627450981
0.3764705882352941
0.0
0.0
0.9764705882352941
0.9921568627450981
0.48235294117647054
0.0
0.0
0.0
0.0
0.0
0.0
0.0
0.0
0.6352941176470588
0.5058823529411764
0.027450980392156876
0.0
0.0
0.0
0.0
0.0
0.0
0.0
0.0
0.6627450980392157
0.9921568627450981
0.6901960784313725
0.0117647058823529
0.0
0.14901960784313728
0.9843137254901961
0.9921568627450981
0.14509803921568631
0.0
0.0
0.0
0.0
0.0
0.0
0.0
0.0
0.0
0.0
0.0
0.0
0.0
0.0
0.0
0.0
0.0
0.0
0.3764705882352941
0.9921568627450981
0.9921568627450981
0.21568627450980393
0.0
0.0
0.6196078431372549
0.9921568627450981
0.7333333333333334
0.0117647058823529
0.0
0.0
0.0
0.0
0.0
0.0
0.0
0.0
0.0
0.0
0.0
0.0
0.0
0.0
0.0
0.0
0.0
0.0
0.7843137254901961
0.9921568627450981
0.8392156862745098
0.06666666666666665
0.0
0.1725490196078432
0.9372549019607843
0.9921568627450981
0.4392156862745098
0.0
0.0
0.0
0.0
0.0
0.0
0.0
0.0
0.0
0.0
0.0
0.0
0.0
0.0
0.0
0.0
0.0
0.0
0.0
0.7843137254901961
0.9921568627450981
0.41960784313725485
0.0
0.207843137254902
0.7215686274509804
0.9921568627450981
0.7254901960784313
0.05882352941176472
0.0
0.0
0.0
0.0
0.0
0.0
0.0
0.0
0.0
0.0
0.0
0.0
0.0
0.0
0.0
0.0
0.0
0.0
0.0
0.5568627450980392
0.9921568627450981
0.5882352941176471
0.1098039215686275
0.9450980392156862
0.9921568627450981
0.9921568627450981
0.21568627450980393
0.0
0.0
0.0
0.0
0.0
0.0
0.0
0.0
0.0
0.0
0.0
0.0
0.0
0.0
0.0
0.0
0.0
0.0
0.0
0.0
0.2705882352941177
0.9803921568627451
0.9921568627450981
0.9921568627450981
0.9921568627450981
0.9921568627450981
0.7176470588235294
0.007843137254901933
0.0
0.0
0.0
0.0
0.0
0.0
0.0
0.0
0.0
0.0
0.0
0.0
0.0
0.0
0.0
0.0
0.0
0.0
0.0
0.0
0.0
0.4117647058823529
0.9921568627450981
0.9921568627450981
0.9921568627450981
0.7803921568627451
0.10196078431372546
0.0
0.0
0.0
0.0
0.0
0.0
0.0
0.0
0.0
0.0
0.0
0.0
0.0
0.0
0.0
0.0
0.0
0.0
0.0
0.0
0.0
0.0
0.0039215686274509665
0.3019607843137255
0.44313725490196076
0.4
0.015686274509803977
0.0
0.0
0.0
0.0
0.0
0.0
0.0
0.0
0.0
0.0
0.0
0.0
0.0
0.0
0.0
0.0
0.0
0.0
0.0
0.0
0.0
0.0
0.0
0.0
0.0
0.0
0.0
0.0
0.0
0.0
0.0
0.0
0.0
0.0
0.0
0.0
0.0
0.0
0.0
0.0
0.0
0.0
0.0
0.0
0.0
0.0
0.0
0.0
0.0
0.0
0.0
0.0
0.0
0.0
0.0
0.0
0.0
0.0
0.0
0.0
0.0
0.0
0.0
0.0
0.0
0.0
0.0
0.0
0.0
0.0
0.0
0.0
0.0
0.0
0.0
0.0
0.0
0.0
0.0
0.0
0.0
0.0
0.0
0.0
0.0
0.0
0.0
0.0
0.0
0.0
0.0
0.0
0.0
0.0
0.0
0.0
0.0
0.0
0.0
0.0
0.0
0.0
0.0
0.0
0.0
0.0
0.0
0.0
0.0
0.0
0.0
0.0
0.0
0.0
0.0
0.0
0.0
0.0
0.0
0.0
0.0
0.0
0.0
0.0
0.0
0.0
0.0
0.0
0.0
0.0
0.0
0.0
0.0
0.0
0.0
0.0
0.0
0.0
0.0
0.0
0.0
0.0
0.0
0.0
0.0
0.0
0.0
0.0
0.0
0.0
