0.0
0.0
0.0
0.0
0.0
0.0
0.0
0.0
0.0
0.0
0.0
0.0
0.0
0.0
0.0
0.0
0.0
0.0
0.0
0.0
0.0
0.0
0.0
0.0
0.0
0.0
0.0
0.0
0.0
0.0
0.0
0.0
0.0
0.0
0.0
0.0
0.0
0.0
0.0
0.0
0.0
0.0
0.0
0.0
0.0
0.0
0.0
0.0
0.0
0.0
0.0
0.0
0.0
0.0
0.0
0.0
0.0
0.0
0.0
0.0
0.0
0.0
0.0
0.0
0.0
0.0
0.0
0.0
0.0
0.0
0.0
0.0
0.0
0.0
0.0
0.0
0.0
0.0
0.0
0.0
0.0
0.0
0.0
0.0
0.0
0.0
0.0
0.0
0.0
0.0
0.0
0.0
0.0
0.0
0.0
0.0
0.0
0.0
0.0
0.0
0.0
0.0
0.0
0.0
0.0
0.0
0.0
0.0
0.0
0.0
0.0
0.0
0.0
0.0
0.0
0.0
0.0
0.0
0.0
0.0
0.0
0.0
0.0
0.0
0.0
0.0
0.0
0.0
0.0
0.0
0.0
0.0
0.0
0.0
0.0
0.0
0.0
0.0
0.0
0.0
0.0
0.0
0.0
0.0
0.0
0.0
0.0
0.0
0.0
0.0
0.0
0.0
0.0
0.0
0.0
0.0
0.0
0.0
0.0
0.0
0.0
0.0
0.0
0.0
0.0
0.0
0.0
0.0
0.0
0.0
0.0
0.0
0.0
0.0
0.0
0.0
0.0
0.0
0.0
0.0
0.0
0.0
0.0
0.0
0.0
0.0
0.0
0.0
0.0
0.0
0.0
0.0
0.0
0.0
0.0
0.0
0.0
0.0
0.0
0.0
0.0
0.0
0.0
0.0
0.0
0.0
0.0
0.0
0.0
0.0
0.0
0.0
0.0
0.0
0.0
0.0
0.0
0.0
0.0
0.0
0.0
0.0
0.0
0.0
0.0
0.0
0.0
0.0
0.0
0.0
0.0
0.0
0.0
0.0
0.0
0.0
0.0
0.0
0.0
0.0
0.0
0.0
0.0
0.0
0.1725490196078432
0.25098039215686274
0.20392156862745103
0.0
0.0
0.0
0.0
0.0
0.0
0.0
0.0
0.0
0.0
0.0
0.0
0.0
0.0
0.0
0.0
0.0
0.0
0.0
0.0
0.0
0.0
0.05882352941176472
0.3921568627450981
0.7176470588235294
0.9764705882352941
0.9921568627450981
0.9803921568627452
0.7568627450980392
0.23529411764705888
0.0
0.0
0.0
0.0
0.0
0.0
0.0
0.0
0.0
0.0
0.0
0.0
0.0
0.0
0.0
0.0
0.0
0.0
0.0
0.06666666666666665
0.7803921568627451
0.996078431372549
0.9764705882352941
0.7215686274509804
0.6588235294117647
0.9647058823529412
0.996078431372549
0.8
0.0
0.0
0.0
0.0
0.0
0.0
0.0
0.0
0.04705882352941182
0.36078431372549025
0.4392156862745098
0.19215686274509802
0.0
0.0
0.0
0.0
0.0
0.0
0.007843137254901933
0.6980392156862745
0.9921568627450981
0.7058823529411764
0.18823529411764706
0.0
0.0
0.2666666666666667
0.9921568627450981
0.9921568627450981
0.0
0.0
0.0
0.0
0.0
0.0
0.0
0.0
0.5686274509803921
0.9921568627450981
0.9921568627450981
0.8862745098039215
0.41960784313725485
0.0
0.0
0.0
0.0
0.0
0.6274509803921569
0.9921568627450981
0.6823529411764706
0.02352941176470591
0.0
0.0
0.0
0.34509803921568627
0.9921568627450981
0.9921568627450981
0.0
0.0
0.0
0.0
0.0
0.0
0.0
0.0
0.06666666666666665
0.43529411764705883
0.6352941176470588
0.9921568627450981
0.9921568627450981
0.6588235294117647
0.14117647058823535
0.0
0.0
0.4509803921568627
0.996078431372549
0.9215686274509804
0.1215686274509804
0.0
0.0
0.0
0.14901960784313728
0.7764705882352941
0.9921568627450981
0.7372549019607844
0.0
0.0
0.0
0.0
0.0
0.0
0.0
0.0
0.43137254901960786
0.5411764705882354
0.0117647058823529
0.23529411764705888
0.6627450980392157
0.996078431372549
0.9098039215686274
0.5607843137254902
0.4901960784313726
0.9529411764705882
0.9568627450980391
0.22745098039215683
0.0
0.0
0.2941176470588235
0.6235294117647059
0.8823529411764706
0.9921568627450981
0.9137254901960784
0.1568627450980392
0.0
0.0
0.0
0.0
0.0
0.0
0.0
0.0
1.0
0.996078431372549
0.18823529411764706
0.0
0.0980392156862745
0.4509803921568627
0.9803921568627452
0.996078431372549
0.996078431372549
0.996078431372549
0.9803921568627452
0.6823529411764706
0.7411764705882353
0.996078431372549
0.996078431372549
1.0
0.9294117647058824
0.47058823529411764
0.039215686274509776
0.0
0.0
0.0
0.0
0.0
0.0
0.0
0.0
0.0
0.996078431372549
0.9921568627450981
0.1843137254901961
0.0
0.0
0.0
0.4549019607843138
0.9921568627450981
0.9921568627450981
0.9137254901960784
0.9568627450980391
0.9921568627450981
0.8901960784313725
0.8666666666666667
0.7686274509803921
0.34509803921568627
0.14117647058823535
0.0
0.0
0.0
0.0
0.0
0.0
0.0
0.0
0.0
0.0
0.0
0.996078431372549
0.9921568627450981
0.4392156862745098
0.0
0.0
0.2666666666666667
0.9450980392156862
0.9921568627450981
0.7294117647058824
0.07058823529411762
0.12941176470588234
0.1843137254901961
0.03529411764705881
0.0
0.0
0.0
0.0
0.0
0.0
0.0
0.0
0.0
0.0
0.0
0.0
0.0
0.0
0.0
0.7215686274509804
0.9921568627450981
0.9294117647058824
0.18823529411764706
0.2549019607843137
0.9568627450980391
0.9921568627450981
0.807843137254902
0.09411764705882353
0.0
0.0
0.0
0.0
0.0
0.0
0.0
0.0
0.0
0.0
0.0
0.0
0.0
0.0
0.0
0.0
0.0
0.0
0.0
0.18039215686274512
0.9137254901960784
0.9921568627450981
0.9568627450980391
0.9686274509803922
0.996078431372549
0.6784313725490196
0.03137254901960784
0.0
0.0
0.0
0.0
0.0
0.0
0.0
0.0
0.0
0.0
0.0
0.0
0.0
0.0
0.0
0.0
0.0
0.0
0.0
0.0
0.0
0.17647058823529416
0.7764705882352941
0.9490196078431372
0.9372549019607843
0.584313725490196
0.0
0.0
0.0
0.0
0.0
0.0
0.0
0.0
0.0
0.0
0.0
0.0
0.0
0.0
0.0
0.0
0.0
0.0
0.0
0.0
0.0
0.0
0.0
0.0
0.0
0.06274509803921569
0.015686274509803977
0.0
0.0
0.0
0.0
0.0
0.0
0.0
0.0
0.0
0.0
0.0
0.0
0.0
0.0
0.0
0.0
0.0
0.0
0.0
0.0
0.0
0.0
0.0
0.0
0.0
0.0
0.0
0.0
0.0
0.0
0.0
0.0
0.0
0.0
0.0
0.0
0.0
0.0
0.0
0.0
0.0
0.0
0.0
0.0
0.0
0.0
0.0
0.0
0.0
0.0
0.0
0.0
0.0
0.0
0.0
0.0
0.0
0.0
0.0
0.0
0.0
0.0
0.0
0.0
0.0
0.0
0.0
0.0
0.0
0.0
0.0
0.0
0.0
0.0
0.0
0.0
0.0
0.0
0.0
0.0
0.0
0.0
0.0
0.0
0.0
0.0
0.0
0.0
0.0
0.0
0.0
0.0
0.0
0.0
0.0
0.0
0.0
0.0
0.0
0.0
0.0
0.0
0.0
0.0
0.0
0.0
0.0
0.0
0.0
0.0
0.0
0.0
0.0
0.0
0.0
0.0
0.0
0.0
0.0
0.0
0.0
0.0
0.0
0.0
0.0
0.0
0.0
0.0
0.0
0.0
0.0
0.0
0.0
0.0
0.0
0.0
0.0
0.0
0.0
0.0
0.0
0.0
0.0
0.0
0.0
0.0
0.0
0.0
0.0
0.0
0.0
0.0
0.0
0.0
0.0
0.0
0.0
0.0
0.0
0.0
0.0
0.0
0.0
0.0
0.0
0.0
0.0
0.0
0.0
0.0
0.0
0.0
0.0
0.0
0.0
0.0
0.0
0.0
0.0
0.0
0.0
0.0
0.0
0.0
0.0
0.0
