0.0
0.0
0.0
0.0
0.0
0.0
0.0
0.0
0.0
0.0
0.0
0.0
0.0
0.0
0.0
0.0
0.0
0.0
0.0
0.0
0.0
0.0
0.0
0.0
0.0
0.0
0.0
0.0
0.0
0.0
0.0
0.0
0.0
0.0
0.0
0.0
0.0
0.0
0.0
0.0
0.0
0.0
0.0
0.0
0.0
0.0
0.0
0.0
0.0
0.0
0.0
0.0
0.0
0.0
0.0
0.0
0.0
0.0
0.0
0.0
0.0
0.0
0.0
0.0
0.0
0.0
0.0
0.0
0.0
0.0
0.0
0.0
0.0
0.0
0.0
0.0
0.0
0.0
0.0
0.0
0.0
0.0
0.0
0.0
0.0
0.0
0.0
0.0
0.0
0.0
0.0
0.0
0.0
0.0
0.0
0.0
0.0
0.0
0.0
0.0
0.0
0.0
0.0
0.0
0.0
0.0
0.0
0.0
0.0
0.0
0.0
0.0
0.0
0.0
0.0
0.0
0.0
0.0
0.0
0.0
0.0
0.0
0.0
0.0
0.0
0.0
0.0
0.0
0.0
0.0
0.0
0.0
0.0
0.0
0.0
0.0
0.0
0.0
0.0
0.0
0.0
0.0
0.0
0.0
0.0
0.0
0.0
0.0
0.0
0.0
0.0
0.0
0.0
0.0
0.0
0.2823529411764706
0.3764705882352941
0.3764705882352941
0.14117647058823535
0.0
0.0
0.0
0.0
0.0
0.0
0.0
0.0
0.0
0.0
0.0
0.0
0.0
0.0
0.0
0.0
0.0
0.0
0.0
0.0
0.06274509803921569
0.6705882352941177
0.7450980392156863
0.7490196078431373
0.9254901960784314
0.9843137254901961
0.9843137254901961
0.8313725490196078
0.7490196078431373
0.6666666666666667
0.06274509803921569
0.0
0.0
0.0
0.0
0.0
0.0
0.0
0.0
0.0
0.0
0.0
0.0
0.0
0.0
0.0
0.0
0.06274509803921569
0.7411764705882353
0.9843137254901961
0.9843137254901961
0.9921568627450981
0.9843137254901961
0.9843137254901961
0.9843137254901961
0.9843137254901961
0.9921568627450981
0.9843137254901961
0.7372549019607844
0.06274509803921569
0.0
0.0
0.0
0.0
0.0
0.0
0.0
0.0
0.0
0.0
0.0
0.0
0.0
0.0
0.4862745098039216
0.8823529411764706
0.9843137254901961
0.9843137254901961
0.9843137254901961
0.9921568627450981
0.8
0.4274509803921569
0.1215686274509804
0.1215686274509804
0.1215686274509804
0.7725490196078432
0.9843137254901961
0.8823529411764706
0.3254901960784313
0.0
0.0
0.0
0.0
0.0
0.0
0.0
0.0
0.0
0.0
0.0
0.0
0.3921568627450981
0.9921568627450981
0.9843137254901961
0.9843137254901961
0.9843137254901961
0.9843137254901961
0.7568627450980392
0.09019607843137256
0.0
0.0
0.0
0.0
0.7450980392156863
0.9843137254901961
0.9843137254901961
0.7568627450980392
0.0
0.0
0.0
0.0
0.0
0.0
0.0
0.0
0.0
0.0
0.0
0.8745098039215686
0.9921568627450981
1.0
0.9921568627450981
0.9921568627450981
0.8980392156862745
0.2313725490196078
0.0
0.0
0.0
0.0
0.0
0.0
0.7490196078431373
0.9921568627450981
0.9921568627450981
0.7568627450980392
0.0
0.0
0.0
0.0
0.0
0.0
0.0
0.0
0.0
0.015686274509803977
0.4392156862745098
0.9568627450980393
0.9843137254901961
0.9921568627450981
0.9686274509803922
0.8627450980392157
0.2588235294117647
0.0
0.0
0.0
0.0
0.0
0.0
0.0
0.7450980392156863
0.9843137254901961
0.9843137254901961
0.3686274509803922
0.0
0.0
0.0
0.0
0.0
0.0
0.0
0.0
0.0
0.4392156862745098
0.9843137254901961
0.9843137254901961
0.9843137254901961
0.9921568627450981
0.5490196078431373
0.0
0.0
0.0
0.0
0.0
0.0
0.0
0.0
0.0
0.7450980392156863
0.9843137254901961
0.9843137254901961
0.3686274509803922
0.0
0.0
0.0
0.0
0.0
0.0
0.0
0.0
0.0
0.5568627450980392
0.8627450980392157
0.9843137254901961
0.9843137254901961
0.6627450980392157
0.03137254901960784
0.0
0.0
0.0
0.0
0.0
0.0
0.0
0.0
0.4862745098039216
0.9568627450980393
0.9843137254901961
0.9843137254901961
0.3686274509803922
0.0
0.0
0.0
0.0
0.0
0.0
0.0
0.0
0.0
0.0
0.4980392156862745
0.9843137254901961
0.9843137254901961
0.6196078431372549
0.0
0.0
0.0
0.0
0.0
0.0
0.0
0.0
0.0
0.9921568627450981
0.9843137254901961
0.9843137254901961
0.9843137254901961
0.3686274509803922
0.0
0.0
0.0
0.0
0.0
0.0
0.0
0.0
0.0
0.36078431372549025
0.9921568627450981
0.9921568627450981
0.9921568627450981
0.3921568627450981
0.0
0.0
0.0
0.0
0.0
0.0
0.0
0.0
0.23529411764705888
1.0
0.9921568627450981
0.9921568627450981
0.7411764705882353
0.0
0.0
0.0
0.0
0.0
0.0
0.0
0.0
0.0
0.2823529411764706
0.9254901960784314
0.9843137254901961
0.9843137254901961
0.9058823529411765
0.0
0.0
0.0
0.0
0.0
0.0
0.0
0.0
0.2666666666666667
0.8941176470588236
0.9921568627450981
0.9843137254901961
0.9843137254901961
0.6588235294117647
0.0
0.0
0.0
0.0
0.0
0.0
0.0
0.0
0.0
0.6823529411764706
0.9843137254901961
0.9843137254901961
0.8588235294117648
0.1843137254901961
0.0
0.0
0.0
0.0
0.0
0.0
0.06274509803921569
0.4980392156862745
0.9254901960784314
0.9843137254901961
0.9921568627450981
0.9843137254901961
0.7372549019607844
0.05882352941176472
0.0
0.0
0.0
0.0
0.0
0.0
0.0
0.0
0.0
0.9921568627450981
0.9843137254901961
0.9843137254901961
0.7372549019607844
0.0
0.0
0.0
0.0
0.0
0.0
0.09411764705882353
0.7294117647058824
0.9843137254901961
0.9843137254901961
0.9843137254901961
0.9921568627450981
0.8745098039215686
0.05882352941176472
0.0
0.0
0.0
0.0
0.0
0.0
0.0
0.0
0.0
0.0
0.6
0.9843137254901961
0.9843137254901961
0.7372549019607844
0.0
0.0
0.0
0.0
0.1568627450980392
0.6196078431372549
0.7607843137254902
0.9843137254901961
0.9843137254901961
0.9843137254901961
0.9843137254901961
0.7568627450980392
0.32156862745098036
0.0
0.0
0.0
0.0
0.0
0.0
0.0
0.0
0.0
0.0
0.0
0.23529411764705888
0.9019607843137255
0.9921568627450981
0.8352941176470589
0.14117647058823535
0.0
0.04705882352941182
0.3764705882352941
0.9176470588235294
0.9921568627450981
1.0
0.9921568627450981
0.9921568627450981
0.9921568627450981
0.7568627450980392
0.0
0.0
0.0
0.0
0.0
0.0
0.0
0.0
0.0
0.0
0.0
0.0
0.0
0.0
0.26274509803921564
0.9254901960784314
0.9843137254901961
0.8313725490196078
0.7490196078431373
0.7725490196078432
0.9843137254901961
0.9843137254901961
0.9843137254901961
0.9921568627450981
0.9686274509803922
0.5490196078431373
0.2431372549019608
0.09019607843137256
0.0
0.0
0.0
0.0
0.0
0.0
0.0
0.0
0.0
0.0
0.0
0.0
0.0
0.0
0.0
0.24705882352941178
0.9254901960784314
0.9843137254901961
0.9921568627450981
0.9843137254901961
0.9843137254901961
0.9843137254901961
0.9843137254901961
0.803921568627451
0.43137254901960786
0.0
0.0
0.0
0.0
0.0
0.0
0.0
0.0
0.0
0.0
0.0
0.0
0.0
0.0
0.0
0.0
0.0
0.0
0.0
0.10588235294117643
0.1215686274509804
0.35686274509803917
0.7372549019607844
0.4274509803921569
0.1215686274509804
0.1215686274509804
0.07450980392156858
0.0
0.0
0.0
0.0
0.0
0.0
0.0
0.0
0.0
0.0
0.0
0.0
0.0
0.0
0.0
0.0
0.0
0.0
0.0
0.0
0.0
0.0
0.0
0.0
0.0
0.0
0.0
0.0
0.0
0.0
0.0
0.0
0.0
0.0
0.0
0.0
0.0
0.0
0.0
0.0
0.0
0.0
0.0
0.0
0.0
0.0
0.0
0.0
0.0
0.0
0.0
0.0
0.0
0.0
0.0
0.0
0.0
0.0
0.0
0.0
0.0
0.0
0.0
0.0
0.0
0.0
0.0
0.0
0.0
0.0
0.0
0.0
0.0
0.0
0.0
0.0
0.0
0.0
0.0
0.0
0.0
0.0
0.0
0.0
0.0
0.0
0.0
0.0
0.0
0.0
0.0
0.0
0.0
0.0
0.0
0.0
0.0
0.0
0.0
0.0
0.0
0.0
0.0
0.0
0.0
0.0
0.0
0.0
0.0
0.0
0.0
0.0
0.0
0.0
0.0
0.0
0.0
0.0
0.0
0.0
0.0
0.0
0.0
0.0
0.0
