0.0
0.0
0.0
0.0
0.0
0.0
0.0
0.0
0.0
0.0
0.0
0.0
0.0
0.0
0.0
0.0
0.0
0.0
0.0
0.0
0.0
0.0
0.0
0.0
0.0
0.0
0.0
0.0
0.0
0.0
0.0
0.0
0.0
0.0
0.0
0.0
0.0
0.0
0.0
0.0
0.0
0.0
0.0
0.0
0.0
0.0
0.0
0.0
0.0
0.0
0.0
0.0
0.0
0.0
0.0
0.0
0.0
0.0
0.0
0.0
0.0
0.0
0.0
0.0
0.0
0.0
0.0
0.0
0.0
0.0
0.0
0.0
0.0
0.0
0.0
0.0
0.0
0.0
0.0
0.0
0.0
0.0
0.0
0.0
0.0
0.0
0.0
0.0
0.0
0.0
0.0
0.0
0.0
0.0
0.0
0.0
0.0
0.0
0.0
0.0
0.0
0.0
0.0
0.0
0.0
0.0
0.0
0.0
0.0
0.0
0.0
0.0
0.0
0.0
0.0
0.0
0.0
0.0
0.0
0.0
0.0
0.0
0.0
0.0
0.0
0.0
0.0
0.0
0.0
0.0
0.0
0.0
0.0
0.0
0.0
0.0
0.0
0.0
0.0
0.0
0.0
0.0
0.0
0.0
0.0
0.0
0.0
0.0
0.0
0.0
0.0
0.0
0.0
0.0
0.0
0.0
0.0
0.0
0.0
0.0
0.0
0.0
0.0
0.0
0.0
0.0
0.0
0.0
0.0
0.0
0.0
0.0
0.0
0.0
0.0
0.0
0.1725490196078432
0.0
0.0
0.0
0.0
0.0
0.0
0.0
0.0
0.0
0.0
0.0
0.0
0.0
0.0
0.0
0.0
0.0
0.0
0.0
0.0
0.0
0.0
0.0
0.0
0.0
0.17647058823529416
0.5176470588235293
0.9137254901960784
0.18039215686274512
0.0
0.0
0.0
0.0
0.0
0.0
0.0
0.0
0.0
0.0
0.0
0.25098039215686274
0.592156862745098
0.6274509803921569
0.2941176470588235
0.0
0.0
0.0
0.0
0.0
0.0
0.0
0.0
0.0
0.6901960784313725
0.9882352941176471
0.9882352941176471
0.34509803921568627
0.0
0.0117647058823529
0.2941176470588235
0.6470588235294117
0.4627450980392157
0.0980392156862745
0.0
0.0
0.0
0.0
0.0
0.4784313725490196
0.9882352941176471
0.9882352941176471
0.6509803921568628
0.0
0.0
0.0
0.0
0.0
0.0
0.0
0.0
0.05882352941176472
0.8196078431372549
0.9882352941176471
0.9882352941176471
0.34509803921568627
0.0
0.5333333333333333
0.9882352941176471
0.9882352941176471
0.9882352941176471
0.580392156862745
0.0
0.0
0.0
0.0
0.0
0.3254901960784313
0.9882352941176471
0.9882352941176471
0.9882352941176471
0.0
0.0
0.0
0.0
0.0
0.0
0.0
0.0
0.06274509803921569
0.8352941176470589
0.9882352941176471
0.9098039215686274
0.03137254901960784
0.0
0.9058823529411765
0.9882352941176471
0.9882352941176471
0.9882352941176471
0.9254901960784314
0.14509803921568631
0.0
0.0
0.0
0.0
0.04705882352941182
0.9882352941176471
0.9882352941176471
0.9882352941176471
0.0
0.0
0.0
0.0
0.0
0.0
0.0
0.0
0.1333333333333333
0.9882352941176471
0.9882352941176471
0.8274509803921568
0.0
0.21176470588235297
0.9568627450980393
0.9882352941176471
0.9882352941176471
0.9882352941176471
0.9921568627450981
0.5607843137254902
0.0
0.0
0.0
0.0
0.04705882352941182
0.9882352941176471
0.9882352941176471
0.9882352941176471
0.0
0.0
0.0
0.0
0.0
0.0
0.0
0.0
0.1333333333333333
0.9882352941176471
0.9882352941176471
0.4745098039215686
0.0
0.34901960784313724
0.9882352941176471
0.9882352941176471
0.9882352941176471
0.9882352941176471
0.9921568627450981
0.807843137254902
0.05490196078431375
0.0
0.0
0.0
0.04705882352941182
0.9882352941176471
0.9882352941176471
0.9882352941176471
0.0
0.0
0.0
0.0
0.0
0.0
0.0
0.0
0.32156862745098036
0.9882352941176471
0.9882352941176471
0.6588235294117647
0.0
0.5333333333333333
0.9882352941176471
0.9882352941176471
0.9882352941176471
0.9882352941176471
0.9921568627450981
0.9882352941176471
0.36078431372549025
0.0
0.0
0.0
0.23529411764705888
0.9882352941176471
0.9882352941176471
0.8
0.0
0.0
0.0
0.0
0.0
0.0
0.0
0.0
0.5647058823529412
0.9921568627450981
0.9921568627450981
0.4745098039215686
0.0
0.7803921568627451
0.9921568627450981
0.9921568627450981
0.44705882352941173
0.43529411764705883
1.0
0.9921568627450981
0.4666666666666667
0.007843137254901933
0.0
0.04705882352941182
0.9215686274509804
0.9921568627450981
0.9921568627450981
0.37254901960784315
0.0
0.0
0.0
0.0
0.0
0.0
0.0
0.0
0.6745098039215687
0.9882352941176471
0.9882352941176471
0.6588235294117647
0.2666666666666667
0.9254901960784314
0.9882352941176471
0.8666666666666667
0.07843137254901966
0.1333333333333333
0.9921568627450981
0.9882352941176471
0.9882352941176471
0.6627450980392157
0.09019607843137256
0.4627450980392157
0.9882352941176471
0.9882352941176471
0.9098039215686274
0.22352941176470587
0.0
0.0
0.0
0.0
0.0
0.0
0.0
0.0
0.6352941176470588
0.9882352941176471
0.9882352941176471
0.7137254901960784
0.9294117647058824
0.9882352941176471
0.9882352941176471
0.6470588235294117
0.0
0.0
0.6549019607843137
0.9882352941176471
0.9882352941176471
0.9882352941176471
0.8784313725490196
0.9529411764705882
0.9882352941176471
0.9882352941176471
0.5176470588235293
0.0
0.0
0.0
0.0
0.0
0.0
0.0
0.0
0.0
0.5607843137254902
0.9882352941176471
0.9882352941176471
0.9882352941176471
0.9882352941176471
0.9882352941176471
0.9098039215686274
0.015686274509803977
0.0
0.0
0.06274509803921569
0.7960784313725491
0.9882352941176471
0.9882352941176471
0.9882352941176471
0.9882352941176471
0.9882352941176471
0.8627450980392157
0.12549019607843137
0.0
0.0
0.0
0.0
0.0
0.0
0.0
0.0
0.0
0.5607843137254902
0.9882352941176471
0.9882352941176471
0.9882352941176471
0.9882352941176471
0.9882352941176471
0.5137254901960784
0.0
0.0
0.0
0.0
0.09019607843137256
0.7843137254901961
0.9882352941176471
0.9882352941176471
0.9882352941176471
0.6784313725490196
0.1333333333333333
0.0
0.0
0.0
0.0
0.0
0.0
0.0
0.0
0.0
0.0
0.1215686274509804
0.7529411764705882
0.9882352941176471
0.9882352941176471
0.9882352941176471
0.9882352941176471
0.17647058823529416
0.0
0.0
0.0
0.0
0.0
0.0862745098039216
0.5882352941176471
0.4980392156862745
0.3058823529411765
0.11372549019607847
0.0
0.0
0.0
0.0
0.0
0.0
0.0
0.0
0.0
0.0
0.0
0.0
0.36078431372549025
0.5137254901960784
0.9529411764705882
0.9803921568627451
0.45882352941176474
0.007843137254901933
0.0
0.0
0.0
0.0
0.0
0.0
0.0
0.0
0.0
0.0
0.0
0.0
0.0
0.0
0.0
0.0
0.0
0.0
0.0
0.0
0.0
0.0
0.0
0.0
0.20392156862745103
0.3019607843137255
0.0
0.0
0.0
0.0
0.0
0.0
0.0
0.0
0.0
0.0
0.0
0.0
0.0
0.0
0.0
0.0
0.0
0.0
0.0
0.0
0.0
0.0
0.0
0.0
0.0
0.0
0.0
0.0
0.0
0.0
0.0
0.0
0.0
0.0
0.0
0.0
0.0
0.0
0.0
0.0
0.0
0.0
0.0
0.0
0.0
0.0
0.0
0.0
0.0
0.0
0.0
0.0
0.0
0.0
0.0
0.0
0.0
0.0
0.0
0.0
0.0
0.0
0.0
0.0
0.0
0.0
0.0
0.0
0.0
0.0
0.0
0.0
0.0
0.0
0.0
0.0
0.0
0.0
0.0
0.0
0.0
0.0
0.0
0.0
0.0
0.0
0.0
0.0
0.0
0.0
0.0
0.0
0.0
0.0
0.0
0.0
0.0
0.0
0.0
0.0
0.0
0.0
0.0
0.0
0.0
0.0
0.0
0.0
0.0
0.0
0.0
0.0
0.0
0.0
0.0
0.0
0.0
0.0
0.0
0.0
0.0
0.0
0.0
0.0
0.0
0.0
0.0
0.0
0.0
0.0
0.0
0.0
0.0
0.0
0.0
0.0
0.0
0.0
0.0
0.0
0.0
0.0
0.0
0.0
0.0
0.0
0.0
0.0
0.0
0.0
0.0
0.0
0.0
0.0
0.0
0.0
0.0
0.0
0.0
0.0
0.0
0.0
0.0
0.0
0.0
0.0
0.0
0.0
0.0
0.0
0.0
0.0
0.0
0.0
0.0
0.0
0.0
0.0
0.0
0.0
0.0
0.0
0.0
0.0
0.0
0.0
