0.0
0.0
0.0
0.0
0.0
0.0
0.0
0.0
0.0
0.0
0.0
0.0
0.0
0.0
0.0
0.0
0.0
0.0
0.0
0.0
0.0
0.0
0.0
0.0
0.0
0.0
0.0
0.0
0.0
0.0
0.0
0.0
0.0
0.0
0.0
0.0
0.0
0.0
0.0
0.0
0.0
0.0
0.0
0.0
0.0
0.0
0.0
0.0
0.0
0.0
0.0
0.0
0.0
0.0
0.0
0.0
0.0
0.0
0.0
0.0
0.0
0.0
0.0
0.0
0.0
0.0
0.0
0.0
0.0
0.0
0.0
0.0
0.0
0.0
0.0
0.0
0.0
0.0
0.0
0.0
0.0
0.0
0.0
0.0
0.0
0.0
0.0
0.0
0.0
0.0
0.0
0.0
0.0
0.0
0.0
0.0
0.0
0.0
0.0
0.0
0.0
0.0
0.0
0.0
0.0
0.0
0.0
0.0
0.0
0.0
0.0
0.0
0.0
0.0
0.0
0.0
0.0
0.0
0.0
0.0
0.0
0.0
0.0
0.0
0.0
0.0
0.0
0.0
0.0
0.0
0.0
0.0
0.0
0.0
0.0
0.0
0.0
0.0
0.0
0.0
0.0
0.0
0.0
0.0
0.0
0.0
0.0
0.0
0.0
0.0
0.0
0.0
0.0
0.0
0.0
0.0
0.0
0.0
0.0
0.0
0.0
0.0
0.0
0.0
0.0
0.0
0.0
0.0
0.0
0.0
0.0
0.0
0.0
0.0
0.0
0.0
0.0
0.0
0.0
0.0
0.0
0.0
0.0
0.0
0.0
0.0
0.0
0.0
0.0
0.0
0.0
0.0
0.0
0.0
0.0
0.0
0.0
0.0
0.0
0.0
0.0
0.0
0.0
0.0
0.0
0.0
0.0
0.0
0.039215686274509776
0.23529411764705888
0.7137254901960784
0.5019607843137255
0.02352941176470591
0.0
0.0
0.0
0.0
0.0
0.0
0.0
0.0
0.0
0.0
0.0
0.0
0.0
0.0
0.0
0.0
0.0
0.0
0.0
0.0
0.0
0.0
0.35686274509803917
0.7372549019607844
0.996078431372549
0.996078431372549
0.996078431372549
0.32156862745098036
0.0
0.0
0.0
0.0
0.2196078431372549
0.42352941176470593
0.17647058823529416
0.0
0.0
0.0
0.0
0.0
0.0
0.0
0.0
0.0
0.0
0.0
0.0117647058823529
0.40784313725490196
0.7764705882352941
0.7764705882352941
0.9647058823529412
0.996078431372549
0.996078431372549
0.996078431372549
0.996078431372549
0.32156862745098036
0.0
0.0
0.0
0.0
0.11764705882352944
0.9019607843137255
0.8705882352941177
0.5490196078431373
0.0
0.0
0.0
0.0
0.0
0.0
0.0
0.0
0.0
0.0
0.06666666666666665
0.996078431372549
0.996078431372549
0.996078431372549
0.996078431372549
0.996078431372549
0.996078431372549
0.996078431372549
0.996078431372549
0.32156862745098036
0.0
0.0
0.0
0.0
0.0
0.5568627450980392
0.996078431372549
0.8470588235294118
0.1725490196078432
0.0
0.0
0.0
0.0
0.0
0.0
0.0
0.0
0.0
0.611764705882353
0.996078431372549
0.996078431372549
0.996078431372549
0.996078431372549
0.8901960784313725
0.9803921568627451
0.996078431372549
0.996078431372549
0.32156862745098036
0.0
0.0
0.0
0.0
0.0
0.039215686274509776
0.6470588235294117
0.996078431372549
0.8980392156862745
0.0
0.0
0.0
0.0
0.0
0.0
0.0
0.0
0.0
0.7137254901960784
0.996078431372549
0.996078431372549
0.996078431372549
0.8901960784313725
0.20392156862745103
0.9058823529411765
0.996078431372549
0.8196078431372549
0.14509803921568631
0.0
0.0
0.0
0.0
0.0
0.12549019607843137
0.8117647058823529
0.996078431372549
0.996078431372549
0.0
0.0
0.0
0.0
0.0
0.0
0.0
0.0
0.0
0.7137254901960784
0.996078431372549
0.996078431372549
0.5568627450980392
0.07450980392156858
0.0
0.9058823529411765
0.996078431372549
0.6745098039215687
0.0
0.0
0.0
0.0
0.0
0.0
0.22745098039215683
0.996078431372549
0.996078431372549
0.996078431372549
0.0
0.0
0.0
0.0
0.0
0.0
0.0
0.0
0.0
0.7137254901960784
0.996078431372549
0.996078431372549
0.5098039215686274
0.0
0.0
0.9058823529411765
0.996078431372549
0.6745098039215687
0.0
0.0
0.0
0.0
0.0
0.0
0.6274509803921569
0.996078431372549
0.996078431372549
0.996078431372549
0.0
0.0
0.0
0.0
0.0
0.0
0.0
0.0
0.0
0.7137254901960784
0.996078431372549
0.9568627450980393
0.34901960784313724
0.0
0.0
0.9058823529411765
0.996078431372549
0.9882352941176471
0.3137254901960784
0.0
0.0
0.0
0.0
0.5058823529411764
0.996078431372549
0.996078431372549
0.996078431372549
0.3686274509803922
0.0
0.0
0.0
0.0
0.0
0.0
0.0
0.0
0.24705882352941178
0.9058823529411765
0.996078431372549
0.8666666666666667
0.0
0.0
0.0
0.9058823529411765
0.996078431372549
0.996078431372549
0.32156862745098036
0.0
0.0
0.015686274509803977
0.14117647058823535
0.8470588235294118
0.996078431372549
0.996078431372549
0.9686274509803922
0.3411764705882353
0.0
0.0
0.0
0.0
0.0
0.0
0.0
0.0
0.36078431372549025
0.996078431372549
0.996078431372549
0.8666666666666667
0.0
0.0
0.0
0.6549019607843137
0.996078431372549
0.996078431372549
0.5686274509803921
0.0
0.2941176470588235
0.6666666666666667
0.996078431372549
0.996078431372549
0.996078431372549
0.996078431372549
0.05882352941176472
0.0
0.0
0.0
0.0
0.0
0.0
0.0
0.0
0.0
0.36078431372549025
0.996078431372549
0.996078431372549
0.8666666666666667
0.0
0.0
0.0
0.23529411764705888
0.9607843137254902
0.996078431372549
0.9882352941176471
0.7450980392156863
0.9333333333333333
0.996078431372549
1.0
0.9490196078431372
0.7529411764705882
0.2549019607843137
0.015686274509803977
0.0
0.0
0.0
0.0
0.0
0.0
0.0
0.0
0.0
0.36078431372549025
0.996078431372549
0.996078431372549
0.8666666666666667
0.0
0.0
0.0
0.0
0.33725490196078434
0.9843137254901961
0.996078431372549
0.996078431372549
0.996078431372549
0.996078431372549
0.9254901960784314
0.26274509803921564
0.0
0.0
0.0
0.0
0.0
0.0
0.0
0.0
0.0
0.0
0.0
0.0
0.36078431372549025
0.996078431372549
0.996078431372549
0.4509803921568627
0.0
0.0
0.0
0.0
0.0
0.1843137254901961
0.21176470588235297
0.8352941176470589
0.8352941176470589
0.8352941176470589
0.2823529411764706
0.0
0.0
0.0
0.0
0.0
0.0
0.0
0.0
0.0
0.0
0.0
0.0
0.0
0.36078431372549025
0.996078431372549
0.996078431372549
0.8666666666666667
0.0
0.0
0.0
0.0
0.0
0.0
0.0
0.0
0.0
0.0
0.0
0.0
0.0
0.0
0.0
0.0
0.0
0.0
0.0
0.0
0.0
0.0
0.0
0.0
0.5019607843137255
0.996078431372549
0.996078431372549
0.3019607843137255
0.0
0.0
0.0
0.0
0.0
0.0
0.0
0.0
0.0
0.0
0.0
0.0
0.0
0.0
0.0
0.0
0.0
0.0
0.0
0.0
0.0
0.0
0.0
0.0
0.6235294117647059
0.9607843137254902
0.4156862745098039
0.09411764705882353
0.0
0.0
0.0
0.0
0.0
0.0
0.0
0.0
0.0
0.0
0.0
0.0
0.0
0.0
0.0
0.0
0.0
0.0
0.0
0.0
0.0
0.0
0.0
0.0
0.02352941176470591
0.05490196078431375
0.0
0.0
0.0
0.0
0.0
0.0
0.0
0.0
0.0
0.0
0.0
0.0
0.0
0.0
0.0
0.0
0.0
0.0
0.0
0.0
0.0
0.0
0.0
0.0
0.0
0.0
0.0
0.0
0.0
0.0
0.0
0.0
0.0
0.0
0.0
0.0
0.0
0.0
0.0
0.0
0.0
0.0
0.0
0.0
0.0
0.0
0.0
0.0
0.0
0.0
0.0
0.0
0.0
0.0
0.0
0.0
0.0
0.0
0.0
0.0
0.0
0.0
0.0
0.0
0.0
0.0
0.0
0.0
0.0
0.0
0.0
0.0
0.0
0.0
0.0
0.0
0.0
0.0
0.0
0.0
0.0
0.0
0.0
0.0
0.0
0.0
0.0
0.0
0.0
0.0
0.0
0.0
0.0
0.0
0.0
0.0
0.0
0.0
0.0
0.0
0.0
0.0
0.0
0.0
