0.0
0.0
0.0
0.0
0.0
0.0
0.0
0.0
0.0
0.0
0.0
0.0
0.0
0.0
0.0
0.0
0.0
0.0
0.0
0.0
0.0
0.0
0.0
0.0
0.0
0.0
0.0
0.0
0.0
0.0
0.0
0.0
0.0
0.0
0.0
0.0
0.0
0.0
0.0
0.0
0.0
0.0
0.0
0.0
0.0
0.0
0.0
0.0
0.0
0.0
0.0
0.0
0.0
0.0
0.0
0.0
0.0
0.0
0.0
0.0
0.0
0.0
0.0
0.0
0.0
0.0
0.0
0.0
0.0
0.0
0.0
0.0
0.0
0.0
0.0
0.0
0.0
0.0
0.0
0.0
0.0
0.0
0.0
0.0
0.0
0.0
0.0
0.0
0.0
0.0
0.0
0.0
0.0
0.0
0.0
0.0
0.0
0.0
0.0
0.0
0.0
0.0
0.0
0.0
0.0
0.0
0.0
0.0
0.0
0.0
0.0
0.0
0.0
0.0
0.0
0.0
0.0
0.0
0.0
0.0
0.0
0.0
0.0
0.0
0.0
0.0
0.0
0.0
0.0
0.0
0.0
0.0
0.0
0.0
0.0
0.0
0.0
0.0
0.0
0.0
0.0
0.0
0.0
0.0
0.0
0.0
0.0
0.0
0.0
0.0
0.0
0.0
0.0
0.0
0.0
0.0
0.0
0.0
0.0
0.0
0.0
0.0
0.0
0.0
0.0
0.0
0.0
0.0
0.0
0.0
0.0
0.0
0.0
0.0
0.0
0.0
0.0
0.0
0.0
0.0
0.0
0.0
0.0
0.0
0.0
0.0
0.0
0.0
0.0
0.0
0.0
0.0
0.0
0.0
0.0
0.0
0.0
0.0
0.0
0.0
0.0
0.0
0.0
0.0
0.0
0.0
0.0
0.0
0.0
0.0
0.0
0.0
0.0
0.0
0.0
0.0
0.0
0.0
0.0
0.0
0.0
0.0
0.0
0.0
0.0
0.0
0.0
0.0
0.0
0.0
0.0
0.0
0.0
0.0
0.0
0.0
0.0
0.0
0.0
0.0
0.0
0.0
0.0
0.0
0.0
0.0
0.0
0.0
0.0
0.0
0.0
0.0
0.0
0.0
0.0
0.0
0.0
0.0
0.0862745098039216
0.596078431372549
0.596078431372549
0.596078431372549
0.33725490196078434
0.04313725490196074
0.0
0.0
0.0
0.0
0.0
0.0
0.0
0.11764705882352944
0.5254901960784314
0.3647058823529412
0.050980392156862786
0.0
0.0
0.0
0.0
0.0
0.0
0.0
0.0
0.0
0.0
0.23529411764705888
0.807843137254902
0.996078431372549
0.996078431372549
0.996078431372549
0.996078431372549
0.6588235294117647
0.16470588235294115
0.0
0.0
0.0
0.0
0.26274509803921564
0.5450980392156863
0.9176470588235294
0.996078431372549
0.996078431372549
0.7019607843137254
0.04705882352941182
0.0
0.0
0.0
0.0
0.0
0.0
0.0
0.0
0.007843137254901933
0.7372549019607844
0.996078431372549
0.9725490196078431
0.6352941176470588
0.7294117647058824
0.9647058823529412
0.996078431372549
0.8941176470588236
0.03529411764705881
0.0
0.0039215686274509665
0.4274509803921569
0.9803921568627451
0.996078431372549
0.9686274509803922
0.7725490196078432
0.9803921568627451
0.996078431372549
0.3647058823529412
0.0
0.0
0.0
0.0
0.0
0.0
0.0
0.0
0.15294117647058825
0.996078431372549
0.9843137254901961
0.15294117647058825
0.0
0.0
0.07450980392156858
0.7725490196078432
0.996078431372549
0.8235294117647058
0.04313725490196074
0.43529411764705883
0.996078431372549
0.996078431372549
0.8509803921568627
0.1215686274509804
0.0
0.5529411764705883
0.996078431372549
0.996078431372549
0.0
0.0
0.0
0.0
0.0
0.0
0.0
0.0
0.4784313725490196
0.996078431372549
0.6470588235294117
0.0
0.0
0.0
0.0
0.08235294117647063
0.788235294117647
0.996078431372549
0.8156862745098039
0.9843137254901961
0.996078431372549
0.5568627450980392
0.1098039215686275
0.0
0.0
0.22745098039215683
0.996078431372549
0.996078431372549
0.0
0.0
0.0
0.0
0.0
0.0
0.0
0.0
0.39607843137254906
0.996078431372549
0.34509803921568627
0.0
0.0
0.0
0.0
0.0
0.07058823529411762
0.8235294117647058
0.996078431372549
0.996078431372549
0.5725490196078431
0.015686274509803977
0.0
0.0
0.0
0.12941176470588234
0.996078431372549
0.996078431372549
0.0
0.0
0.0
0.0
0.0
0.0
0.0
0.0
0.6666666666666667
0.996078431372549
0.12549019607843137
0.0
0.0
0.0
0.0
0.0
0.22745098039215683
0.8705882352941177
0.996078431372549
0.996078431372549
0.7607843137254902
0.2941176470588235
0.0117647058823529
0.0
0.0
0.12941176470588234
0.996078431372549
0.996078431372549
0.0
0.0
0.0
0.0
0.0
0.0
0.0
0.0
0.6627450980392157
0.996078431372549
0.12549019607843137
0.0
0.0
0.0
0.0
0.12549019607843137
0.9450980392156862
0.996078431372549
0.7098039215686274
0.9764705882352941
0.996078431372549
0.996078431372549
0.5686274509803921
0.11764705882352944
0.0
0.12941176470588234
0.996078431372549
0.996078431372549
0.0
0.0
0.0
0.0
0.0
0.0
0.0
0.0
0.36078431372549025
0.996078431372549
0.12549019607843137
0.0
0.0
0.0
0.13725490196078427
0.8588235294117648
0.9921568627450981
0.3686274509803922
0.015686274509803977
0.12941176470588234
0.9686274509803922
0.996078431372549
0.996078431372549
0.9568627450980393
0.9372549019607843
0.9450980392156862
0.996078431372549
0.596078431372549
0.0
0.0
0.0
0.0
0.0
0.0
0.0
0.0
0.15294117647058825
0.996078431372549
0.40784313725490196
0.0
0.0
0.12941176470588234
0.8705882352941177
0.996078431372549
0.5490196078431373
0.0
0.0
0.0
0.22745098039215683
0.5019607843137255
0.8901960784313725
1.0
0.996078431372549
0.996078431372549
0.9333333333333333
0.2588235294117647
0.0
0.0
0.0
0.0
0.0
0.0
0.0
0.0
0.03137254901960784
0.7764705882352941
0.9058823529411765
0.1568627450980392
0.12549019607843137
0.6705882352941177
0.996078431372549
0.7019607843137254
0.050980392156862786
0.0
0.0
0.0
0.0
0.0
0.10196078431372546
0.18823529411764706
0.5411764705882354
0.611764705882353
0.26274509803921564
0.0
0.0
0.0
0.0
0.0
0.0
0.0
0.0
0.0
0.0
0.28627450980392155
0.9372549019607843
0.9764705882352941
0.9725490196078431
0.9490196078431372
0.5450980392156863
0.0117647058823529
0.0
0.0
0.0
0.0
0.0
0.0
0.0
0.0
0.0
0.0
0.0
0.0
0.0
0.0
0.0
0.0
0.0
0.0
0.0
0.0
0.0
0.0
0.1568627450980392
0.996078431372549
0.807843137254902
0.21176470588235297
0.0
0.0
0.0
0.0
0.0
0.0
0.0
0.0
0.0
0.0
0.0
0.0
0.0
0.0
0.0
0.0
0.0
0.0
0.0
0.0
0.0
0.0
0.0
0.0
0.0039215686274509665
0.1686274509803921
0.04313725490196074
0.0
0.0
0.0
0.0
0.0
0.0
0.0
0.0
0.0
0.0
0.0
0.0
0.0
0.0
0.0
0.0
0.0
0.0
0.0
0.0
0.0
0.0
0.0
0.0
0.0
0.0
0.0
0.0
0.0
0.0
0.0
0.0
0.0
0.0
0.0
0.0
0.0
0.0
0.0
0.0
0.0
0.0
0.0
0.0
0.0
0.0
0.0
0.0
0.0
0.0
0.0
0.0
0.0
0.0
0.0
0.0
0.0
0.0
0.0
0.0
0.0
0.0
0.0
0.0
0.0
0.0
0.0
0.0
0.0
0.0
0.0
0.0
0.0
0.0
0.0
0.0
0.0
0.0
0.0
0.0
0.0
0.0
0.0
0.0
0.0
0.0
0.0
0.0
0.0
0.0
0.0
0.0
0.0
0.0
0.0
0.0
0.0
0.0
0.0
0.0
0.0
0.0
0.0
0.0
0.0
0.0
0.0
0.0
0.0
0.0
0.0
0.0
0.0
0.0
0.0
0.0
0.0
0.0
0.0
0.0
0.0
0.0
0.0
0.0
0.0
0.0
0.0
0.0
0.0
0.0
0.0
0.0
0.0
0.0
0.0
0.0
0.0
0.0
0.0
0.0
0.0
0.0
0.0
0.0
0.0
0.0
0.0
0.0
0.0
0.0
0.0
0.0
0.0
0.0
0.0
0.0
0.0
0.0
0.0
