0.0
0.0
0.0
0.0
0.0
0.0
0.0
0.0
0.0
0.0
0.0
0.0
0.0
0.0
0.0
0.0
0.0
0.0
0.0
0.0
0.0
0.0
0.0
0.0
0.0
0.0
0.0
0.0
0.0
0.0
0.0
0.0
0.0
0.0
0.0
0.0
0.0
0.0
0.0
0.0
0.0
0.0
0.0
0.0
0.0
0.0
0.0
0.0
0.0
0.0
0.0
0.0
0.0
0.0
0.0
0.0
0.0
0.0
0.0
0.0
0.0
0.0
0.0
0.0
0.0
0.0
0.0
0.0
0.0
0.0
0.0
0.0
0.0
0.0
0.0
0.0
0.0
0.0
0.0
0.0
0.0
0.0
0.0
0.0
0.0
0.0
0.0
0.0
0.0
0.0
0.0
0.0
0.0
0.0
0.0
0.0
0.0
0.0
0.0
0.0
0.0
0.0
0.0
0.0
0.0
0.0
0.0
0.0
0.0
0.0
0.0
0.0
0.0
0.0
0.0
0.0
0.0
0.0
0.0
0.0
0.0
0.0
0.0
0.0
0.0
0.0
0.0
0.0
0.0
0.0
0.0
0.0
0.0
0.0
0.0
0.0
0.0
0.0
0.0
0.0
0.0
0.0
0.0
0.0
0.0
0.0
0.0
0.0
0.0
0.0
0.0
0.0
0.0
0.0
0.0
0.0
0.0
0.0
0.07058823529411762
0.8941176470588235
0.7725490196078432
0.0
0.0
0.0
0.0
0.0
0.0
0.0
0.0
0.0
0.0
0.0
0.0
0.0
0.0
0.0
0.0
0.0
0.0
0.0
0.0
0.0
0.0
0.0
0.0
0.050980392156862786
0.7843137254901961
0.996078431372549
0.7686274509803921
0.0
0.0
0.0
0.0
0.0
0.0
0.0
0.0
0.0
0.0
0.0
0.0
0.0
0.0
0.0
0.0
0.0
0.0
0.0
0.0
0.0
0.0
0.0
0.0
0.16078431372549018
0.9803921568627452
0.9803921568627452
0.5294117647058824
0.0
0.0
0.0
0.0
0.0
0.0
0.0
0.0
0.0
0.0
0.0
0.0
0.0
0.0
0.0
0.0
0.0
0.0
0.0
0.0
0.0
0.0
0.0
0.0
0.49411764705882355
0.9568627450980391
0.9607843137254902
0.3058823529411765
0.0
0.0
0.0
0.0
0.0
0.0
0.0
0.0
0.0
0.0
0.0
0.0
0.0
0.0
0.0
0.0
0.0
0.0
0.0
0.10196078431372546
0.37254901960784315
0.05490196078431375
0.0
0.015686274509803977
0.807843137254902
0.996078431372549
0.9019607843137255
0.06666666666666665
0.0
0.0
0.0
0.0
0.0
0.0
0.0
0.0
0.0
0.0
0.0
0.0
0.0
0.0
0.0
0.0
0.0
0.04705882352941182
0.4862745098039216
0.9137254901960784
0.996078431372549
0.26274509803921564
0.0
0.2666666666666667
0.996078431372549
0.996078431372549
0.5725490196078431
0.0
0.0
0.0
0.0
0.0
0.0
0.0
0.0
0.0
0.0
0.0
0.0
0.0
0.0
0.0
0.0
0.039215686274509776
0.39607843137254906
0.8549019607843137
0.996078431372549
0.8549019607843137
0.25098039215686274
0.0
0.0
0.41960784313725485
0.996078431372549
0.7803921568627451
0.02352941176470591
0.0
0.0
0.0
0.0
0.0
0.0
0.0
0.0
0.0
0.0
0.0
0.0
0.0
0.0
0.0
0.0
0.6392156862745098
0.996078431372549
0.9372549019607843
0.5490196078431373
0.05882352941176472
0.0
0.0
0.0
0.603921568627451
0.996078431372549
0.5098039215686274
0.0
0.0
0.0
0.0
0.0
0.0
0.0
0.0
0.0
0.0
0.0
0.0
0.0
0.0
0.0
0.0
0.21568627450980393
0.9843137254901961
0.7803921568627451
0.09019607843137256
0.0
0.0
0.0
0.0
0.13725490196078427
0.8980392156862745
0.8196078431372549
0.19999999999999996
0.0
0.0
0.0
0.0
0.0
0.0
0.0
0.0
0.0
0.0
0.0
0.0
0.0
0.0
0.0
0.0
0.4549019607843138
0.8901960784313725
0.06666666666666665
0.0
0.0
0.0
0.0
0.0
0.49411764705882355
0.996078431372549
0.5450980392156863
0.0
0.0
0.0
0.0
0.0
0.0
0.0
0.0
0.0
0.0
0.0
0.0
0.0
0.0
0.0
0.0
0.0
0.6705882352941177
0.7215686274509804
0.0
0.0
0.0
0.0
0.0
0.26274509803921564
0.996078431372549
1.0
0.5450980392156863
0.0
0.0
0.0
0.0
0.0
0.0
0.0
0.0
0.0
0.0
0.0
0.0
0.0
0.0
0.0
0.0
0.07058823529411762
0.9294117647058824
0.5098039215686274
0.0
0.0
0.0
0.0
0.14901960784313728
0.8
0.7176470588235294
0.8941176470588235
0.5450980392156863
0.0
0.0
0.0
0.0
0.0
0.0
0.0
0.0
0.0
0.0
0.0
0.0
0.0
0.0
0.0
0.0
0.05882352941176472
0.9019607843137255
0.6470588235294117
0.0
0.0
0.0
0.2588235294117647
0.792156862745098
0.807843137254902
0.07450980392156858
0.603921568627451
0.7843137254901961
0.0
0.0
0.0
0.0
0.0
0.0
0.0
0.0
0.0
0.0
0.0
0.0
0.0
0.0
0.0
0.0
0.0
0.584313725490196
0.9058823529411765
0.28627450980392155
0.20392156862745103
0.5333333333333333
0.9098039215686274
0.6588235294117647
0.07450980392156858
0.0
0.41960784313725485
0.9254901960784314
0.0862745098039216
0.0
0.0
0.0
0.0
0.0
0.0
0.0
0.0
0.0
0.0
0.0
0.0
0.0
0.0
0.0
0.0
0.06666666666666665
0.8509803921568627
0.996078431372549
0.996078431372549
0.9529411764705882
0.6352941176470588
0.015686274509803977
0.0
0.0
0.2666666666666667
0.996078431372549
0.19215686274509802
0.0
0.0
0.0
0.0
0.0
0.0
0.0
0.0
0.0
0.0
0.0
0.0
0.0
0.0
0.0
0.0
0.0
0.12941176470588234
0.48235294117647054
0.48235294117647054
0.14901960784313728
0.0
0.0
0.0
0.0
0.04705882352941182
0.8784313725490196
0.36078431372549025
0.0
0.0
0.0
0.0
0.0
0.0
0.0
0.0
0.0
0.0
0.0
0.0
0.0
0.0
0.0
0.0
0.0
0.0
0.0
0.0
0.0
0.0
0.0
0.0
0.0
0.0
0.7725490196078432
0.6901960784313725
0.0
0.0
0.0
0.0
0.0
0.0
0.0
0.0
0.0
0.0
0.0
0.0
0.0
0.0
0.0
0.0
0.0
0.0
0.0
0.0
0.0
0.0
0.0
0.0
0.0
0.0
0.48235294117647054
0.8745098039215686
0.04313725490196074
0.0
0.0
0.0
0.0
0.0
0.0
0.0
0.0
0.0
0.0
0.0
0.0
0.0
0.0
0.0
0.0
0.0
0.0
0.0
0.0
0.0
0.0
0.0
0.0
0.0
0.14901960784313728
0.996078431372549
0.4509803921568627
0.0
0.0
0.0
0.0
0.0
0.0
0.0
0.0
0.0
0.0
0.0
0.0
0.0
0.0
0.0
0.0
0.0
0.0
0.0
0.0
0.0
0.0
0.0
0.0
0.0
0.0039215686274509665
0.5019607843137255
0.8
0.0
0.0
0.0
0.0
0.0
0.0
0.0
0.0
0.0
0.0
0.0
0.0
0.0
0.0
0.0
0.0
0.0
0.0
0.0
0.0
0.0
0.0
0.0
0.0
0.0
0.0
0.0
0.0
0.0
0.0
0.0
0.0
0.0
0.0
0.0
0.0
0.0
0.0
0.0
0.0
0.0
0.0
0.0
0.0
0.0
0.0
0.0
0.0
0.0
0.0
0.0
0.0
0.0
0.0
0.0
0.0
0.0
0.0
0.0
0.0
0.0
0.0
0.0
0.0
0.0
0.0
0.0
0.0
0.0
0.0
0.0
0.0
0.0
0.0
0.0
0.0
0.0
0.0
0.0
0.0
0.0
0.0
0.0
0.0
0.0
0.0
0.0
0.0
0.0
0.0
0.0
0.0
