0.0
0.0
0.0
0.0
0.0
0.0
0.0
0.0
0.0
0.0
0.0
0.0
0.0
0.0
0.0
0.0
0.0
0.0
0.0
0.0
0.0
0.0
0.0
0.0
0.0
0.0
0.0
0.0
0.0
0.0
0.0
0.0
0.0
0.0
0.0
0.0
0.0
0.0
0.0
0.0
0.0
0.0
0.0
0.0
0.0
0.0
0.0
0.0
0.0
0.0
0.0
0.0
0.0
0.0
0.0
0.0
0.0
0.0
0.0
0.0
0.0
0.0
0.0
0.0
0.0
0.0
0.0
0.0
0.0
0.0
0.0
0.0
0.0
0.0
0.0
0.0
0.0
0.0
0.0
0.0
0.0
0.0
0.0
0.0
0.0
0.0
0.0
0.0
0.0
0.0
0.0
0.0
0.0
0.0
0.0
0.0
0.0
0.0
0.0
0.0
0.0
0.0
0.0
0.0
0.0
0.0
0.0
0.0
0.0
0.0
0.0
0.0
0.0
0.0
0.0
0.0
0.0
0.0
0.0
0.0
0.0
0.0
0.0
0.0
0.0
0.0
0.0
0.0
0.0
0.0
0.0
0.0
0.0
0.0
0.0
0.0
0.0
0.0
0.0
0.0
0.0
0.0
0.0
0.0
0.0
0.0
0.0
0.0
0.0
0.0
0.0
0.0
0.0
0.0
0.0
0.0
0.0
0.0
0.0
0.0
0.0
0.0
0.0
0.0
0.0
0.0
0.0
0.0
0.0
0.0
0.0
0.0
0.0
0.0
0.0
0.25098039215686274
0.29803921568627456
0.0980392156862745
0.0
0.0
0.0
0.0
0.0
0.0
0.0
0.0
0.0
0.0
0.0
0.0
0.21176470588235297
0.27450980392156865
0.0
0.0
0.0
0.0
0.0
0.0
0.0
0.0
0.0
0.0
0.08235294117647063
0.8705882352941177
0.9921568627450981
0.7294117647058824
0.0
0.0
0.0
0.0
0.0
0.0
0.0
0.0
0.0
0.0
0.0
0.18823529411764706
0.9215686274509804
0.9725490196078431
0.34901960784313724
0.0
0.0
0.0
0.0
0.0
0.0
0.0
0.0
0.0
0.1215686274509804
0.8862745098039215
0.9921568627450981
0.49411764705882355
0.0
0.0
0.0
0.0
0.0
0.0
0.0
0.0
0.0
0.0
0.0
0.607843137254902
0.9921568627450981
0.9921568627450981
0.4549019607843138
0.0
0.0
0.0
0.0
0.0
0.0
0.0
0.0
0.0
0.22745098039215683
0.9294117647058824
0.9921568627450981
0.32156862745098036
0.0
0.0
0.0
0.019607843137254943
0.05490196078431375
0.04705882352941182
0.0
0.0
0.0
0.0
0.0
0.7803921568627451
0.9921568627450981
0.9921568627450981
0.4549019607843138
0.0
0.0
0.0
0.0
0.0
0.0
0.0
0.0
0.0
0.3803921568627451
0.9921568627450981
0.8823529411764706
0.1568627450980392
0.0
0.0
0.0
0.3529411764705882
0.9921568627450981
0.9019607843137255
0.18039215686274512
0.0
0.0
0.0
0.0
0.7803921568627451
0.9921568627450981
0.9921568627450981
0.4549019607843138
0.0
0.0
0.0
0.0
0.0
0.0
0.0
0.0
0.0
0.611764705882353
0.9921568627450981
0.7764705882352941
0.0
0.0
0.0
0.0
0.3529411764705882
0.9921568627450981
0.9921568627450981
0.34901960784313724
0.0
0.0
0.0
0.0
0.15294117647058825
0.8666666666666667
0.9921568627450981
0.6862745098039216
0.0
0.0
0.0
0.0
0.0
0.0
0.0
0.0
0.0
0.9176470588235295
0.9921568627450981
0.7764705882352941
0.0
0.0
0.0
0.0
0.3529411764705882
0.9921568627450981
0.9921568627450981
0.34901960784313724
0.0
0.0
0.0
0.0
0.0
0.7019607843137254
0.9921568627450981
0.9921568627450981
0.0
0.0
0.0
0.0
0.0
0.0
0.0
0.0
0.3764705882352941
0.9803921568627452
0.9921568627450981
0.6313725490196078
0.0
0.0
0.0
0.0
0.788235294117647
0.9921568627450981
0.9921568627450981
0.34901960784313724
0.0
0.0
0.0
0.0
0.0
0.7019607843137254
0.9921568627450981
0.9921568627450981
0.0
0.0
0.0
0.0
0.0
0.0
0.0
0.0
0.5607843137254902
0.9921568627450981
0.9921568627450981
0.23921568627450984
0.0
0.0
0.0
0.0
0.8901960784313725
0.9921568627450981
0.9921568627450981
0.34901960784313724
0.0
0.0
0.0
0.0
0.04705882352941182
0.7568627450980392
0.9921568627450981
0.9921568627450981
0.0
0.0
0.0
0.0
0.0
0.0
0.0
0.0
1.0
0.9921568627450981
0.9921568627450981
0.23921568627450984
0.0
0.0
0.0
0.3411764705882353
0.9568627450980391
0.9921568627450981
0.8705882352941177
0.1215686274509804
0.0
0.0
0.0
0.0
0.3058823529411765
0.9921568627450981
0.9921568627450981
0.6392156862745098
0.0
0.0
0.0
0.0
0.0
0.0
0.0
0.0
0.996078431372549
0.9921568627450981
0.9921568627450981
0.23921568627450984
0.0
0.04705882352941182
0.5647058823529412
0.9843137254901961
0.9921568627450981
0.9921568627450981
0.803921568627451
0.0
0.0
0.015686274509803977
0.25098039215686274
0.5647058823529412
0.9019607843137255
0.9921568627450981
0.9450980392156862
0.196078431372549
0.0
0.0
0.0
0.0
0.0
0.0
0.0
0.0
0.996078431372549
0.9921568627450981
0.9921568627450981
0.5019607843137255
0.06666666666666665
0.788235294117647
0.9921568627450981
0.9921568627450981
0.9921568627450981
0.9921568627450981
0.8941176470588235
0.22352941176470587
0.4901960784313726
0.7333333333333334
0.9921568627450981
0.9921568627450981
0.9921568627450981
0.9921568627450981
0.6470588235294117
0.0
0.0
0.0
0.0
0.0
0.0
0.0
0.0
0.0
0.3019607843137255
0.9607843137254902
0.9921568627450981
0.9803921568627452
0.9490196078431372
0.9921568627450981
0.9921568627450981
0.9921568627450981
0.9921568627450981
0.9921568627450981
0.9921568627450981
0.9647058823529412
0.9921568627450981
0.9921568627450981
0.9921568627450981
0.9921568627450981
0.8941176470588235
0.207843137254902
0.019607843137254943
0.0
0.0
0.0
0.0
0.0
0.0
0.0
0.0
0.0
0.0
0.615686274509804
0.9411764705882353
0.9921568627450981
0.9921568627450981
0.9921568627450981
0.8235294117647058
0.6666666666666667
0.6666666666666667
0.9333333333333333
0.9921568627450981
0.9921568627450981
0.9921568627450981
0.9921568627450981
0.6823529411764706
0.6666666666666667
0.21568627450980393
0.0
0.0
0.0
0.0
0.0
0.0
0.0
0.0
0.0
0.0
0.0
0.0
0.0
0.18039215686274512
0.3294117647058824
0.7490196078431373
0.43137254901960786
0.10588235294117643
0.0
0.0
0.1725490196078432
0.3137254901960784
0.7490196078431373
0.44313725490196076
0.21176470588235297
0.0117647058823529
0.0
0.0
0.0
0.0
0.0
0.0
0.0
0.0
0.0
0.0
0.0
0.0
0.0
0.0
0.0
0.0
0.0
0.0
0.0
0.0
0.0
0.0
0.0
0.0
0.0
0.0
0.0
0.0
0.0
0.0
0.0
0.0
0.0
0.0
0.0
0.0
0.0
0.0
0.0
0.0
0.0
0.0
0.0
0.0
0.0
0.0
0.0
0.0
0.0
0.0
0.0
0.0
0.0
0.0
0.0
0.0
0.0
0.0
0.0
0.0
0.0
0.0
0.0
0.0
0.0
0.0
0.0
0.0
0.0
0.0
0.0
0.0
0.0
0.0
0.0
0.0
0.0
0.0
0.0
0.0
0.0
0.0
0.0
0.0
0.0
0.0
0.0
0.0
0.0
0.0
0.0
0.0
0.0
0.0
0.0
0.0
0.0
0.0
0.0
0.0
0.0
0.0
0.0
0.0
0.0
0.0
0.0
0.0
0.0
0.0
0.0
0.0
0.0
0.0
0.0
0.0
0.0
0.0
0.0
0.0
0.0
0.0
0.0
0.0
0.0
0.0
0.0
0.0
0.0
0.0
0.0
0.0
0.0
0.0
0.0
0.0
0.0
0.0
0.0
0.0
0.0
0.0
0.0
0.0
0.0
0.0
0.0
0.0
0.0
0.0
0.0
0.0
0.0
0.0
0.0
0.0
0.0
0.0
0.0
0.0
0.0
0.0
0.0
0.0
0.0
0.0
0.0
0.0
0.0
0.0
0.0
0.0
0.0
0.0
0.0
0.0
0.0
0.0
0.0
0.0
0.0
0.0
0.0
0.0
0.0
0.0
0.0
0.0
0.0
0.0
0.0
0.0
0.0
0.0
0.0
0.0
0.0
0.0
0.0
0.0
0.0
0.0
0.0
0.0
