0.0
0.0
0.0
0.0
0.0
0.0
0.0
0.0
0.0
0.0
0.0
0.0
0.0
0.0
0.0
0.0
0.0
0.0
0.0
0.0
0.0
0.0
0.0
0.0
0.0
0.0
0.0
0.0
0.0
0.0
0.0
0.0
0.0
0.0
0.0
0.0
0.0
0.0
0.0
0.0
0.0
0.0
0.0
0.0
0.0
0.0
0.0
0.0
0.0
0.0
0.0
0.0
0.0
0.0
0.0
0.0
0.0
0.0
0.0
0.0
0.0
0.0
0.0
0.0
0.0
0.0
0.0
0.0
0.0
0.0
0.0
0.0
0.0
0.0
0.0
0.0
0.0
0.0
0.0
0.0
0.0
0.0
0.0
0.0
0.0
0.0
0.0
0.0
0.0
0.0
0.0
0.0
0.0
0.0
0.0
0.0
0.0
0.0
0.0
0.0
0.0
0.0
0.0
0.0
0.0
0.0
0.0
0.0
0.0
0.0
0.0
0.0
0.0
0.0
0.0
0.0
0.0
0.0
0.0
0.0
0.0
0.0
0.0
0.0
0.0
0.0
0.0
0.0
0.0
0.0
0.0
0.0
0.0
0.0
0.0
0.0
0.0
0.0
0.0
0.0
0.0
0.0
0.0
0.0
0.0
0.0
0.0
0.0
0.0
0.0
0.0
0.0
0.0
0.0
0.0
0.0
0.0
0.0
0.0
0.0
0.0
0.0
0.0
0.0
0.0
0.0
0.0
0.0
0.0
0.0
0.0
0.0
0.0
0.0
0.0
0.0
0.0
0.0
0.0
0.0
0.0
0.0
0.0
0.0
0.0
0.0
0.04313725490196074
0.35686274509803917
0.4549019607843138
0.4549019607843138
0.42352941176470593
0.027450980392156876
0.0
0.0
0.0
0.0
0.0
0.0
0.0
0.0
0.0
0.0
0.0
0.0
0.0
0.0
0.0
0.0
0.0
0.0
0.0
0.0
0.0
0.19999999999999996
0.7803921568627451
0.9921568627450981
0.996078431372549
0.9921568627450981
0.9921568627450981
0.403921568627451
0.0
0.0
0.0
0.0
0.0
0.0
0.0
0.0
0.0
0.0
0.0
0.0
0.0
0.0
0.0
0.0
0.0
0.0
0.0
0.0
0.37254901960784315
0.9607843137254902
0.9686274509803922
0.7215686274509804
0.3647058823529412
0.43137254901960786
0.9450980392156862
0.8627450980392157
0.0
0.0
0.0
0.0
0.0
0.0
0.0
0.0
0.0
0.0
0.0
0.0
0.0
0.0
0.0
0.0
0.0
0.0
0.0862745098039216
0.44705882352941173
0.996078431372549
0.8235294117647058
0.2784313725490196
0.0
0.0
0.0
0.8117647058823529
0.9921568627450981
0.0
0.0
0.0
0.0
0.0
0.0
0.0
0.0
0.0
0.050980392156862786
0.09411764705882353
0.09411764705882353
0.06666666666666665
0.0
0.0
0.0
0.0
0.019607843137254943
0.7647058823529411
0.9921568627450981
0.803921568627451
0.11372549019607847
0.0
0.0
0.0
0.0
0.8117647058823529
0.9921568627450981
0.0
0.0
0.0
0.0
0.0
0.0
0.0
0.0
0.10196078431372546
0.8392156862745098
0.9921568627450981
0.9921568627450981
0.9215686274509804
0.5254901960784314
0.06666666666666665
0.0
0.0
0.44705882352941173
0.9921568627450981
0.8588235294117648
0.0
0.0
0.0
0.0
0.0
0.06666666666666665
0.8784313725490196
0.9921568627450981
0.0
0.0
0.0
0.0
0.0
0.0
0.0
0.0
0.27450980392156865
0.996078431372549
0.996078431372549
0.996078431372549
0.996078431372549
0.996078431372549
0.7960784313725491
0.07450980392156858
0.0
0.9058823529411765
0.803921568627451
0.0
0.0
0.0
0.0
0.0
0.0
0.1333333333333333
0.9450980392156862
0.8627450980392157
0.0
0.0
0.0
0.0
0.0
0.0
0.0
0.0
0.47058823529411764
0.9921568627450981
0.5764705882352941
0.09019607843137256
0.09019607843137256
0.4862745098039216
0.9568627450980393
0.9254901960784314
0.5098039215686274
0.9843137254901961
0.21176470588235297
0.0
0.0
0.0
0.0
0.0
0.0
0.1686274509803921
0.9764705882352941
0.6588235294117647
0.0
0.0
0.0
0.0
0.0
0.0
0.0
0.0
0.6313725490196078
0.9921568627450981
0.2431372549019608
0.0
0.0
0.0
0.3529411764705882
0.9921568627450981
0.996078431372549
0.8431372549019608
0.27450980392156865
0.8117647058823529
0.0
0.0
0.0
0.0
0.0
0.34901960784313724
0.9921568627450981
0.596078431372549
0.0
0.0
0.0
0.0
0.0
0.0
0.0
0.0
0.6313725490196078
0.9921568627450981
0.18039215686274512
0.0
0.0
0.0
0.027450980392156876
0.403921568627451
0.996078431372549
0.8745098039215686
0.7803921568627451
0.8588235294117648
0.0
0.0
0.0
0.0
0.10196078431372546
0.8392156862745098
0.9254901960784314
0.07450980392156858
0.0
0.0
0.0
0.0
0.0
0.0
0.0
0.0
0.7333333333333334
0.996078431372549
0.18039215686274512
0.0
0.0
0.0
0.0
0.0
0.5333333333333333
0.996078431372549
0.996078431372549
0.996078431372549
0.19999999999999996
0.0
0.0
0.33333333333333337
0.8666666666666667
0.996078431372549
0.5725490196078431
0.0
0.0
0.0
0.0
0.0
0.0
0.0
0.0
0.0
0.7960784313725491
0.9921568627450981
0.24705882352941178
0.0
0.0
0.0
0.0
0.06666666666666665
0.6666666666666667
0.9921568627450981
0.9921568627450981
0.9921568627450981
0.9725490196078431
0.9019607843137255
0.9019607843137255
0.9686274509803922
0.996078431372549
0.6274509803921569
0.08235294117647063
0.0
0.0
0.0
0.0
0.0
0.0
0.0
0.0
0.0
0.44705882352941173
0.9843137254901961
0.8784313725490196
0.4549019607843138
0.0
0.019607843137254943
0.388235294117647
0.7803921568627451
0.996078431372549
0.8745098039215686
0.3764705882352941
0.44313725490196076
0.5411764705882354
0.5372549019607843
0.5372549019607843
0.5372549019607843
0.3137254901960784
0.015686274509803977
0.0
0.0
0.0
0.0
0.0
0.0
0.0
0.0
0.0
0.0
0.0
0.3137254901960784
0.792156862745098
0.9921568627450981
0.4980392156862745
0.7411764705882353
0.9921568627450981
0.8588235294117648
0.6313725490196078
0.1568627450980392
0.0
0.0
0.0
0.0
0.0
0.0
0.0
0.0
0.0
0.0
0.0
0.0
0.0
0.0
0.0
0.0
0.0
0.0
0.0
0.0
0.06666666666666665
0.8235294117647058
1.0
0.9450980392156862
0.6901960784313725
0.0980392156862745
0.0
0.0
0.0
0.0
0.0
0.0
0.0
0.0
0.0
0.0
0.0
0.0
0.0
0.0
0.0
0.0
0.0
0.0
0.0
0.0
0.0
0.0
0.0
0.03529411764705881
0.4509803921568627
0.23529411764705888
0.0
0.0
0.0
0.0
0.0
0.0
0.0
0.0
0.0
0.0
0.0
0.0
0.0
0.0
0.0
0.0
0.0
0.0
0.0
0.0
0.0
0.0
0.0
0.0
0.0
0.0
0.0
0.0
0.0
0.0
0.0
0.0
0.0
0.0
0.0
0.0
0.0
0.0
0.0
0.0
0.0
0.0
0.0
0.0
0.0
0.0
0.0
0.0
0.0
0.0
0.0
0.0
0.0
0.0
0.0
0.0
0.0
0.0
0.0
0.0
0.0
0.0
0.0
0.0
0.0
0.0
0.0
0.0
0.0
0.0
0.0
0.0
0.0
0.0
0.0
0.0
0.0
0.0
0.0
0.0
0.0
0.0
0.0
0.0
0.0
0.0
0.0
0.0
0.0
0.0
0.0
0.0
0.0
0.0
0.0
0.0
0.0
0.0
0.0
0.0
0.0
0.0
0.0
0.0
0.0
0.0
0.0
0.0
0.0
0.0
0.0
0.0
0.0
0.0
0.0
0.0
0.0
0.0
0.0
0.0
0.0
0.0
0.0
0.0
0.0
0.0
0.0
0.0
0.0
0.0
0.0
0.0
0.0
0.0
0.0
0.0
0.0
0.0
0.0
0.0
0.0
0.0
0.0
0.0
0.0
0.0
0.0
0.0
0.0
0.0
0.0
0.0
0.0
0.0
0.0
0.0
0.0
0.0
0.0
0.0
0.0
0.0
0.0
0.0
0.0
0.0
0.0
0.0
0.0
0.0
0.0
0.0
0.0
0.0
0.0
0.0
0.0
0.0
0.0
0.0
0.0
0.0
0.0
0.0
0.0
0.0
