0.0
0.0
0.0
0.0
0.0
0.0
0.0
0.0
0.0
0.0
0.0
0.0
0.0
0.0
0.0
0.0
0.0
0.0
0.0
0.0
0.0
0.0
0.0
0.0
0.0
0.0
0.0
0.0
0.0
0.0
0.0
0.0
0.0
0.0
0.0
0.0
0.0
0.0
0.0
0.0
0.0
0.0
0.0
0.0
0.0
0.0
0.0
0.0
0.0
0.0
0.0
0.0
0.0
0.0
0.0
0.0
0.0
0.0
0.0
0.0
0.0
0.0
0.0
0.0
0.0
0.0
0.0
0.0
0.0
0.0
0.0
0.0
0.0
0.0
0.0
0.0
0.0
0.0
0.0
0.0
0.0
0.0
0.0
0.0
0.0
0.0
0.0
0.0
0.0
0.0
0.0
0.0
0.0
0.0
0.0
0.0
0.0
0.0
0.0
0.0
0.0
0.0
0.0
0.0
0.0
0.0
0.0
0.0
0.0
0.0
0.0
0.0
0.0
0.0
0.0
0.0
0.0
0.0
0.0
0.0
0.0
0.0
0.0
0.0
0.0
0.0
0.0
0.0
0.03137254901960784
0.33333333333333337
0.33333333333333337
0.2784313725490196
0.0
0.0
0.0
0.0
0.0
0.0
0.0
0.0
0.0
0.0
0.0
0.0
0.0
0.0
0.0
0.0
0.0
0.0
0.0
0.0
0.0
0.0
0.0
0.0
0.07843137254901966
0.9294117647058824
0.9882352941176471
0.9803921568627452
0.4627450980392157
0.007843137254901933
0.0
0.0
0.0
0.0
0.0
0.0
0.0
0.0
0.0
0.0
0.0
0.0
0.0
0.0
0.0
0.0
0.0
0.0
0.0
0.0
0.0
0.0
0.0
0.08235294117647063
0.8823529411764706
0.9921568627450981
0.9882352941176471
0.1843137254901961
0.0
0.0
0.0
0.0
0.0
0.0
0.0
0.0
0.0
0.0
0.0
0.0
0.0
0.0
0.0
0.0
0.0
0.0
0.0
0.0
0.0
0.0
0.0
0.0
0.13725490196078427
0.8196078431372549
0.9882352941176471
0.8745098039215686
0.13725490196078427
0.0
0.0
0.0
0.0
0.0
0.0
0.0
0.0
0.0
0.0
0.0
0.0
0.0
0.0
0.0
0.0
0.0
0.0
0.0
0.0
0.0
0.0
0.0
0.0
0.3411764705882353
0.9921568627450981
0.9921568627450981
0.611764705882353
0.027450980392156876
0.0
0.0
0.0
0.0
0.0
0.0
0.0
0.0
0.0
0.0
0.0
0.0
0.0
0.0
0.0
0.0
0.0
0.0
0.0
0.0
0.0
0.0
0.0
0.04313725490196074
0.6666666666666667
0.9882352941176471
0.9882352941176471
0.3019607843137255
0.0
0.0
0.0
0.0
0.0
0.0
0.0
0.0
0.0
0.0
0.0
0.0
0.0
0.0
0.0
0.0
0.0
0.0
0.0
0.0
0.0
0.0
0.0
0.0
0.1686274509803921
0.9490196078431372
0.9882352941176471
0.7843137254901961
0.0
0.0
0.0
0.0
0.0
0.0
0.0
0.0
0.0
0.0
0.0
0.0
0.0
0.14901960784313728
0.25098039215686274
0.28627450980392155
0.6627450980392157
0.6627450980392157
0.38431372549019605
0.0
0.0
0.0
0.0
0.0
0.0
0.807843137254902
0.9882352941176471
0.9882352941176471
0.0
0.0
0.0
0.0
0.0
0.0
0.0
0.0
0.0
0.0
0.34901960784313724
0.21176470588235297
0.8274509803921568
0.9254901960784314
0.9882352941176471
0.9882352941176471
0.9882352941176471
0.9882352941176471
0.6549019607843137
0.0
0.0
0.0
0.0
0.0
0.0
0.4980392156862745
0.9882352941176471
0.9882352941176471
0.0
0.0
0.0
0.0
0.0
0.0
0.0
0.0
0.0
0.5725490196078431
0.9921568627450981
0.9921568627450981
0.9921568627450981
0.9686274509803922
0.9529411764705882
0.9921568627450981
0.9921568627450981
0.9254901960784314
0.17647058823529416
0.0
0.0
0.0
0.0
0.0
0.0
0.7411764705882353
0.9921568627450981
0.9254901960784314
0.0
0.0
0.0
0.0
0.0
0.0
0.0
0.0
0.0
0.43529411764705883
0.9882352941176471
0.9882352941176471
0.5372549019607843
0.207843137254902
0.7450980392156863
0.9882352941176471
0.9882352941176471
0.2666666666666667
0.0
0.0
0.0
0.0
0.0
0.0
0.3921568627450981
0.9686274509803922
0.9882352941176471
0.4392156862745098
0.0
0.0
0.0
0.0
0.0
0.0
0.0
0.0
0.0
0.5372549019607843
0.9882352941176471
0.9686274509803922
0.14901960784313728
0.0
0.7450980392156863
0.9882352941176471
0.9882352941176471
0.16470588235294115
0.0
0.0
0.0
0.0
0.0
0.15294117647058825
0.8666666666666667
0.9843137254901961
0.803921568627451
0.08235294117647063
0.0
0.0
0.0
0.0
0.0
0.0
0.0
0.0
0.0
0.7450980392156863
0.9882352941176471
0.7411764705882353
0.0
0.0
0.6392156862745098
0.9882352941176471
0.9882352941176471
0.44313725490196076
0.0
0.0
0.0
0.0
0.2784313725490196
0.9921568627450981
0.9882352941176471
0.803921568627451
0.0
0.0
0.0
0.0
0.0
0.0
0.0
0.0
0.0
0.0
0.07058823529411762
0.8470588235294118
0.9882352941176471
0.5686274509803921
0.0
0.0
0.05490196078431375
0.9254901960784314
0.9882352941176471
0.9215686274509804
0.7607843137254902
0.4156862745098039
0.4509803921568627
0.8274509803921568
0.8941176470588235
0.9921568627450981
0.9882352941176471
0.14901960784313728
0.0
0.0
0.0
0.0
0.0
0.0
0.0
0.0
0.0
0.0
0.23921568627450984
0.9921568627450981
0.9921568627450981
0.3294117647058824
0.0
0.0
0.0
0.21176470588235297
0.7333333333333334
0.9921568627450981
1.0
0.9921568627450981
0.9921568627450981
0.9921568627450981
0.9921568627450981
0.9019607843137255
0.2784313725490196
0.0
0.0
0.0
0.0
0.0
0.0
0.0
0.0
0.0
0.0
0.0
0.580392156862745
0.9882352941176471
0.9607843137254902
0.2196078431372549
0.0
0.0
0.0
0.0
0.06274509803921569
0.41960784313725485
0.6588235294117647
0.9058823529411765
0.9607843137254902
0.6588235294117647
0.4862745098039216
0.207843137254902
0.0
0.0
0.0
0.0
0.0
0.0
0.0
0.0
0.0
0.0
0.0
0.0
0.7176470588235294
0.9607843137254902
0.3137254901960784
0.0
0.0
0.0
0.0
0.0
0.0
0.0
0.0
0.06274509803921569
0.07450980392156858
0.0
0.0
0.0
0.0
0.0
0.0
0.0
0.0
0.0
0.0
0.0
0.0
0.0
0.0
0.0
0.05490196078431375
0.2196078431372549
0.0
0.0
0.0
0.0
0.0
0.0
0.0
0.0
0.0
0.0
0.0
0.0
0.0
0.0
0.0
0.0
0.0
0.0
0.0
0.0
0.0
0.0
0.0
0.0
0.0
0.0
0.0
0.0
0.0
0.0
0.0
0.0
0.0
0.0
0.0
0.0
0.0
0.0
0.0
0.0
0.0
0.0
0.0
0.0
0.0
0.0
0.0
0.0
0.0
0.0
0.0
0.0
0.0
0.0
0.0
0.0
0.0
0.0
0.0
0.0
0.0
0.0
0.0
0.0
0.0
0.0
0.0
0.0
0.0
0.0
0.0
0.0
0.0
0.0
0.0
0.0
0.0
0.0
0.0
0.0
0.0
0.0
0.0
0.0
0.0
0.0
0.0
0.0
0.0
0.0
0.0
0.0
0.0
0.0
0.0
0.0
0.0
0.0
0.0
0.0
0.0
0.0
0.0
0.0
0.0
0.0
0.0
0.0
0.0
0.0
0.0
0.0
0.0
0.0
0.0
0.0
0.0
0.0
0.0
0.0
0.0
0.0
0.0
0.0
0.0
0.0
0.0
0.0
0.0
0.0
0.0
0.0
0.0
0.0
0.0
0.0
0.0
0.0
0.0
0.0
0.0
0.0
0.0
0.0
0.0
0.0
0.0
0.0
0.0
0.0
0.0
0.0
0.0
0.0
0.0
0.0
0.0
0.0
0.0
0.0
0.0
0.0
0.0
0.0
0.0
0.0
0.0
0.0
0.0
0.0
0.0
0.0
0.0
0.0
0.0
0.0
0.0
0.0
0.0
0.0
0.0
0.0
0.0
0.0
0.0
0.0
0.0
0.0
0.0
0.0
