0.0
0.0
0.0
0.0
0.0
0.0
0.0
0.0
0.0
0.0
0.0
0.0
0.0
0.0
0.0
0.0
0.0
0.0
0.0
0.0
0.0
0.0
0.0
0.0
0.0
0.0
0.0
0.0
0.0
0.0
0.0
0.0
0.0
0.0
0.0
0.0
0.0
0.0
0.0
0.0
0.0
0.0
0.0
0.0
0.0
0.0
0.0
0.0
0.0
0.0
0.0
0.0
0.0
0.0
0.0
0.0
0.0
0.0
0.0
0.0
0.0
0.0
0.0
0.0
0.0
0.0
0.0
0.0
0.0
0.0
0.0
0.0
0.0
0.0
0.0
0.0
0.0
0.0
0.0
0.0
0.0
0.0
0.0
0.0
0.0
0.0
0.0
0.0
0.0
0.0
0.0
0.0
0.0
0.0
0.0
0.0
0.0
0.0
0.0
0.0
0.0
0.7686274509803921
0.7294117647058824
0.04705882352941182
0.0
0.0
0.0
0.0
0.0
0.0
0.0
0.0
0.0
0.0
0.0
0.0
0.0
0.0
0.0
0.27450980392156865
0.44313725490196076
0.0
0.0
0.0
0.0
0.0
0.0
0.0
0.0
0.2901960784313725
0.9803921568627451
0.792156862745098
0.26274509803921564
0.0
0.0
0.0
0.0
0.0
0.0
0.0
0.0
0.0
0.0
0.0
0.0
0.0
0.0
0.7450980392156863
0.9019607843137255
0.0
0.0
0.0
0.0
0.0
0.0
0.0
0.0
0.0
0.23529411764705888
0.9882352941176471
0.9294117647058824
0.4274509803921569
0.0
0.0
0.0
0.0
0.0
0.0
0.0
0.0
0.0
0.0
0.0
0.0
0.25098039215686274
0.9843137254901961
0.6745098039215687
0.0
0.0
0.0
0.0
0.0
0.0
0.0
0.0
0.0
0.0039215686274509665
0.3254901960784313
0.8392156862745098
0.9529411764705882
0.43137254901960786
0.0
0.0
0.0
0.0
0.0
0.0
0.0
0.0
0.0
0.0
0.0
0.35686274509803917
0.9882352941176471
0.4745098039215686
0.0
0.0
0.0
0.0
0.0
0.0
0.0
0.0
0.0
0.0
0.0
0.27450980392156865
0.8784313725490196
0.9294117647058824
0.26274509803921564
0.0
0.0
0.0
0.0
0.0
0.0
0.0
0.0
0.0
0.0
0.6901960784313725
0.9882352941176471
0.4745098039215686
0.0
0.0
0.0
0.0
0.0
0.0
0.0
0.0
0.0
0.0
0.0
0.0
0.3254901960784313
0.9882352941176471
0.6862745098039216
0.0
0.0
0.0
0.0
0.0
0.0
0.0
0.0
0.0
0.0
0.6901960784313725
0.9882352941176471
0.07843137254901966
0.0
0.0
0.0
0.0
0.35686274509803917
0.2901960784313725
0.0
0.0
0.0
0.0
0.0
0.0
0.0039215686274509665
0.6352941176470588
0.9647058823529412
0.11764705882352944
0.0
0.0
0.0
0.0
0.0
0.0
0.0
0.0
0.0
0.6901960784313725
0.9882352941176471
0.039215686274509776
0.0
0.0
0.0
0.0
0.7333333333333334
0.9882352941176471
0.0
0.0
0.0
0.0
0.0
0.0
0.0
0.5294117647058824
0.9882352941176471
0.12941176470588234
0.0
0.0
0.0
0.0
0.0
0.0
0.0
0.0
0.0980392156862745
0.9137254901960784
0.9882352941176471
0.039215686274509776
0.0
0.0
0.0
0.12941176470588234
0.9254901960784314
0.9882352941176471
0.0
0.0
0.0
0.0
0.0
0.0
0.0
0.3647058823529412
0.9882352941176471
0.44705882352941173
0.0
0.0
0.0
0.0
0.0
0.0
0.0
0.0
0.5058823529411764
0.9882352941176471
0.4627450980392157
0.007843137254901933
0.0
0.0
0.0
0.17647058823529416
0.9882352941176471
0.9882352941176471
0.0
0.0
0.0
0.0
0.0
0.0
0.0
0.17647058823529416
0.9882352941176471
0.5568627450980392
0.0
0.0
0.0
0.0
0.0
0.0
0.0
0.0
1.0
0.8470588235294118
0.07450980392156858
0.0
0.0
0.0
0.04705882352941182
0.9921568627450981
0.9921568627450981
0.12941176470588234
0.0
0.0
0.0
0.0
0.0
0.0
0.0
0.17647058823529416
0.9921568627450981
0.37254901960784315
0.0
0.0
0.0
0.0
0.0
0.0
0.0
0.0
0.9921568627450981
0.7294117647058824
0.0
0.0
0.0
0.2431372549019608
0.7019607843137254
0.9882352941176471
0.7764705882352941
0.039215686274509776
0.0
0.0
0.0
0.0
0.0
0.0
0.0
0.12941176470588234
0.9215686274509804
0.5568627450980392
0.0
0.0
0.0
0.0
0.0
0.0
0.0
0.0
0.9921568627450981
0.9450980392156862
0.14117647058823535
0.3411764705882353
0.3529411764705882
0.8784313725490196
0.9882352941176471
0.9882352941176471
0.3294117647058824
0.0
0.0
0.0
0.0
0.0
0.0
0.0
0.0
0.14509803921568631
0.9450980392156862
0.5568627450980392
0.0
0.0
0.0
0.0
0.0
0.0
0.0
0.0
0.7686274509803921
0.9882352941176471
0.9568627450980393
0.9843137254901961
0.9764705882352941
0.9882352941176471
0.9882352941176471
0.9882352941176471
0.2941176470588235
0.0
0.0
0.0
0.0
0.0
0.0
0.0
0.0
0.403921568627451
0.9882352941176471
0.5176470588235293
0.0
0.0
0.0
0.0
0.0
0.0
0.0
0.0
0.25098039215686274
0.7725490196078432
0.7725490196078432
0.792156862745098
0.9882352941176471
0.6666666666666667
0.6509803921568628
0.9882352941176471
0.6862745098039216
0.0
0.0
0.0
0.0
0.0
0.0
0.0
0.03137254901960784
0.8549019607843137
0.9215686274509804
0.10196078431372546
0.0
0.0
0.0
0.0
0.0
0.0
0.0
0.0
0.0
0.0
0.0
0.019607843137254943
0.21568627450980393
0.04705882352941182
0.13725490196078427
0.9882352941176471
0.6862745098039216
0.0
0.0
0.0
0.0
0.0
0.0
0.1215686274509804
0.7490196078431373
0.9882352941176471
0.34901960784313724
0.0
0.0
0.0
0.0
0.0
0.0
0.0
0.0
0.0
0.0
0.0
0.0
0.0
0.0
0.0
0.02352941176470591
0.803921568627451
0.9647058823529412
0.3254901960784313
0.0
0.0
0.0
0.02352941176470591
0.3294117647058824
0.8431372549019608
0.9882352941176471
0.603921568627451
0.02352941176470591
0.0
0.0
0.0
0.0
0.0
0.0
0.0
0.0
0.0
0.0
0.0
0.0
0.0
0.0
0.0
0.0
0.5294117647058824
0.9882352941176471
0.8196078431372549
0.5490196078431373
0.2901960784313725
0.603921568627451
0.807843137254902
0.9882352941176471
0.9882352941176471
0.8705882352941177
0.0
0.0
0.0
0.0
0.0
0.0
0.0
0.0
0.0
0.0
0.0
0.0
0.0
0.0
0.0
0.0
0.0
0.0
0.04705882352941182
0.6666666666666667
0.9882352941176471
0.9921568627450981
0.9882352941176471
0.9882352941176471
0.9882352941176471
0.9882352941176471
0.6
0.1333333333333333
0.0
0.0
0.0
0.0
0.0
0.0
0.0
0.0
0.0
0.0
0.0
0.0
0.0
0.0
0.0
0.0
0.0
0.0
0.0
0.039215686274509776
0.12941176470588234
0.5607843137254902
0.8588235294117648
0.4627450980392157
0.12941176470588234
0.12941176470588234
0.027450980392156876
0.0
0.0
0.0
0.0
0.0
0.0
0.0
0.0
0.0
0.0
0.0
0.0
0.0
0.0
0.0
0.0
0.0
0.0
0.0
0.0
0.0
0.0
0.0
0.0
0.0
0.0
0.0
0.0
0.0
0.0
0.0
0.0
0.0
0.0
0.0
0.0
0.0
0.0
0.0
0.0
0.0
0.0
0.0
0.0
0.0
0.0
0.0
0.0
0.0
0.0
0.0
0.0
0.0
0.0
0.0
0.0
0.0
0.0
0.0
0.0
0.0
0.0
0.0
0.0
0.0
0.0
0.0
0.0
0.0
0.0
0.0
0.0
0.0
0.0
0.0
0.0
0.0
0.0
0.0
0.0
0.0
0.0
0.0
0.0
0.0
0.0
0.0
0.0
0.0
0.0
0.0
0.0
0.0
0.0
0.0
0.0
0.0
0.0
0.0
0.0
0.0
0.0
0.0
0.0
0.0
0.0
0.0
0.0
0.0
0.0
0.0
0.0
0.0
0.0
0.0
0.0
0.0
0.0
0.0
0.0
0.0
0.0
0.0
0.0
0.0
0.0
0.0
0.0
0.0
0.0
0.0
0.0
0.0
0.0
0.0
0.0
0.0
0.0
0.0
0.0
0.0
0.0
0.0
0.0
0.0
0.0
0.0
