0.0
0.0
0.0
0.0
0.0
0.0
0.0
0.0
0.0
0.0
0.0
0.0
0.0
0.0
0.0
0.0
0.0
0.0
0.0
0.0
0.0
0.0
0.0
0.0
0.0
0.0
0.0
0.0
0.0
0.0
0.0
0.0
0.0
0.0
0.0
0.0
0.0
0.0
0.0
0.0
0.0
0.0
0.0
0.0
0.0
0.0
0.0
0.0
0.0
0.0
0.0
0.0
0.0
0.0
0.0
0.0
0.0
0.0
0.0
0.0
0.0
0.0
0.0
0.0
0.0
0.0
0.0
0.0
0.0
0.0
0.0
0.0
0.0
0.0
0.0
0.0
0.0
0.0
0.0
0.0
0.0
0.0
0.0
0.0
0.0
0.0
0.0
0.0
0.0
0.0
0.0
0.0
0.0
0.0
0.0
0.0
0.0
0.0
0.0
0.0
0.0
0.0
0.0
0.0
0.0
0.0
0.0
0.0
0.0
0.0
0.0
0.0
0.0
0.0
0.0
0.0
0.0
0.0
0.0
0.0
0.0
0.0
0.0
0.0
0.0
0.0
0.0
0.0
0.0
0.0
0.0
0.0
0.0
0.0
0.0
0.0
0.0
0.0
0.0
0.0
0.0
0.0
0.0
0.0
0.0
0.0
0.0
0.0
0.0
0.0
0.0
0.0
0.0
0.0
0.0
0.0
0.0
0.0
0.0
0.0
0.0
0.0
0.0
0.0
0.0
0.0
0.0
0.0
0.0
0.0
0.0
0.0
0.0
0.0
0.0
0.0
0.0
0.0
0.0
0.0
0.0
0.0
0.0
0.0
0.09019607843137256
0.11372549019607847
0.11372549019607847
0.11372549019607847
0.0862745098039216
0.0
0.0
0.0
0.0
0.0
0.0
0.0
0.0
0.0
0.0
0.0
0.0
0.0
0.0
0.0
0.0
0.0
0.0
0.0
0.0
0.0
0.36078431372549025
0.7333333333333334
0.9411764705882353
0.996078431372549
0.996078431372549
0.996078431372549
0.9254901960784314
0.3529411764705882
0.0
0.0
0.0
0.0
0.0
0.0
0.0
0.0
0.0
0.0
0.0
0.0
0.0
0.0
0.0
0.0
0.0
0.07450980392156858
0.5098039215686274
0.9803921568627451
0.9882352941176471
0.996078431372549
0.996078431372549
0.996078431372549
0.996078431372549
0.996078431372549
0.996078431372549
0.9921568627450981
0.9803921568627451
0.0
0.0
0.0
0.0
0.0
0.0
0.0
0.0
0.0
0.0
0.0
0.0
0.0
0.0
0.13725490196078427
0.6431372549019607
0.8941176470588236
0.996078431372549
0.996078431372549
0.996078431372549
0.996078431372549
0.996078431372549
0.996078431372549
0.996078431372549
0.996078431372549
0.996078431372549
0.996078431372549
0.996078431372549
0.0
0.0
0.0
0.0
0.0
0.0
0.0
0.0
0.0
0.0
0.0
0.0
0.0
0.3764705882352941
0.8784313725490196
0.996078431372549
0.996078431372549
0.996078431372549
0.8470588235294118
0.4
0.2823529411764706
0.43529411764705883
0.996078431372549
0.996078431372549
0.8509803921568627
0.7372549019607844
0.996078431372549
0.996078431372549
0.0
0.0
0.0
0.0
0.0
0.0
0.0
0.0
0.0
0.0
0.0
0.050980392156862786
0.5647058823529412
0.9843137254901961
0.996078431372549
0.996078431372549
0.7254901960784313
0.3411764705882353
0.019607843137254943
0.0
0.10196078431372546
0.8980392156862745
0.996078431372549
0.8274509803921568
0.10588235294117643
0.42352941176470593
0.996078431372549
0.8509803921568627
0.0
0.0
0.0
0.0
0.0
0.0
0.0
0.0
0.0
0.0
0.16470588235294115
0.7176470588235294
0.996078431372549
0.996078431372549
0.8705882352941177
0.5137254901960784
0.050980392156862786
0.0
0.0
0.0
0.6549019607843137
0.996078431372549
0.8666666666666667
0.11372549019607847
0.0
0.2941176470588235
0.996078431372549
0.996078431372549
0.0
0.0
0.0
0.0
0.0
0.0
0.0
0.0
0.0
0.039215686274509776
0.7058823529411764
0.996078431372549
0.996078431372549
0.7647058823529411
0.13725490196078427
0.0
0.0
0.0
0.0
0.0980392156862745
0.9450980392156862
0.996078431372549
0.5882352941176471
0.0
0.0
0.5176470588235293
0.996078431372549
0.996078431372549
0.0
0.0
0.0
0.0
0.0
0.0
0.0
0.0
0.04705882352941182
0.7058823529411764
0.996078431372549
0.996078431372549
0.6196078431372549
0.015686274509803977
0.0
0.0
0.0
0.0
0.0
0.44705882352941173
0.996078431372549
0.9725490196078431
0.14509803921568631
0.0
0.0
0.2666666666666667
0.996078431372549
0.6352941176470588
0.0
0.0
0.0
0.0
0.0
0.0
0.0
0.0
0.43137254901960786
0.996078431372549
0.996078431372549
0.6235294117647059
0.027450980392156876
0.0
0.0
0.0
0.0
0.0
0.0
0.607843137254902
0.996078431372549
0.9333333333333333
0.0
0.0
0.0
0.28627450980392155
0.996078431372549
0.615686274509804
0.0
0.0
0.0
0.0
0.0
0.0
0.0
0.0
0.996078431372549
0.996078431372549
0.996078431372549
0.015686274509803977
0.0
0.0
0.0
0.0
0.0
0.0
0.0
0.6784313725490196
0.996078431372549
0.8509803921568627
0.12941176470588234
0.0
0.0
0.6392156862745098
0.996078431372549
0.615686274509804
0.0
0.0
0.0
0.0
0.0
0.0
0.0
0.0
1.0
0.996078431372549
0.996078431372549
0.8
0.19999999999999996
0.0
0.0
0.0
0.0
0.0
0.05490196078431375
0.9725490196078431
0.996078431372549
0.9568627450980393
0.0
0.0
0.0
0.6392156862745098
0.996078431372549
0.2705882352941177
0.0
0.0
0.0
0.0
0.0
0.0
0.0
0.0
0.6823529411764706
0.996078431372549
0.9803921568627451
0.9098039215686274
0.2549019607843137
0.0
0.0
0.0
0.0
0.0
0.19999999999999996
0.996078431372549
0.996078431372549
0.9725490196078431
0.14117647058823535
0.0
0.03137254901960784
0.9215686274509804
0.8588235294117648
0.050980392156862786
0.0
0.0
0.0
0.0
0.0
0.0
0.0
0.0
0.0862745098039216
0.33725490196078434
0.21568627450980393
0.0
0.0
0.0
0.0
0.0
0.0
0.39607843137254906
0.05882352941176472
0.996078431372549
0.996078431372549
0.996078431372549
0.6627450980392157
0.027450980392156876
0.6431372549019607
0.8196078431372549
0.039215686274509776
0.0
0.0
0.0
0.0
0.0
0.0
0.0
0.0
0.0
0.0
0.0
0.0
0.0
0.0
0.0
0.0
0.0
0.0
0.03529411764705881
0.007843137254901933
0.7058823529411764
0.996078431372549
0.996078431372549
0.996078431372549
0.9137254901960784
0.9725490196078431
0.5294117647058824
0.0
0.0
0.0
0.0
0.0
0.0
0.0
0.0
0.0
0.0
0.0
0.0
0.0
0.0
0.0
0.0
0.0
0.0
0.1215686274509804
0.02352941176470591
0.0
0.2666666666666667
0.9568627450980393
0.996078431372549
0.996078431372549
0.996078431372549
0.9803921568627451
0.21568627450980393
0.0
0.0
0.0
0.0
0.0
0.0
0.0
0.0
0.0
0.0
0.0
0.0
0.0
0.0
0.0
0.0
0.0
0.0
0.0
0.0
0.0
0.0
0.196078431372549
0.6509803921568628
0.7294117647058824
0.7294117647058824
0.29803921568627456
0.0
0.0
0.0
0.0
0.0
0.0
0.0
0.0
0.0
0.0
0.0
0.0
0.0
0.0
0.0
0.0
0.0
0.0
0.0
0.0
0.0
0.0
0.0
0.0
0.0
0.0
0.0
0.0
0.0
0.0
0.0
0.0
0.0
0.0
0.0
0.0
0.0
0.0
0.0
0.0
0.0
0.0
0.0
0.0
0.0
0.0
0.0
0.0
0.0
0.0
0.0
0.0
0.0
0.0
0.0
0.0
0.0
0.0
0.0
0.0
0.0
0.0
0.0
0.0
0.0
0.0
0.0
0.0
0.0
0.0
0.0
0.0
0.0
0.0
0.0
0.0
0.0
0.0
0.0
0.0
0.0
0.0
0.0
0.0
0.0
0.0
0.0
0.0
0.0
0.0
0.0
0.0
0.0
0.0
0.0
0.0
0.0
0.0
0.0
0.0
0.0
0.0
0.0
0.0
0.0
0.0
0.0
0.0
0.0
0.0
0.0
0.0
0.0
0.0
0.0
0.0
0.0
0.0
0.0
0.0
0.0
0.0
0.0
0.0
0.0
0.0
0.0
0.0
0.0
0.0
0.0
0.0
0.0
0.0
0.0
0.0
0.0
0.0
0.0
0.0
0.0
0.0
0.0
0.0
0.0
0.0
0.0
0.0
