0.0
0.0
0.0
0.0
0.0
0.0
0.0
0.0
0.0
0.0
0.0
0.0
0.0
0.0
0.0
0.0
0.0
0.0
0.0
0.0
0.0
0.0
0.0
0.0
0.0
0.0
0.0
0.0
0.0
0.0
0.0
0.0
0.0
0.0
0.0
0.0
0.0
0.0
0.0
0.0
0.0
0.0
0.0
0.0
0.0
0.0
0.0
0.0
0.0
0.0
0.0
0.0
0.0
0.0
0.0
0.0
0.0
0.0
0.0
0.0
0.0
0.0
0.0
0.0
0.0
0.0
0.0
0.0
0.0
0.0
0.0
0.0
0.0
0.0
0.0
0.0
0.0
0.0
0.0
0.0
0.0
0.0
0.0
0.0
0.0
0.0
0.0
0.0
0.0
0.0
0.0
0.0
0.0
0.0
0.0
0.0
0.0
0.0
0.0
0.0
0.0
0.0
0.0
0.0
0.0
0.0
0.0
0.0
0.0
0.0
0.0
0.0
0.0
0.0
0.0
0.0
0.0
0.0
0.0
0.0
0.0
0.0
0.0
0.0
0.0
0.0
0.0
0.0
0.0
0.0
0.0
0.0
0.0
0.0
0.0
0.0
0.0
0.0
0.0
0.0
0.0
0.0
0.0
0.0
0.0
0.0
0.0
0.0
0.0
0.0
0.0
0.0
0.0
0.0
0.0
0.0
0.0
0.0
0.0
0.0
0.0
0.0
0.0
0.0
0.0
0.0
0.0
0.0
0.0
0.0
0.0
0.0
0.0
0.0
0.0
0.0
0.0
0.0
0.0
0.0
0.0
0.0
0.0
0.0
0.0
0.0
0.0
0.0
0.0
0.0
0.0
0.0
0.0
0.0
0.0
0.0
0.0
0.0
0.0
0.0
0.0
0.1686274509803921
0.03529411764705881
0.0
0.0
0.0
0.0
0.0
0.0
0.0
0.0
0.0
0.0
0.0
0.0
0.13725490196078427
0.2549019607843137
0.1098039215686275
0.0
0.0
0.0
0.0
0.0
0.0
0.0
0.0
0.0
0.0
0.0039215686274509665
0.6745098039215687
0.8470588235294118
0.14901960784313728
0.0
0.0
0.0
0.0
0.0
0.0
0.0
0.0
0.0
0.0
0.3058823529411765
0.9333333333333333
0.9921568627450981
0.7803921568627451
0.019607843137254943
0.0
0.0
0.0
0.0
0.0
0.0
0.0
0.0
0.0
0.04313725490196074
0.9921568627450981
0.9921568627450981
0.5764705882352941
0.0
0.0
0.0
0.0
0.0
0.0
0.0
0.0
0.0
0.07058823529411762
0.9019607843137255
0.9529411764705882
0.9215686274509804
0.9921568627450981
0.48235294117647054
0.0
0.0
0.0
0.0
0.0
0.0
0.0
0.0
0.0
0.2431372549019608
0.9921568627450981
0.9921568627450981
0.8509803921568627
0.050980392156862786
0.0
0.0
0.0
0.0
0.0
0.0
0.0
0.0
0.10196078431372546
0.9921568627450981
0.3058823529411765
0.5411764705882354
0.9921568627450981
0.6
0.0
0.0
0.0
0.0
0.0
0.0
0.0
0.0
0.0
0.7137254901960784
0.9921568627450981
0.9921568627450981
0.9921568627450981
0.39607843137254906
0.33333333333333337
0.2823529411764706
0.0
0.0
0.0
0.0
0.0
0.0
0.027450980392156876
0.2705882352941177
0.02352941176470591
0.3529411764705882
0.9921568627450981
0.6
0.0
0.0
0.0
0.0
0.0
0.0
0.0
0.0
0.1215686274509804
0.9176470588235295
0.9921568627450981
0.8588235294117648
0.9450980392156862
0.9921568627450981
0.9921568627450981
0.9843137254901961
0.6392156862745098
0.1333333333333333
0.0
0.0
0.0
0.0
0.0
0.0
0.0
0.3529411764705882
0.9921568627450981
0.6627450980392157
0.0
0.0
0.0
0.0
0.0
0.0
0.0
0.0
0.2196078431372549
0.9921568627450981
0.8980392156862745
0.0862745098039216
0.2784313725490196
0.6196078431372549
0.8941176470588235
0.9921568627450981
0.9921568627450981
0.9490196078431372
0.44313725490196076
0.0
0.0
0.0
0.0
0.0
0.0
0.35686274509803917
0.996078431372549
0.9921568627450981
0.0
0.0
0.0
0.0
0.0
0.0
0.0
0.0
0.4509803921568627
0.9921568627450981
0.6627450980392157
0.0
0.0
0.0
0.0117647058823529
0.07843137254901966
0.7803921568627451
0.9921568627450981
0.9921568627450981
0.592156862745098
0.0
0.0
0.0
0.0
0.0
0.3529411764705882
0.9921568627450981
0.7607843137254902
0.0
0.0
0.0
0.0
0.0
0.0
0.0
0.0
0.7686274509803921
0.9921568627450981
0.34509803921568627
0.0
0.0
0.0
0.0
0.0
0.07450980392156858
0.5019607843137255
0.9921568627450981
0.9490196078431372
0.1333333333333333
0.0
0.0
0.0
0.0
0.3529411764705882
0.9921568627450981
0.6
0.0
0.0
0.0
0.0
0.0
0.0
0.0
0.0
0.996078431372549
0.9529411764705882
0.0
0.0
0.0
0.0
0.0
0.0
0.0
0.07450980392156858
0.8745098039215686
0.9921568627450981
0.788235294117647
0.0
0.0
0.0
0.0
0.35686274509803917
0.9921568627450981
0.6
0.0
0.0
0.0
0.0
0.0
0.0
0.0
0.0
0.996078431372549
0.9529411764705882
0.0
0.0
0.0
0.0
0.0
0.0
0.0
0.0
0.4509803921568627
0.9921568627450981
0.9607843137254902
0.15294117647058825
0.0
0.0
0.0
0.3529411764705882
0.9921568627450981
0.6
0.0
0.0
0.0
0.0
0.0
0.0
0.0
0.0
0.8901960784313725
0.9529411764705882
0.0
0.0
0.0
0.0
0.0
0.0
0.0
0.0
0.015686274509803977
0.8941176470588235
0.9921568627450981
0.6666666666666667
0.03137254901960784
0.0
0.0
0.611764705882353
0.9921568627450981
0.6
0.0
0.0
0.0
0.0
0.0
0.0
0.0
0.0
0.1568627450980392
0.4862745098039216
0.0
0.0
0.0
0.0
0.0
0.0
0.0
0.0
0.0
0.4117647058823529
0.9803921568627452
0.9921568627450981
0.7019607843137254
0.21568627450980393
0.15294117647058825
0.8666666666666667
0.996078431372549
0.5647058823529412
0.0
0.0
0.0
0.0
0.0
0.0
0.0
0.0
0.0
0.0
0.0
0.0
0.0
0.0
0.0
0.0
0.0
0.0
0.0
0.0
0.44313725490196076
0.9921568627450981
0.9921568627450981
0.9921568627450981
0.9921568627450981
0.9921568627450981
0.9372549019607843
0.14509803921568631
0.0
0.0
0.0
0.0
0.0
0.0
0.0
0.0
0.0
0.0
0.0
0.0
0.0
0.0
0.0
0.0
0.0
0.0
0.0
0.0
0.007843137254901933
0.1843137254901961
0.6588235294117647
0.9019607843137255
0.996078431372549
0.8901960784313725
0.24705882352941178
0.0
0.0
0.0
0.0
0.0
0.0
0.0
0.0
0.0
0.0
0.0
0.0
0.0
0.0
0.0
0.0
0.0
0.0
0.0
0.0
0.0
0.0
0.0
0.0
0.08235294117647063
0.25098039215686274
0.06666666666666665
0.0
0.0
0.0
0.0
0.0
0.0
0.0
0.0
0.0
0.0
0.0
0.0
0.0
0.0
0.0
0.0
0.0
0.0
0.0
0.0
0.0
0.0
0.0
0.0
0.0
0.0
0.0
0.0
0.0
0.0
0.0
0.0
0.0
0.0
0.0
0.0
0.0
0.0
0.0
0.0
0.0
0.0
0.0
0.0
0.0
0.0
0.0
0.0
0.0
0.0
0.0
0.0
0.0
0.0
0.0
0.0
0.0
0.0
0.0
0.0
0.0
0.0
0.0
0.0
0.0
0.0
0.0
0.0
0.0
0.0
0.0
0.0
0.0
0.0
0.0
0.0
0.0
0.0
0.0
0.0
0.0
0.0
0.0
0.0
0.0
0.0
0.0
0.0
0.0
0.0
0.0
0.0
0.0
0.0
0.0
0.0
0.0
0.0
0.0
0.0
0.0
0.0
0.0
0.0
0.0
0.0
0.0
0.0
0.0
0.0
0.0
0.0
0.0
0.0
0.0
0.0
0.0
0.0
0.0
0.0
0.0
0.0
0.0
0.0
0.0
0.0
0.0
0.0
0.0
0.0
0.0
0.0
0.0
0.0
0.0
0.0
0.0
0.0
0.0
0.0
0.0
0.0
0.0
0.0
0.0
0.0
0.0
