0.0
0.0
0.0
0.0
0.0
0.0
0.0
0.0
0.0
0.0
0.0
0.0
0.0
0.0
0.0
0.0
0.0
0.0
0.0
0.0
0.0
0.0
0.0
0.0
0.0
0.0
0.0
0.0
0.0
0.0
0.0
0.0
0.0
0.0
0.0
0.0
0.0
0.0
0.0
0.0
0.0
0.0
0.0
0.0
0.0
0.0
0.0
0.0
0.0
0.0
0.0
0.0
0.0
0.0
0.0
0.0
0.0
0.0
0.0
0.0
0.0
0.0
0.0
0.0
0.0
0.0
0.0
0.0
0.0
0.0
0.0
0.0
0.0
0.0
0.0
0.0
0.0
0.0
0.0
0.0
0.0
0.0
0.0
0.0
0.0
0.0
0.0
0.0
0.0
0.0
0.0
0.0
0.0
0.0
0.0
0.0
0.0
0.0
0.0
0.0
0.0
0.0
0.0
0.0
0.0
0.0
0.0
0.0
0.0
0.0
0.0
0.0
0.0
0.0
0.0
0.0
0.0
0.0
0.0
0.0
0.0
0.0
0.0
0.0
0.0
0.0
0.0
0.0
0.0
0.0
0.0
0.0
0.0
0.0
0.0
0.0
0.0
0.0
0.0
0.0
0.0
0.0
0.0
0.0
0.0
0.0
0.0
0.0
0.0
0.0
0.0
0.0
0.0
0.0
0.0
0.0
0.0
0.0
0.0
0.0
0.0
0.0
0.0
0.0
0.0
0.0
0.0
0.0
0.0
0.0
0.0
0.0
0.0
0.0
0.0
0.0
0.0
0.0
0.0
0.0
0.0
0.015686274509803977
0.07843137254901966
0.06274509803921569
0.0
0.0
0.0
0.0
0.019607843137254943
0.07843137254901966
0.05490196078431375
0.0
0.0
0.0
0.0
0.0
0.0
0.0
0.0
0.0
0.0
0.0
0.0
0.0
0.0
0.0
0.0
0.0
0.0
0.5372549019607843
0.9921568627450981
0.9254901960784314
0.10588235294117643
0.0
0.0
0.0
0.611764705882353
0.9921568627450981
0.8980392156862745
0.2901960784313725
0.0
0.0
0.0
0.0
0.0
0.0
0.0
0.0
0.0
0.0
0.0
0.0
0.0
0.0
0.0
0.10196078431372546
0.8
0.9843137254901961
0.9921568627450981
0.996078431372549
0.15294117647058825
0.0
0.0
0.0
0.16470588235294115
0.8509803921568627
0.9921568627450981
0.9803921568627452
0.2705882352941177
0.0
0.0
0.0
0.0
0.0
0.0
0.0
0.0
0.0
0.0
0.0
0.0
0.0
0.3254901960784313
0.8705882352941177
0.9921568627450981
0.9921568627450981
0.9921568627450981
0.9058823529411765
0.09411764705882353
0.0
0.0
0.0
0.0
0.10588235294117643
0.607843137254902
0.9921568627450981
0.607843137254902
0.0
0.0
0.0
0.0
0.0
0.0
0.0
0.0
0.0
0.0
0.0
0.039215686274509776
0.5254901960784314
1.0
0.996078431372549
0.996078431372549
0.996078431372549
0.996078431372549
0.7686274509803921
0.0
0.0
0.0
0.0
0.0
0.0
0.30980392156862746
0.996078431372549
0.996078431372549
0.0
0.0
0.0
0.0
0.0
0.0
0.0
0.0
0.0
0.0
0.1725490196078432
0.6862745098039216
0.9921568627450981
0.996078431372549
0.8941176470588235
0.4156862745098039
0.9294117647058824
0.9921568627450981
0.7333333333333334
0.0
0.0
0.0
0.0
0.0
0.0
0.30980392156862746
0.9921568627450981
0.9921568627450981
0.0
0.0
0.0
0.0
0.0
0.0
0.0
0.0
0.0
0.1725490196078432
0.8980392156862745
0.9921568627450981
0.9921568627450981
0.596078431372549
0.04705882352941182
0.0
0.9176470588235295
0.9921568627450981
0.38431372549019605
0.0
0.0
0.0
0.0
0.0
0.0
0.30980392156862746
0.9921568627450981
0.9921568627450981
0.0
0.0
0.0
0.0
0.0
0.0
0.0
0.0
0.039215686274509776
0.8352941176470589
0.9921568627450981
0.9686274509803922
0.39607843137254906
0.0
0.0
0.0
0.7686274509803921
0.9921568627450981
0.3254901960784313
0.0
0.0
0.0
0.0
0.0
0.015686274509803977
0.5568627450980392
0.9921568627450981
0.9294117647058824
0.0
0.0
0.0
0.0
0.0
0.0
0.0
0.0
0.14117647058823535
0.9333333333333333
0.9921568627450981
0.8352941176470589
0.0
0.0
0.0
0.0
0.7686274509803921
0.6941176470588235
0.0
0.0
0.0
0.0
0.0
0.0
0.22745098039215683
0.9921568627450981
0.9921568627450981
0.607843137254902
0.0
0.0
0.0
0.0
0.0
0.0
0.0
0.0
0.0
0.22745098039215683
0.996078431372549
0.996078431372549
0.3176470588235294
0.0
0.0
0.0
0.4509803921568627
0.996078431372549
0.8196078431372549
0.03529411764705881
0.0
0.0
0.18039215686274512
0.8509803921568627
0.996078431372549
0.996078431372549
0.8980392156862745
0.09019607843137256
0.0
0.0
0.0
0.0
0.0
0.0
0.0
0.0
0.0
0.0117647058823529
0.7333333333333334
0.9921568627450981
0.28627450980392155
0.0
0.0
0.0
0.02352941176470591
0.8
0.996078431372549
0.8627450980392157
0.8392156862745098
0.8392156862745098
0.9568627450980391
0.996078431372549
0.9921568627450981
0.9372549019607843
0.1843137254901961
0.0
0.0
0.0
0.0
0.0
0.0
0.0
0.0
0.0
0.0
0.14901960784313728
0.6862745098039216
0.9921568627450981
0.49411764705882355
0.0
0.0
0.0
0.0
0.23529411764705888
0.996078431372549
0.9921568627450981
0.9921568627450981
0.9921568627450981
0.9921568627450981
0.996078431372549
0.5529411764705883
0.09411764705882353
0.0
0.0
0.0
0.0
0.0
0.0
0.0
0.0
0.0
0.0
0.0
0.2784313725490196
0.9686274509803922
0.9921568627450981
0.607843137254902
0.0
0.0
0.0
0.0
0.0
0.16470588235294115
0.45882352941176474
0.45882352941176474
0.45882352941176474
0.45882352941176474
0.22352941176470587
0.0117647058823529
0.0
0.0
0.0
0.0
0.0
0.0
0.0
0.0
0.0
0.0
0.0
0.3254901960784313
0.5725490196078431
0.9921568627450981
0.9921568627450981
0.607843137254902
0.0
0.0
0.0
0.0
0.0
0.0
0.0
0.0
0.0
0.0
0.0
0.0
0.0
0.0
0.0
0.0
0.0
0.0
0.0
0.0
0.0
0.0
0.0
0.7019607843137254
0.996078431372549
0.996078431372549
0.9568627450980391
0.17647058823529416
0.0
0.0
0.0
0.0
0.0
0.0
0.0
0.0
0.0
0.0
0.0
0.0
0.0
0.0
0.0
0.0
0.0
0.0
0.0
0.0
0.0
0.0
0.0
0.996078431372549
0.9921568627450981
0.9921568627450981
0.6313725490196078
0.0
0.0
0.0
0.0
0.0
0.0
0.0
0.0
0.0
0.0
0.0
0.0
0.0
0.0
0.0
0.0
0.0
0.0
0.0
0.0
0.0
0.0
0.0
0.0
0.996078431372549
0.9921568627450981
0.6588235294117647
0.02352941176470591
0.0
0.0
0.0
0.0
0.0
0.0
0.0
0.0
0.0
0.0
0.0
0.0
0.0
0.0
0.0
0.0
0.0
0.0
0.0
0.0
0.0
0.0
0.0
0.0
0.07450980392156858
0.07450980392156858
0.02352941176470591
0.0
0.0
0.0
0.0
0.0
0.0
0.0
0.0
0.0
0.0
0.0
0.0
0.0
0.0
0.0
0.0
0.0
0.0
0.0
0.0
0.0
0.0
0.0
0.0
0.0
0.0
0.0
0.0
0.0
0.0
0.0
0.0
0.0
0.0
0.0
0.0
0.0
0.0
0.0
0.0
0.0
0.0
0.0
0.0
0.0
0.0
0.0
0.0
0.0
0.0
0.0
0.0
0.0
0.0
0.0
0.0
0.0
0.0
0.0
0.0
0.0
0.0
0.0
0.0
0.0
0.0
0.0
0.0
0.0
0.0
0.0
0.0
0.0
0.0
0.0
0.0
0.0
0.0
0.0
0.0
0.0
0.0
0.0
0.0
0.0
0.0
0.0
0.0
0.0
0.0
0.0
0.0
0.0
0.0
0.0
0.0
0.0
0.0
0.0
0.0
0.0
0.0
0.0
0.0
0.0
0.0
0.0
0.0
0.0
0.0
0.0
0.0
0.0
0.0
0.0
0.0
0.0
0.0
0.0
0.0
0.0
0.0
0.0
0.0
0.0
0.0
0.0
0.0
0.0
0.0
0.0
0.0
