0.0
0.0
0.0
0.0
0.0
0.0
0.0
0.0
0.0
0.0
0.0
0.0
0.0
0.0
0.0
0.0
0.0
0.0
0.0
0.0
0.0
0.0
0.0
0.0
0.0
0.0
0.0
0.0
0.0
0.0
0.0
0.0
0.0
0.0
0.0
0.0
0.0
0.0
0.0
0.0
0.0
0.0
0.0
0.0
0.0
0.0
0.0
0.0
0.0
0.0
0.0
0.0
0.0
0.0
0.0
0.0
0.0
0.0
0.0
0.0
0.0
0.0
0.0
0.0
0.0
0.0
0.0
0.0
0.0
0.0
0.0
0.0
0.0
0.0
0.0
0.0
0.0
0.0
0.0
0.0
0.0
0.0
0.0
0.0
0.0
0.0
0.0
0.0
0.0
0.0
0.0
0.0
0.0
0.0
0.0
0.0
0.0
0.0
0.0
0.0
0.0
0.0
0.0
0.0
0.0
0.0
0.0
0.0
0.0
0.0
0.0
0.0
0.0
0.0
0.0
0.0
0.0
0.0
0.0
0.0
0.0
0.0
0.0
0.0
0.0
0.0
0.0
0.0
0.0
0.0
0.0
0.0
0.0
0.0
0.0
0.0
0.0
0.0
0.0
0.0
0.0
0.0
0.0
0.0
0.0
0.0
0.0
0.0
0.0
0.0
0.0
0.0
0.0
0.0
0.0
0.0
0.0
0.0
0.0
0.0
0.0
0.0
0.0
0.0
0.0
0.0
0.0
0.0
0.0
0.0
0.0
0.0
0.0
0.0
0.0
0.0
0.0
0.0
0.4
0.996078431372549
0.5647058823529412
0.0
0.0
0.0
0.0
0.0
0.0
0.0
0.0
0.0
0.0
0.0
0.0
0.0
0.0
0.0
0.0
0.0
0.0
0.0
0.0
0.0
0.0
0.0
0.0
0.3294117647058824
0.8274509803921568
0.9921568627450981
0.9019607843137255
0.1568627450980392
0.0
0.0
0.0
0.0
0.0
0.0
0.0
0.0
0.0
0.0
0.0
0.0
0.0
0.0
0.0
0.0
0.0
0.0
0.0
0.0
0.0
0.0
0.05882352941176472
0.8235294117647058
0.9921568627450981
0.9921568627450981
0.9921568627450981
0.2901960784313725
0.0
0.0
0.05882352941176472
0.07450980392156858
0.48235294117647054
0.5607843137254902
0.5607843137254902
0.1215686274509804
0.07450980392156858
0.0039215686274509665
0.0
0.0
0.0
0.0
0.0
0.0
0.0
0.0
0.0
0.0
0.0
0.0
0.388235294117647
0.9921568627450981
0.9921568627450981
0.9921568627450981
0.9921568627450981
0.33725490196078434
0.0
0.0
0.32156862745098036
0.803921568627451
0.8941176470588235
0.8941176470588235
0.9803921568627452
0.9921568627450981
0.9921568627450981
0.3764705882352941
0.0039215686274509665
0.0
0.0
0.0
0.0
0.0
0.0
0.0
0.0
0.0
0.0
0.04705882352941182
0.8352941176470589
0.9921568627450981
0.9333333333333333
0.9921568627450981
0.9921568627450981
0.7725490196078432
0.0
0.0
0.0
0.0
0.0
0.0
0.3411764705882353
0.9372549019607843
0.9921568627450981
0.9921568627450981
0.32156862745098036
0.0
0.0
0.0
0.0
0.0
0.0
0.0
0.0
0.0
0.007843137254901933
0.21176470588235297
0.9921568627450981
0.9764705882352941
0.4549019607843138
0.9921568627450981
0.9921568627450981
0.7725490196078432
0.0
0.0
0.0
0.0
0.0
0.0
0.0
0.3294117647058824
0.9490196078431372
0.9921568627450981
0.5764705882352941
0.0
0.0
0.0
0.0
0.0
0.0
0.0
0.0
0.0
0.37254901960784315
0.9921568627450981
0.9921568627450981
0.788235294117647
0.050980392156862786
0.7686274509803921
0.9921568627450981
0.8117647058823529
0.04705882352941182
0.0
0.0
0.0
0.0
0.0
0.0
0.0
0.9254901960784314
0.9921568627450981
0.9921568627450981
0.0
0.0
0.0
0.0
0.0
0.0
0.0
0.0
0.0
0.5333333333333333
0.9921568627450981
0.592156862745098
0.1215686274509804
0.0
0.6549019607843137
0.9921568627450981
0.9921568627450981
0.2666666666666667
0.0
0.0
0.0
0.0
0.0
0.0
0.0
0.9254901960784314
0.9921568627450981
0.9921568627450981
0.0
0.0
0.0
0.0
0.0
0.0
0.0
0.0
0.0
0.5333333333333333
0.9921568627450981
0.5137254901960784
0.0
0.0
0.5490196078431373
0.9921568627450981
0.9921568627450981
0.607843137254902
0.0
0.0
0.0
0.0
0.0
0.0
0.09411764705882353
0.9411764705882353
0.9921568627450981
0.6470588235294117
0.0
0.0
0.0
0.0
0.0
0.0
0.0
0.0
0.0
0.5333333333333333
0.9921568627450981
0.5372549019607843
0.0
0.0
0.12941176470588234
0.9176470588235295
0.9921568627450981
0.807843137254902
0.05882352941176472
0.0
0.0
0.0
0.0
0.0980392156862745
0.792156862745098
0.9921568627450981
0.9921568627450981
0.14901960784313728
0.0
0.0
0.0
0.0
0.0
0.0
0.0
0.0
0.019607843137254943
0.8823529411764706
0.9921568627450981
0.6470588235294117
0.0
0.0
0.0
0.5490196078431373
0.9921568627450981
0.9921568627450981
0.8117647058823529
0.3764705882352941
0.2705882352941177
0.2705882352941177
0.4509803921568627
0.8470588235294118
0.9921568627450981
0.9921568627450981
0.5098039215686274
0.007843137254901933
0.0
0.0
0.0
0.0
0.0
0.0
0.0
0.0
0.027450980392156876
0.9921568627450981
0.9921568627450981
0.4117647058823529
0.0
0.0
0.0
0.14117647058823535
0.7647058823529411
0.9921568627450981
0.9921568627450981
0.9921568627450981
0.9921568627450981
0.9921568627450981
0.9921568627450981
0.9921568627450981
0.9921568627450981
0.7215686274509804
0.03137254901960784
0.0
0.0
0.0
0.0
0.0
0.0
0.0
0.0
0.0
0.027450980392156876
0.9921568627450981
0.9921568627450981
0.4117647058823529
0.0
0.0
0.0
0.0
0.04313725490196074
0.6235294117647059
0.9921568627450981
0.9921568627450981
0.9921568627450981
0.9921568627450981
0.8784313725490196
0.6745098039215687
0.23921568627450984
0.015686274509803977
0.0
0.0
0.0
0.0
0.0
0.0
0.0
0.0
0.0
0.0
0.027450980392156876
0.9921568627450981
0.9686274509803922
0.2705882352941177
0.0
0.0
0.0
0.0
0.0
0.04313725490196074
0.1686274509803921
0.1686274509803921
0.1686274509803921
0.1686274509803921
0.10588235294117643
0.0
0.0
0.0
0.0
0.0
0.0
0.0
0.0
0.0
0.0
0.0
0.0
0.0
0.20392156862745103
0.9921568627450981
0.9215686274509804
0.0
0.0
0.0
0.0
0.0
0.0
0.0
0.0
0.0
0.0
0.0
0.0
0.0
0.0
0.0
0.0
0.0
0.0
0.0
0.0
0.0
0.0
0.0
0.0
0.0
0.5098039215686274
0.9921568627450981
0.9215686274509804
0.0
0.0
0.0
0.0
0.0
0.0
0.0
0.0
0.0
0.0
0.0
0.0
0.0
0.0
0.0
0.0
0.0
0.0
0.0
0.0
0.0
0.0
0.0
0.0
0.0
0.9529411764705882
0.9921568627450981
0.48235294117647054
0.0
0.0
0.0
0.0
0.0
0.0
0.0
0.0
0.0
0.0
0.0
0.0
0.0
0.0
0.0
0.0
0.0
0.0
0.0
0.0
0.0
0.0
0.0
0.0
0.0
0.996078431372549
0.9725490196078431
0.2431372549019608
0.0
0.0
0.0
0.0
0.0
0.0
0.0
0.0
0.0
0.0
0.0
0.0
0.0
0.0
0.0
0.0
0.0
0.0
0.0
0.0
0.0
0.0
0.0
0.0
0.0
0.996078431372549
0.9450980392156862
0.0
0.0
0.0
0.0
0.0
0.0
0.0
0.0
0.0
0.0
0.0
0.0
0.0
0.0
0.0
0.0
0.0
0.0
0.0
0.0
0.0
0.0
0.0
0.0
0.0
0.0
0.5098039215686274
0.24705882352941178
0.0
0.0
0.0
0.0
0.0
0.0
0.0
0.0
0.0
0.0
0.0
0.0
0.0
0.0
0.0
0.0
0.0
0.0
0.0
0.0
0.0
0.0
0.0
0.0
0.0
0.0
0.0
0.0
0.0
0.0
0.0
0.0
0.0
0.0
0.0
0.0
0.0
0.0
0.0
0.0
0.0
0.0
0.0
0.0
0.0
0.0
0.0
0.0
0.0
0.0
0.0
0.0
0.0
0.0
0.0
0.0
0.0
0.0
0.0
0.0
0.0
0.0
0.0
0.0
0.0
0.0
0.0
0.0
0.0
0.0
0.0
0.0
0.0
0.0
0.0
0.0
0.0
