0.0
0.0
0.0
0.0
0.0
0.0
0.0
0.0
0.0
0.0
0.0
0.0
0.0
0.0
0.0
0.0
0.0
0.0
0.0
0.0
0.0
0.0
0.0
0.0
0.0
0.0
0.0
0.0
0.0
0.0
0.0
0.0
0.0
0.0
0.0
0.0
0.0
0.0
0.0
0.0
0.0
0.0
0.0
0.0
0.0
0.0
0.0
0.0
0.0
0.0
0.0
0.0
0.0
0.0
0.0
0.0
0.0
0.0
0.0
0.0
0.0
0.0
0.0
0.0
0.0
0.0
0.0
0.0
0.0
0.0
0.0
0.0
0.0
0.0
0.0
0.0
0.0
0.0
0.0
0.0
0.0
0.0
0.0
0.0
0.0
0.0
0.0
0.0
0.0
0.0
0.0
0.0
0.0
0.0
0.0
0.0
0.0
0.0
0.0
0.0
0.0
0.0
0.0
0.0
0.0
0.0
0.0
0.0
0.0
0.0
0.0
0.0
0.0
0.0
0.0
0.0
0.0
0.0
0.0
0.0
0.0
0.0
0.0
0.0
0.0
0.0
0.0
0.0
0.03529411764705881
0.5019607843137255
1.0
0.9921568627450981
0.9921568627450981
0.9921568627450981
0.788235294117647
0.0
0.0
0.0
0.0
0.0
0.0
0.0
0.0
0.0
0.0
0.0
0.0
0.0
0.0
0.0
0.0
0.0
0.0
0.0
0.0
0.0
0.6509803921568628
0.9882352941176471
0.8549019607843137
0.36078431372549025
0.36078431372549025
0.8745098039215686
0.9882352941176471
0.0
0.0
0.0
0.0
0.0
0.0
0.0
0.0
0.0
0.0
0.0
0.0
0.0
0.0
0.0
0.0
0.0
0.0
0.0
0.0
0.19999999999999996
0.9411764705882353
0.6588235294117647
0.12549019607843137
0.0
0.0
0.8117647058823529
0.9882352941176471
0.0
0.0
0.0
0.0
0.0
0.0
0.0
0.0
0.0
0.0
0.0
0.0
0.0
0.0
0.0
0.0
0.0
0.0
0.0
0.0
0.4392156862745098
0.9882352941176471
0.5372549019607843
0.0
0.0
0.22352941176470587
0.9568627450980391
0.9882352941176471
0.0
0.0
0.0
0.0
0.0
0.0
0.0
0.0
0.0
0.0
0.0
0.0
0.0
0.0
0.0
0.0
0.0
0.0
0.0
0.0
0.7215686274509804
0.9882352941176471
0.12549019607843137
0.0
0.0
0.4784313725490196
0.9882352941176471
0.9882352941176471
0.0
0.0
0.0
0.0
0.0
0.0
0.0
0.0
0.0
0.14117647058823535
0.8705882352941177
0.8274509803921568
0.050980392156862786
0.0
0.0
0.0
0.0
0.0
0.0
0.0
0.5176470588235293
0.9921568627450981
0.33725490196078434
0.0
0.10196078431372546
0.8705882352941177
0.9921568627450981
0.5019607843137255
0.0
0.0
0.0
0.0
0.0
0.0
0.0
0.0
0.019607843137254943
0.6980392156862745
0.9882352941176471
0.9882352941176471
0.0862745098039216
0.0
0.0
0.0
0.0
0.0
0.0
0.0
0.43529411764705883
0.9882352941176471
0.6196078431372549
0.019607843137254943
0.5333333333333333
0.9882352941176471
0.7568627450980392
0.03137254901960784
0.0
0.0
0.0
0.0
0.0
0.0
0.0
0.0
0.09411764705882353
0.9882352941176471
0.9882352941176471
0.8901960784313725
0.06274509803921569
0.0
0.0
0.0
0.0
0.0
0.0
0.0
0.27450980392156865
0.9882352941176471
0.9882352941176471
0.5411764705882354
0.9882352941176471
0.9882352941176471
0.3019607843137255
0.0
0.0
0.0
0.0
0.0
0.0
0.0
0.0
0.0
0.2588235294117647
0.9882352941176471
0.9882352941176471
0.6274509803921569
0.0
0.0
0.0
0.0
0.0
0.0
0.0
0.0
0.1725490196078432
0.9254901960784314
0.9882352941176471
0.9921568627450981
0.9882352941176471
0.7647058823529411
0.03529411764705881
0.0
0.0
0.0
0.0
0.0
0.0
0.0
0.0
0.0
0.5411764705882354
0.9882352941176471
0.9882352941176471
0.2196078431372549
0.0
0.0
0.0
0.0
0.0
0.0
0.0
0.0
0.0
0.8117647058823529
0.9882352941176471
0.9921568627450981
0.9058823529411765
0.18823529411764706
0.0
0.0
0.0
0.0
0.0
0.0
0.0
0.0
0.0
0.0
0.792156862745098
0.9921568627450981
0.8431372549019608
0.08235294117647063
0.0
0.0
0.0
0.0
0.0
0.0
0.0
0.0
0.14901960784313728
0.9137254901960784
0.9921568627450981
1.0
0.5647058823529412
0.0
0.0
0.0
0.0
0.0
0.0
0.0
0.0
0.0
0.0
0.0
0.9921568627450981
0.9882352941176471
0.6352941176470588
0.0
0.0
0.0
0.0
0.0
0.0
0.0
0.0
0.11764705882352944
0.607843137254902
0.9882352941176471
0.9882352941176471
0.9921568627450981
0.36078431372549025
0.0
0.0
0.0
0.0
0.0
0.0
0.0
0.0
0.0
0.0
0.0
0.9921568627450981
0.9882352941176471
0.2705882352941177
0.0
0.0
0.0
0.0
0.0
0.0
0.0
0.19215686274509802
0.8941176470588235
0.9882352941176471
0.9882352941176471
0.9882352941176471
0.9921568627450981
0.6862745098039216
0.0
0.0
0.0
0.0
0.0
0.0
0.0
0.0
0.0
0.0
0.0
0.8274509803921568
0.9882352941176471
0.43529411764705883
0.0
0.0
0.0
0.0
0.0
0.0
0.5333333333333333
0.9137254901960784
0.9882352941176471
0.9882352941176471
0.5254901960784314
0.5882352941176471
0.9921568627450981
0.9568627450980391
0.2196078431372549
0.0
0.0
0.0
0.0
0.0
0.0
0.0
0.0
0.0
0.0
0.33725490196078434
0.9882352941176471
0.8431372549019608
0.4549019607843138
0.04313725490196074
0.04313725490196074
0.37254901960784315
0.33333333333333337
0.8235294117647058
0.9803921568627452
0.9921568627450981
0.9058823529411765
0.4156862745098039
0.015686274509803977
0.0
0.788235294117647
0.9882352941176471
0.803921568627451
0.08235294117647063
0.0
0.0
0.0
0.0
0.0
0.0
0.0
0.0
0.0
0.0862745098039216
0.9176470588235295
0.9921568627450981
0.9921568627450981
0.9921568627450981
1.0
0.9921568627450981
0.9921568627450981
0.9921568627450981
0.9529411764705882
0.8666666666666667
0.16470588235294115
0.0
0.0
0.0
0.5019607843137255
0.9921568627450981
0.9921568627450981
0.45882352941176474
0.0117647058823529
0.0
0.0
0.0
0.0
0.0
0.0
0.0
0.0
0.0
0.06666666666666665
0.6862745098039216
0.8745098039215686
0.9882352941176471
0.9921568627450981
0.9882352941176471
0.9411764705882353
0.807843137254902
0.23529411764705888
0.0
0.0
0.0
0.0
0.0
0.07450980392156858
0.9254901960784314
0.9882352941176471
0.9882352941176471
0.0862745098039216
0.0
0.0
0.0
0.0
0.0
0.0
0.0
0.0
0.0
0.0
0.0
0.0980392156862745
0.2705882352941177
0.2705882352941177
0.3529411764705882
0.3176470588235294
0.0
0.0
0.0
0.0
0.0
0.0
0.0
0.0
0.3058823529411765
0.9882352941176471
0.9882352941176471
0.5372549019607843
0.0
0.0
0.0
0.0
0.0
0.0
0.0
0.0
0.0
0.0
0.0
0.0
0.0
0.0
0.0
0.0
0.0
0.0
0.0
0.0
0.0
0.0
0.0
0.0
0.11764705882352944
0.8901960784313725
0.9882352941176471
0.9882352941176471
0.0
0.0
0.0
0.0
0.0
0.0
0.0
0.0
0.0
0.0
0.0
0.0
0.0
0.0
0.0
0.0
0.0
0.0
0.0
0.0
0.0
0.0
0.0
0.0
0.0
0.18823529411764706
0.9098039215686274
0.9882352941176471
0.0
0.0
0.0
0.0
0.0
0.0
0.0
0.0
0.0
0.0
0.0
0.0
0.0
0.0
0.0
0.0
0.0
0.0
0.0
0.0
0.0
0.0
0.0
0.0
0.0
0.0
0.0
0.0
0.0
0.0
0.0
0.0
0.0
0.0
0.0
0.0
0.0
0.0
0.0
0.0
0.0
0.0
0.0
0.0
0.0
0.0
0.0
0.0
0.0
0.0
0.0
0.0
0.0
0.0
0.0
0.0
0.0
0.0
0.0
0.0
0.0
0.0
0.0
0.0
0.0
0.0
0.0
0.0
0.0
0.0
0.0
0.0
0.0
0.0
0.0
0.0
0.0
0.0
0.0
0.0
0.0
0.0
0.0
0.0
0.0
0.0
0.0
0.0
0.0
0.0
0.0
0.0
0.0
0.0
0.0
0.0
0.0
0.0
0.0
0.0
0.0
0.0
0.0
0.0
0.0
0.0
0.0
0.0
0.0
0.0
0.0
0.0
0.0
0.0
0.0
0.0
0.0
