0.0
0.0
0.0
0.0
0.0
0.0
0.0
0.0
0.0
0.0
0.0
0.0
0.0
0.0
0.0
0.0
0.0
0.0
0.0
0.0
0.0
0.0
0.0
0.0
0.0
0.0
0.0
0.0
0.0
0.0
0.0
0.0
0.0
0.0
0.0
0.0
0.0
0.0
0.0
0.0
0.0
0.0
0.0
0.0
0.0
0.0
0.0
0.0
0.0
0.0
0.0
0.0
0.0
0.0
0.0
0.0
0.0
0.0
0.0
0.0
0.0
0.0
0.0
0.0
0.0
0.0
0.0
0.0
0.0
0.0
0.0
0.0
0.0
0.0
0.0
0.0
0.0
0.0
0.0
0.0
0.0
0.0
0.0
0.0
0.0
0.0
0.0
0.0
0.0
0.0
0.0
0.0
0.0
0.0
0.0
0.0
0.0
0.0
0.0
0.0
0.0
0.0
0.0
0.0
0.0
0.12549019607843137
0.0039215686274509665
0.0
0.0
0.0
0.0
0.0
0.0
0.0
0.0
0.0
0.0
0.0
0.0
0.0
0.0
0.0
0.0
0.0
0.007843137254901933
0.03529411764705881
0.019607843137254943
0.0
0.0
0.0
0.0
0.0
0.0
0.6941176470588235
0.2941176470588235
0.0039215686274509665
0.0
0.0
0.0
0.0
0.0
0.0
0.0
0.0
0.0
0.0
0.0
0.0
0.0
0.0
0.0
0.0
0.2588235294117647
0.996078431372549
0.4901960784313726
0.0
0.0
0.0
0.0
0.0
0.0
0.17647058823529416
0.9764705882352941
0.1725490196078432
0.0
0.0
0.0
0.0
0.0
0.0
0.0
0.0
0.0
0.0
0.0
0.0
0.0
0.0
0.0
0.07058823529411762
0.7764705882352941
0.996078431372549
0.18039215686274512
0.0
0.0
0.0
0.0
0.0
0.0
0.0
0.6901960784313725
0.7019607843137254
0.0039215686274509665
0.0
0.0
0.0
0.0
0.0
0.0
0.0
0.0
0.0
0.0
0.0
0.0
0.0
0.0117647058823529
0.592156862745098
0.996078431372549
0.9333333333333333
0.10588235294117643
0.0
0.0
0.0
0.0
0.0
0.0
0.0
0.29803921568627456
0.996078431372549
0.04313725490196074
0.0
0.0
0.0
0.0
0.0
0.0
0.0
0.0
0.0
0.0
0.0
0.0
0.0117647058823529
0.5098039215686274
0.996078431372549
0.9607843137254902
0.8470588235294118
0.0
0.0
0.0
0.0
0.0
0.0
0.0
0.0
0.2666666666666667
0.9921568627450981
0.3411764705882353
0.0
0.0
0.0
0.0
0.0
0.0
0.0
0.0
0.0
0.04313725490196074
0.07450980392156858
0.0
0.2666666666666667
0.996078431372549
0.8666666666666667
0.5058823529411764
0.9137254901960784
0.08235294117647063
0.0
0.0
0.0
0.0
0.0
0.0
0.0
0.0
0.8196078431372549
0.592156862745098
0.0
0.0
0.0
0.0
0.0
0.0
0.0
0.0
0.0
0.615686274509804
0.6627450980392157
0.07450980392156858
0.8549019607843137
0.9058823529411765
0.19215686274509802
0.4627450980392157
0.996078431372549
0.18039215686274512
0.0
0.0
0.0
0.0
0.0
0.0
0.0
0.0
0.596078431372549
0.7098039215686274
0.0
0.0
0.0
0.0
0.0
0.0
0.0
0.0
0.0
0.6862745098039216
0.9686274509803922
0.788235294117647
0.9843137254901961
0.3803921568627451
0.0
0.4117647058823529
0.996078431372549
0.22745098039215683
0.0
0.0
0.0
0.0
0.0
0.0
0.0
0.0
0.3137254901960784
0.996078431372549
0.0
0.0
0.0
0.0
0.0
0.0
0.0
0.0
0.0
0.6862745098039216
0.996078431372549
0.9843137254901961
0.6549019607843137
0.0
0.0
0.1098039215686275
0.9647058823529412
0.2901960784313725
0.0
0.0
0.0
0.0
0.0
0.0
0.0
0.0
0.3137254901960784
0.996078431372549
0.0
0.0
0.0
0.0
0.0
0.0
0.0
0.0
0.0117647058823529
0.8431372549019608
0.996078431372549
0.7019607843137254
0.0
0.0
0.0
0.0
0.8
0.5019607843137255
0.0
0.0
0.0
0.0
0.0
0.0
0.0
0.0
0.41960784313725485
0.996078431372549
0.0
0.0
0.0
0.0
0.0
0.0
0.0
0.0
0.08235294117647063
0.996078431372549
0.9058823529411765
0.1333333333333333
0.0
0.0
0.0
0.0
0.8
0.6745098039215687
0.0
0.0
0.0
0.0
0.0
0.0
0.0
0.0
0.5882352941176471
0.996078431372549
0.0
0.0
0.0
0.0
0.0
0.0
0.0
0.0
0.6980392156862745
0.996078431372549
0.33725490196078434
0.0
0.0
0.0
0.0
0.0
0.6235294117647059
0.9725490196078431
0.14117647058823535
0.0
0.0
0.0
0.0
0.0
0.0
0.0
0.6392156862745098
0.996078431372549
0.0
0.0
0.0
0.0
0.0
0.0
0.0
0.0
0.9215686274509804
0.996078431372549
0.2941176470588235
0.0
0.0
0.0
0.0
0.0
0.1843137254901961
0.996078431372549
0.4549019607843138
0.0
0.0
0.0
0.0
0.0
0.0
0.0
0.9294117647058824
0.9176470588235295
0.0
0.0
0.0
0.0
0.0
0.0
0.0
0.0
0.6705882352941177
0.9764705882352941
0.12549019607843137
0.0
0.0
0.0
0.0
0.0
0.06274509803921569
0.8941176470588235
0.8274509803921568
0.039215686274509776
0.0
0.0
0.0
0.0
0.0
0.1725490196078432
0.9803921568627452
0.584313725490196
0.0
0.0
0.0
0.0
0.0
0.0
0.0
0.0
0.6705882352941177
0.9607843137254902
0.0
0.0
0.0
0.0
0.0
0.0
0.0
0.3254901960784313
0.996078431372549
0.3176470588235294
0.0
0.0
0.0
0.0
0.0
0.596078431372549
0.996078431372549
0.2549019607843137
0.0
0.0
0.0
0.0
0.0
0.0
0.0
0.0
0.9764705882352941
0.8705882352941177
0.0
0.0
0.0
0.0
0.0
0.0
0.0
0.1215686274509804
0.8588235294117648
0.9176470588235295
0.26274509803921564
0.0
0.0
0.0
0.07843137254901966
0.9411764705882353
0.7137254901960784
0.007843137254901933
0.0
0.0
0.0
0.0
0.0
0.0
0.0
0.0
1.0
0.8392156862745098
0.0
0.0
0.0
0.0
0.0
0.0
0.0
0.0
0.14509803921568631
0.8549019607843137
0.9843137254901961
0.6588235294117647
0.6196078431372549
0.6196078431372549
0.9411764705882353
0.9058823529411765
0.14509803921568631
0.0
0.0
0.0
0.0
0.0
0.0
0.0
0.0
0.0
0.8941176470588235
0.9607843137254902
0.0
0.0
0.0
0.0
0.0
0.0
0.0
0.0
0.0
0.08235294117647063
0.6431372549019607
0.8588235294117648
0.996078431372549
0.9137254901960784
0.6823529411764706
0.16078431372549018
0.0
0.0
0.0
0.0
0.0
0.0
0.0
0.0
0.0
0.0
0.0117647058823529
0.015686274509803977
0.0
0.0
0.0
0.0
0.0
0.0
0.0
0.0
0.0
0.0
0.0
0.007843137254901933
0.015686274509803977
0.0117647058823529
0.0
0.0
0.0
0.0
0.0
0.0
0.0
0.0
0.0
0.0
0.0
0.0
0.0
0.0
0.0
0.0
0.0
0.0
0.0
0.0
0.0
0.0
0.0
0.0
0.0
0.0
0.0
0.0
0.0
0.0
0.0
0.0
0.0
0.0
0.0
0.0
0.0
0.0
0.0
0.0
0.0
0.0
0.0
0.0
0.0
0.0
0.0
0.0
0.0
0.0
0.0
0.0
0.0
0.0
0.0
0.0
0.0
0.0
0.0
0.0
0.0
0.0
0.0
0.0
0.0
0.0
0.0
0.0
0.0
0.0
0.0
0.0
0.0
0.0
0.0
0.0
0.0
0.0
0.0
0.0
0.0
0.0
0.0
0.0
0.0
0.0
0.0
0.0
0.0
0.0
0.0
0.0
0.0
0.0
0.0
0.0
0.0
0.0
0.0
0.0
0.0
0.0
0.0
0.0
0.0
0.0
0.0
0.0
0.0
0.0
0.0
0.0
0.0
0.0
0.0
0.0
0.0
0.0
0.0
0.0
0.0
0.0
0.0
0.0
0.0
0.0
0.0
0.0
0.0
0.0
0.0
0.0
0.0
0.0
0.0
0.0
0.0
0.0
0.0
0.0
0.0
0.0
0.0
0.0
0.0
0.0
0.0
