0.0
0.0
0.0
0.0
0.0
0.0
0.0
0.0
0.0
0.0
0.0
0.0
0.0
0.0
0.0
0.0
0.0
0.0
0.0
0.0
0.0
0.0
0.0
0.0
0.0
0.0
0.0
0.0
0.0
0.0
0.0
0.0
0.0
0.0
0.0
0.0
0.0
0.0
0.0
0.0
0.0
0.0
0.0
0.0
0.0
0.0
0.0
0.0
0.0
0.0
0.0
0.0
0.0
0.0
0.0
0.0
0.0
0.0
0.0
0.0
0.0
0.0
0.0
0.0
0.0
0.0
0.0
0.0
0.0
0.0
0.0
0.0
0.0
0.0
0.0
0.0
0.0
0.0
0.0
0.0
0.0
0.0
0.0
0.0
0.0
0.0
0.0
0.0
0.0
0.0
0.0
0.0
0.0
0.0
0.0
0.0
0.0
0.0
0.0
0.0
0.0
0.0
0.0
0.0
0.0
0.0
0.0
0.0
0.0
0.0
0.0
0.0
0.0
0.0
0.0
0.0
0.0
0.0
0.0
0.0
0.0
0.0
0.0
0.0
0.0
0.0
0.0
0.0
0.0
0.0
0.0
0.0
0.0
0.0
0.0
0.0
0.0
0.0
0.0
0.0
0.0
0.0
0.0
0.0
0.0
0.0
0.0
0.0
0.0
0.0
0.0
0.0
0.0
0.36078431372549025
0.9921568627450981
1.0
0.9921568627450981
0.9921568627450981
0.9921568627450981
0.9921568627450981
1.0
0.3529411764705882
0.0
0.0
0.0
0.0
0.0
0.0
0.0
0.0
0.0
0.0
0.0
0.0
0.0
0.0
0.0
0.0
0.14901960784313728
0.5137254901960784
0.8823529411764706
0.9529411764705882
0.9882352941176471
0.9921568627450981
0.9882352941176471
0.9882352941176471
0.9882352941176471
0.9882352941176471
0.9921568627450981
0.7647058823529411
0.07450980392156858
0.0
0.0
0.0
0.0
0.0
0.0
0.0
0.0
0.0
0.0
0.0
0.0
0.0
0.0
0.0
0.44313725490196076
0.9882352941176471
0.9882352941176471
0.9882352941176471
0.9882352941176471
0.9921568627450981
0.9882352941176471
0.9882352941176471
0.9882352941176471
0.9882352941176471
0.9921568627450981
0.9882352941176471
0.21568627450980393
0.0
0.0
0.0
0.0
0.0
0.0
0.0
0.0
0.0
0.0
0.0
0.0
0.0
0.0
0.0
0.8117647058823529
0.9882352941176471
0.9882352941176471
0.9882352941176471
0.9882352941176471
0.9921568627450981
0.9490196078431372
0.8745098039215686
0.5058823529411764
0.388235294117647
0.9921568627450981
0.9882352941176471
0.584313725490196
0.0
0.0
0.0
0.0
0.0
0.0
0.0
0.0
0.0
0.0
0.0
0.0
0.0
0.0
0.30980392156862746
0.9921568627450981
0.9882352941176471
0.8627450980392157
0.803921568627451
0.9882352941176471
0.9921568627450981
0.34901960784313724
0.0
0.30980392156862746
0.5490196078431373
0.9921568627450981
0.9882352941176471
0.7647058823529411
0.0
0.0
0.0
0.0
0.0
0.0
0.0
0.0
0.0
0.0
0.0
0.0
0.0
0.11372549019607847
0.9921568627450981
1.0
0.8431372549019608
0.5882352941176471
0.9921568627450981
0.9921568627450981
0.8
0.05882352941176472
0.0
0.0
0.0
1.0
0.9921568627450981
0.7686274509803921
0.0
0.0
0.0
0.0
0.0
0.0
0.0
0.0
0.0
0.0
0.0
0.0
0.0
0.603921568627451
0.9882352941176471
0.9921568627450981
0.7647058823529411
0.8431372549019608
0.9882352941176471
0.8
0.05882352941176472
0.0
0.0
0.0
0.0
0.9921568627450981
0.9882352941176471
0.7647058823529411
0.0
0.0
0.0
0.0
0.0
0.0
0.0
0.0
0.0
0.0
0.0
0.0
0.050980392156862786
0.7333333333333334
0.9882352941176471
0.8941176470588236
0.8392156862745098
0.9882352941176471
0.9882352941176471
0.4392156862745098
0.0
0.0
0.0
0.0
0.0
0.9921568627450981
0.9882352941176471
0.7647058823529411
0.0
0.0
0.0
0.0
0.0
0.0
0.0
0.0
0.0
0.0
0.0
0.0
0.22352941176470587
0.9882352941176471
0.9882352941176471
0.5490196078431373
0.6980392156862745
0.9882352941176471
0.5411764705882354
0.14509803921568631
0.0
0.0
0.0
0.0
0.0
0.9921568627450981
0.9882352941176471
0.7647058823529411
0.0
0.0
0.0
0.0
0.0
0.0
0.0
0.0
0.0
0.0
0.0
0.0
0.22352941176470587
0.9882352941176471
0.9882352941176471
0.7960784313725491
0.9411764705882353
0.9882352941176471
0.3294117647058824
0.0
0.0
0.0
0.0
0.0
0.0
0.9921568627450981
0.9882352941176471
0.7647058823529411
0.0
0.0
0.0
0.0
0.0
0.0
0.0
0.0
0.0
0.0
0.0
0.0
0.22352941176470587
0.9921568627450981
0.9921568627450981
0.6901960784313725
0.9921568627450981
0.7686274509803921
0.0
0.0
0.0
0.0
0.0
0.0
0.0
1.0
0.9921568627450981
0.2196078431372549
0.0
0.0
0.0
0.0
0.0
0.0
0.0
0.0
0.0
0.0
0.0
0.0
0.7137254901960784
0.9882352941176471
0.9882352941176471
0.9921568627450981
0.9882352941176471
0.580392156862745
0.0
0.0
0.0
0.0
0.0
0.0
0.49411764705882355
0.9921568627450981
0.8745098039215686
0.14509803921568631
0.0
0.0
0.0
0.0
0.0
0.0
0.0
0.0
0.0
0.0
0.0
0.0
0.34509803921568627
0.9882352941176471
0.9882352941176471
0.9921568627450981
0.7294117647058824
0.04705882352941182
0.0
0.0
0.0
0.0
0.0
0.027450980392156876
0.6470588235294117
0.9921568627450981
0.6549019607843137
0.0
0.0
0.0
0.0
0.0
0.0
0.0
0.0
0.0
0.0
0.0
0.0
0.0
0.5882352941176471
0.9882352941176471
0.9882352941176471
0.9921568627450981
0.6549019607843137
0.0
0.0
0.0
0.0
0.0
0.0
0.48235294117647054
0.9882352941176471
0.9411764705882353
0.2784313725490196
0.0
0.0
0.0
0.0
0.0
0.0
0.0
0.0
0.0
0.0
0.0
0.0
0.0
0.4666666666666667
0.9882352941176471
0.9882352941176471
0.9921568627450981
0.6549019607843137
0.0
0.0
0.0
0.0
0.0
0.12549019607843137
0.8431372549019608
0.9882352941176471
0.5490196078431373
0.0
0.0
0.0
0.0
0.0
0.0
0.0
0.0
0.0
0.0
0.0
0.0
0.0
0.0
0.7764705882352941
0.9921568627450981
0.9921568627450981
1.0
0.10588235294117643
0.0
0.0
0.0
0.0
0.0
0.7764705882352941
0.9921568627450981
0.9921568627450981
0.0
0.0
0.0
0.0
0.0
0.0
0.0
0.0
0.0
0.0
0.0
0.0
0.0
0.0
0.0
0.2823529411764706
0.9882352941176471
0.9882352941176471
0.9921568627450981
0.10588235294117643
0.0
0.0
0.0
0.14901960784313728
0.5137254901960784
0.9647058823529412
0.9490196078431372
0.6549019607843137
0.0
0.0
0.0
0.0
0.0
0.0
0.0
0.0
0.0
0.0
0.0
0.0
0.0
0.0
0.0
0.1725490196078432
0.9137254901960784
0.9882352941176471
0.9921568627450981
0.607843137254902
0.6509803921568628
0.7098039215686274
0.22352941176470587
0.8705882352941177
0.9882352941176471
0.9372549019607843
0.3764705882352941
0.0
0.0
0.0
0.0
0.0
0.0
0.0
0.0
0.0
0.0
0.0
0.0
0.0
0.0
0.0
0.0
0.0
0.5882352941176471
0.9372549019607843
0.9921568627450981
0.9882352941176471
0.9882352941176471
0.9882352941176471
0.9882352941176471
0.9921568627450981
0.9490196078431372
0.3764705882352941
0.0
0.0
0.0
0.0
0.0
0.0
0.0
0.0
0.0
0.0
0.0
0.0
0.0
0.0
0.0
0.0
0.0
0.0
0.0
0.24705882352941178
0.4392156862745098
0.4392156862745098
0.4392156862745098
0.803921568627451
0.9882352941176471
0.4392156862745098
0.2901960784313725
0.0
0.0
0.0
0.0
0.0
0.0
0.0
0.0
0.0
0.0
0.0
0.0
0.0
0.0
0.0
0.0
0.0
0.0
0.0
0.0
0.0
0.0
0.0
0.0
0.0
0.0
0.0
0.0
0.0
0.0
0.0
0.0
0.0
0.0
0.0
0.0
0.0
0.0
0.0
0.0
0.0
0.0
0.0
0.0
0.0
0.0
0.0
0.0
0.0
0.0
0.0
0.0
0.0
0.0
0.0
0.0
0.0
0.0
0.0
0.0
0.0
0.0
0.0
0.0
0.0
0.0
0.0
0.0
0.0
0.0
0.0
0.0
0.0
0.0
0.0
0.0
0.0
0.0
0.0
0.0
0.0
0.0
0.0
0.0
0.0
0.0
0.0
0.0
0.0
0.0
0.0
0.0
0.0
0.0
0.0
