0.0
0.0
0.0
0.0
0.0
0.0
0.0
0.0
0.0
0.0
0.0
0.0
0.0
0.0
0.0
0.0
0.0
0.0
0.0
0.0
0.0
0.0
0.0
0.0
0.0
0.0
0.0
0.0
0.0
0.0
0.0
0.0
0.0
0.0
0.0
0.0
0.0
0.0
0.0
0.0
0.0
0.0
0.0
0.0
0.0
0.0
0.0
0.0
0.0
0.0
0.0
0.0
0.0
0.0
0.0
0.0
0.0
0.0
0.0
0.0
0.0
0.0
0.0
0.0
0.0
0.0
0.0
0.0
0.0
0.0
0.0
0.0
0.0
0.0
0.0
0.0
0.0
0.0
0.0
0.0
0.0
0.0
0.0
0.0
0.0
0.0
0.0
0.0
0.0
0.0
0.0
0.0
0.0
0.0
0.0
0.0
0.0
0.0
0.0
0.0
0.0
0.0
0.0
0.0
0.0
0.0
0.0
0.0
0.0
0.0
0.0
0.0
0.0
0.0
0.0
0.0
0.0
0.0
0.0
0.0
0.0
0.0
0.0
0.0
0.0
0.0
0.0
0.0
0.0
0.0
0.0
0.0
0.0
0.0
0.0
0.0
0.0
0.0
0.0
0.0
0.0
0.0
0.0
0.0
0.0
0.0
0.0
0.0
0.0
0.0
0.0
0.0
0.0
0.0
0.0
0.0
0.0
0.0
0.0
0.0
0.0
0.0
0.0
0.0
0.0
0.0
0.0
0.0
0.0
0.0
0.0
0.0
0.0
0.0
0.0
0.0
0.0
0.0
0.0
0.0
0.0
0.0
0.0
0.0
0.0
0.0
0.0
0.0
0.0
0.0
0.0
0.0
0.0
0.0
0.0
0.0
0.0
0.0
0.0
0.0
0.0
0.0
0.0
0.0
0.0
0.0
0.0
0.0
0.0
0.0
0.0
0.0
0.0
0.0
0.0
0.0
0.0
0.0
0.4666666666666667
0.5686274509803921
0.0
0.0
0.0
0.0
0.0
0.0
0.0
0.0
0.0
0.0
0.0
0.07450980392156858
0.5098039215686274
0.04313725490196074
0.0
0.0
0.0
0.0
0.06274509803921569
0.06274509803921569
0.0
0.0
0.0
0.0
0.04313725490196074
0.615686274509804
0.9843137254901961
0.9764705882352941
0.1686274509803921
0.0
0.0
0.0
0.0
0.0
0.0
0.0
0.0
0.0
0.10588235294117643
0.7215686274509804
0.9921568627450981
0.07843137254901966
0.0
0.0
0.0
0.25098039215686274
0.8784313725490196
0.8745098039215686
0.0117647058823529
0.0
0.0
0.0
0.05882352941176472
0.9019607843137255
0.9921568627450981
0.9921568627450981
0.4666666666666667
0.0
0.0
0.0
0.0
0.0
0.0
0.0
0.0
0.0117647058823529
0.5725490196078431
0.9921568627450981
0.9725490196078431
0.07450980392156858
0.0
0.0
0.14117647058823535
0.9098039215686274
0.9921568627450981
0.8117647058823529
0.0117647058823529
0.0
0.0
0.0
0.0
0.29803921568627456
0.9843137254901961
0.9921568627450981
0.584313725490196
0.0
0.0
0.0
0.0
0.0
0.0
0.0
0.0
0.1843137254901961
0.9921568627450981
0.9921568627450981
0.6666666666666667
0.0
0.0
0.0
0.6509803921568628
0.9921568627450981
0.9921568627450981
0.607843137254902
0.0
0.0
0.0
0.0
0.0
0.0
0.8549019607843137
0.9921568627450981
0.8549019607843137
0.0
0.0
0.0
0.0
0.0
0.0
0.0
0.0
0.36078431372549025
0.9921568627450981
0.9921568627450981
0.3294117647058824
0.0
0.0
0.05490196078431375
0.9372549019607843
0.9921568627450981
0.9921568627450981
0.43529411764705883
0.0
0.0
0.0
0.0
0.0
0.0
0.5137254901960784
0.9921568627450981
0.9921568627450981
0.0
0.0
0.0
0.0
0.0
0.0
0.0
0.0
0.6745098039215687
0.9921568627450981
0.5725490196078431
0.10196078431372546
0.0
0.0
0.06274509803921569
0.9921568627450981
0.9921568627450981
0.8666666666666667
0.07843137254901966
0.0
0.0
0.0
0.0
0.0
0.0
0.5294117647058824
0.9921568627450981
0.9098039215686274
0.0
0.0
0.0
0.0
0.0
0.0
0.0
0.0
1.0
0.9921568627450981
0.039215686274509776
0.0
0.0
0.0
0.06274509803921569
0.9921568627450981
0.9921568627450981
0.788235294117647
0.0
0.0
0.0
0.0
0.0
0.0
0.0
0.8549019607843137
0.9921568627450981
0.43137254901960786
0.0
0.0
0.0
0.0
0.0
0.0
0.0
0.0
0.996078431372549
0.9921568627450981
0.039215686274509776
0.0
0.0
0.0
0.05490196078431375
0.9372549019607843
0.9921568627450981
0.788235294117647
0.0
0.0
0.0
0.0
0.0
0.0
0.2196078431372549
0.9333333333333333
0.8666666666666667
0.07843137254901966
0.0
0.0
0.0
0.0
0.0
0.0
0.0
0.0
1.0
0.9921568627450981
0.18039215686274512
0.0
0.0
0.0
0.35686274509803917
0.9098039215686274
0.9921568627450981
0.8627450980392157
0.07058823529411762
0.0
0.0
0.0
0.0
0.03137254901960784
0.7843137254901961
0.9921568627450981
0.4627450980392157
0.0
0.0
0.0
0.0
0.0
0.0
0.0
0.0
0.0
0.7803921568627451
0.9921568627450981
0.8470588235294118
0.03529411764705881
0.0
0.20392156862745103
0.9137254901960784
0.9921568627450981
0.9921568627450981
0.9921568627450981
0.788235294117647
0.06274509803921569
0.0
0.0
0.09019607843137256
0.5254901960784314
0.9921568627450981
0.7372549019607844
0.02352941176470591
0.0
0.0
0.0
0.0
0.0
0.0
0.0
0.0
0.0
0.4666666666666667
0.9921568627450981
0.9921568627450981
0.7843137254901961
0.7137254901960784
0.9098039215686274
0.9921568627450981
0.5254901960784314
0.29803921568627456
0.9921568627450981
0.9921568627450981
0.8313725490196078
0.7137254901960784
0.3803921568627451
0.9137254901960784
0.9921568627450981
0.6784313725490196
0.1568627450980392
0.0
0.0
0.0
0.0
0.0
0.0
0.0
0.0
0.0
0.0
0.019607843137254943
0.41960784313725485
0.9411764705882353
0.9921568627450981
0.9176470588235295
0.7960784313725491
0.6470588235294117
0.03529411764705881
0.0039215686274509665
0.34901960784313724
0.8627450980392157
0.9921568627450981
0.9921568627450981
0.9843137254901961
0.788235294117647
0.4745098039215686
0.03529411764705881
0.0
0.0
0.0
0.0
0.0
0.0
0.0
0.0
0.0
0.0
0.0
0.0
0.0
0.18039215686274512
0.3254901960784313
0.027450980392156876
0.0
0.0
0.0
0.0
0.0
0.12941176470588234
0.3254901960784313
0.3254901960784313
0.615686274509804
0.0
0.0
0.0
0.0
0.0
0.0
0.0
0.0
0.0
0.0
0.0
0.0
0.0
0.0
0.0
0.0
0.0
0.0
0.0
0.0
0.0
0.0
0.0
0.0
0.0
0.0
0.0
0.0
0.0
0.0
0.0
0.0
0.0
0.0
0.0
0.0
0.0
0.0
0.0
0.0
0.0
0.0
0.0
0.0
0.0
0.0
0.0
0.0
0.0
0.0
0.0
0.0
0.0
0.0
0.0
0.0
0.0
0.0
0.0
0.0
0.0
0.0
0.0
0.0
0.0
0.0
0.0
0.0
0.0
0.0
0.0
0.0
0.0
0.0
0.0
0.0
0.0
0.0
0.0
0.0
0.0
0.0
0.0
0.0
0.0
0.0
0.0
0.0
0.0
0.0
0.0
0.0
0.0
0.0
0.0
0.0
0.0
0.0
0.0
0.0
0.0
0.0
0.0
0.0
0.0
0.0
0.0
0.0
0.0
0.0
0.0
0.0
0.0
0.0
0.0
0.0
0.0
0.0
0.0
0.0
0.0
0.0
0.0
0.0
0.0
0.0
0.0
0.0
0.0
0.0
0.0
0.0
0.0
0.0
0.0
0.0
0.0
0.0
0.0
0.0
0.0
0.0
0.0
0.0
0.0
0.0
0.0
0.0
0.0
0.0
0.0
0.0
0.0
0.0
0.0
0.0
0.0
0.0
0.0
0.0
0.0
0.0
0.0
0.0
0.0
0.0
0.0
0.0
0.0
0.0
0.0
0.0
0.0
0.0
0.0
0.0
0.0
0.0
0.0
0.0
0.0
0.0
0.0
0.0
0.0
0.0
0.0
0.0
0.0
0.0
0.0
0.0
0.0
0.0
0.0
0.0
0.0
0.0
0.0
0.0
0.0
0.0
0.0
0.0
0.0
