0.0
0.0
0.0
0.0
0.0
0.0
0.0
0.0
0.0
0.0
0.0
0.0
0.0
0.0
0.0
0.0
0.0
0.0
0.0
0.0
0.0
0.0
0.0
0.0
0.0
0.0
0.0
0.0
0.0
0.0
0.0
0.0
0.0
0.0
0.0
0.0
0.0
0.0
0.0
0.0
0.0
0.0
0.0
0.0
0.0
0.0
0.0
0.0
0.0
0.0
0.0
0.0
0.0
0.0
0.0
0.0
0.0
0.0
0.0
0.0
0.0
0.0
0.0
0.0
0.0
0.0
0.0
0.0
0.0
0.0
0.0
0.0
0.0
0.0
0.0
0.0
0.0
0.0
0.0
0.0
0.0
0.0
0.0
0.0
0.0
0.0
0.0
0.0
0.0
0.0
0.0
0.0
0.0
0.0
0.0
0.0
0.0
0.0
0.0
0.0
0.11372549019607847
0.5098039215686274
0.8588235294117648
0.11372549019607847
0.0
0.0
0.0
0.0
0.0
0.0
0.0
0.0
0.0
0.0
0.0
0.0
0.0
0.0
0.0
0.0
0.0
0.0
0.0
0.0
0.0
0.0
0.0
0.20392156862745103
0.9098039215686274
0.9882352941176471
0.9921568627450981
0.9058823529411765
0.06274509803921569
0.0
0.0
0.0
0.0
0.0
0.0
0.0
0.0
0.0
0.0
0.0
0.0
0.0
0.0
0.0
0.0
0.0
0.0
0.0
0.0
0.0
0.1686274509803921
0.9176470588235294
0.8666666666666667
0.6666666666666667
0.7843137254901961
0.9882352941176471
0.4627450980392157
0.0
0.0
0.0
0.0
0.0
0.0
0.0
0.0
0.0
0.0
0.0
0.0
0.0
0.0
0.0
0.0
0.0
0.0
0.0
0.0
0.0
0.33333333333333337
0.9686274509803922
0.38431372549019605
0.0
0.580392156862745
0.9882352941176471
0.49411764705882355
0.0
0.0
0.0
0.0
0.0
0.0
0.0
0.0
0.0
0.0
0.0
0.0
0.0
0.0
0.0
0.0
0.0
0.0
0.0
0.0
0.0
0.6784313725490196
0.9058823529411765
0.0
0.0
0.23529411764705888
0.9882352941176471
0.49411764705882355
0.0
0.0
0.0
0.0
0.0
0.0
0.0
0.0
0.0
0.0
0.0
0.0
0.0
0.0
0.0
0.0
0.0
0.0
0.0
0.0
0.1686274509803921
0.9921568627450981
0.6666666666666667
0.0
0.0
0.580392156862745
0.9921568627450981
0.4980392156862745
0.0
0.0
0.0
0.0
0.0
0.0
0.0
0.0
0.0
0.0
0.0
0.0
0.0
0.0
0.0
0.05882352941176472
0.08235294117647063
0.0
0.0
0.0
0.48235294117647054
0.9882352941176471
0.1843137254901961
0.0
0.0
0.580392156862745
0.9882352941176471
0.49411764705882355
0.0
0.0
0.0
0.0
0.0
0.0
0.0
0.0
0.0
0.0
0.0
0.0
0.0
0.0
0.38431372549019605
0.9294117647058824
0.4549019607843138
0.0
0.0
0.0
0.580392156862745
0.9882352941176471
0.08235294117647063
0.0
0.0
0.580392156862745
0.9882352941176471
0.11372549019607847
0.0
0.0
0.0
0.0
0.0
0.0
0.0
0.0
0.0
0.0
0.0
0.0
0.0
0.0
0.6901960784313725
0.9921568627450981
0.6588235294117647
0.0
0.0
0.0
0.580392156862745
0.9882352941176471
0.1843137254901961
0.0
0.0
0.8549019607843137
0.9882352941176471
0.08235294117647063
0.0
0.0
0.0
0.0
0.0
0.0
0.0
0.0
0.0
0.0
0.0
0.0
0.0
0.38431372549019605
0.9647058823529412
0.9254901960784314
0.21176470588235297
0.0
0.0
0.0
0.580392156862745
0.9882352941176471
0.49411764705882355
0.0
0.0
0.9921568627450981
0.8509803921568627
0.04705882352941182
0.0
0.0
0.0
0.0
0.0
0.0
0.0
0.0
0.0
0.0
0.0
0.0
0.0
0.6627450980392157
0.9921568627450981
0.8313725490196078
0.0
0.0
0.0
0.0
0.14117647058823535
0.9529411764705882
0.7843137254901961
0.3058823529411765
0.0980392156862745
1.0
0.6588235294117647
0.0
0.0
0.0
0.0
0.0
0.0
0.0
0.0
0.0
0.0
0.0
0.0
0.0
0.03137254901960784
0.7725490196078432
0.9882352941176471
0.5137254901960784
0.0
0.0
0.0
0.0
0.0
0.607843137254902
0.9882352941176471
0.9882352941176471
0.8862745098039215
0.9921568627450981
0.5176470588235293
0.0
0.0
0.0
0.0
0.0
0.0
0.0
0.0
0.0
0.0
0.0
0.0
0.0
0.2941176470588235
0.9882352941176471
0.9568627450980393
0.207843137254902
0.0
0.0
0.0
0.0
0.0
0.027450980392156876
0.6313725490196078
0.8235294117647058
0.9882352941176471
0.9921568627450981
0.24705882352941178
0.0
0.0
0.0
0.0
0.0
0.0
0.0
0.0
0.0
0.0
0.0
0.0
0.0
0.4980392156862745
0.9882352941176471
0.5764705882352941
0.0
0.0
0.0
0.0
0.0
0.0
0.0
0.02352941176470591
0.5725490196078431
0.9882352941176471
0.9921568627450981
0.34901960784313724
0.0
0.0
0.0
0.0
0.0
0.0
0.0
0.0
0.0
0.0
0.0
0.0
0.0
0.6705882352941177
0.9882352941176471
0.2313725490196078
0.0
0.0
0.0
0.0
0.0
0.0
0.0
0.0862745098039216
0.9882352941176471
0.9882352941176471
0.9921568627450981
0.6588235294117647
0.0
0.0
0.0
0.0
0.0
0.0
0.0
0.0
0.0
0.0
0.0
0.0
0.0
0.9137254901960784
0.9921568627450981
0.16470588235294115
0.0
0.0
0.0
0.0
0.0
0.0
0.196078431372549
0.788235294117647
0.9921568627450981
0.9921568627450981
0.7568627450980392
0.9921568627450981
0.08235294117647063
0.0
0.0
0.0
0.0
0.0
0.0
0.0
0.0
0.0
0.0
0.0
0.0
0.7725490196078432
0.9882352941176471
0.7843137254901961
0.0
0.0
0.0
0.0
0.14117647058823535
0.403921568627451
0.8274509803921568
0.9882352941176471
0.9882352941176471
0.3686274509803922
0.2705882352941177
0.9882352941176471
0.2549019607843137
0.0
0.0
0.0
0.0
0.0
0.0
0.0
0.0
0.0
0.0
0.0
0.0
0.45882352941176474
0.9607843137254902
0.9882352941176471
0.7411764705882353
0.6
0.5294117647058824
0.6313725490196078
0.8745098039215686
0.9921568627450981
0.9882352941176471
0.9137254901960784
0.2196078431372549
0.015686274509803977
0.15294117647058825
0.45882352941176474
0.007843137254901933
0.0
0.0
0.0
0.0
0.0
0.0
0.0
0.0
0.0
0.0
0.0
0.0
0.0
0.3254901960784313
0.8431372549019608
0.9921568627450981
0.9882352941176471
0.9882352941176471
0.9882352941176471
0.9882352941176471
0.8470588235294118
0.7058823529411764
0.16470588235294115
0.0
0.0
0.0
0.0
0.0
0.0
0.0
0.0
0.0
0.0
0.0
0.0
0.0
0.0
0.0
0.0
0.0
0.0
0.0
0.07058823529411762
0.16470588235294115
0.611764705882353
0.9215686274509804
0.7137254901960784
0.4745098039215686
0.07058823529411762
0.07058823529411762
0.0
0.0
0.0
0.0
0.0
0.0
0.0
0.0
0.0
0.0
0.0
0.0
0.0
0.0
0.0
0.0
0.0
0.0
0.0
0.0
0.0
0.0
0.0
0.0
0.0
0.0
0.0
0.0
0.0
0.0
0.0
0.0
0.0
0.0
0.0
0.0
0.0
0.0
0.0
0.0
0.0
0.0
0.0
0.0
0.0
0.0
0.0
0.0
0.0
0.0
0.0
0.0
0.0
0.0
0.0
0.0
0.0
0.0
0.0
0.0
0.0
0.0
0.0
0.0
0.0
0.0
0.0
0.0
0.0
0.0
0.0
0.0
0.0
0.0
0.0
0.0
0.0
0.0
0.0
0.0
0.0
0.0
0.0
0.0
0.0
0.0
0.0
0.0
0.0
0.0
0.0
0.0
0.0
0.0
0.0
0.0
0.0
0.0
0.0
0.0
0.0
0.0
0.0
0.0
0.0
0.0
0.0
0.0
0.0
0.0
0.0
0.0
0.0
0.0
0.0
0.0
0.0
0.0
0.0
0.0
0.0
0.0
0.0
0.0
0.0
0.0
0.0
0.0
0.0
0.0
0.0
0.0
0.0
0.0
0.0
0.0
0.0
0.0
0.0
0.0
0.0
0.0
0.0
0.0
0.0
0.0
0.0
0.0
0.0
0.0
0.0
0.0
0.0
