0.0
0.0
0.0
0.0
0.0
0.0
0.0
0.0
0.0
0.0
0.0
0.0
0.0
0.0
0.0
0.0
0.0
0.0
0.0
0.0
0.0
0.0
0.0
0.0
0.0
0.0
0.0
0.0
0.0
0.0
0.0
0.0
0.0
0.0
0.0
0.0
0.0
0.0
0.0
0.0
0.0
0.0
0.0
0.0
0.0
0.0
0.0
0.0
0.0
0.0
0.0
0.0
0.0
0.0
0.0
0.0
0.0
0.0
0.0
0.0
0.0
0.0
0.0
0.0
0.0
0.0
0.0
0.0
0.0
0.0
0.0
0.0
0.0
0.0
0.0
0.0
0.0
0.0
0.0
0.0
0.0
0.0
0.0
0.0
0.0
0.0
0.0
0.0
0.0
0.0
0.0
0.0
0.0
0.0
0.0
0.0
0.0
0.0
0.0
0.0
0.0
0.0
0.0
0.0
0.0
0.0
0.0
0.0
0.0
0.0
0.0
0.0
0.0
0.0
0.0
0.0
0.0
0.0
0.0
0.0
0.0
0.0
0.0
0.0
0.0
0.0
0.0
0.0
0.0
0.0
0.0
0.0
0.0
0.0
0.0
0.0
0.0
0.0
0.0
0.0
0.0
0.0
0.0
0.0
0.0
0.0
0.0
0.0
0.0
0.0
0.0
0.0
0.0
0.0
0.0
0.0
0.0
0.0
0.0
0.0
0.0
0.0
0.0
0.0
0.0
0.0
0.0
0.0
0.0
0.0
0.0
0.0
0.0
0.0
0.0
0.0
0.0
0.0
0.0
0.0
0.0
0.0
0.0
0.0
0.0
0.0
0.0
0.0
0.0
0.0
0.0
0.0
0.0
0.0
0.0
0.0
0.0
0.0
0.0
0.0
0.0
0.0
0.0
0.0
0.0
0.0
0.0
0.0
0.0
0.0
0.0
0.0
0.0
0.0
0.0
0.0
0.0
0.0
0.0
0.0
0.0
0.0
0.0
0.0
0.0
0.0
0.0
0.0
0.0
0.0
0.0
0.0
0.0
0.1725490196078432
0.4745098039215686
0.6235294117647059
0.4
0.0
0.0
0.0
0.0
0.0
0.0
0.07843137254901966
0.4745098039215686
0.2666666666666667
0.050980392156862786
0.0
0.0
0.0
0.0
0.0
0.0
0.0
0.0
0.0
0.0
0.0
0.0
0.0
0.2901960784313725
0.9019607843137255
0.996078431372549
0.996078431372549
0.8862745098039215
0.07058823529411762
0.0
0.0
0.07058823529411762
0.29803921568627456
0.403921568627451
0.8392156862745098
0.996078431372549
0.996078431372549
0.8862745098039215
0.4666666666666667
0.06666666666666665
0.0
0.0
0.0
0.0
0.0
0.0
0.0
0.0
0.0
0.007843137254901933
0.2196078431372549
0.9333333333333333
0.996078431372549
0.8901960784313725
0.9647058823529412
0.996078431372549
0.43529411764705883
0.07058823529411762
0.2823529411764706
0.7803921568627451
0.996078431372549
0.996078431372549
0.996078431372549
0.996078431372549
0.996078431372549
0.996078431372549
0.996078431372549
0.7686274509803921
0.0
0.0
0.0
0.0
0.0
0.0
0.0
0.0
0.0
0.1725490196078432
0.996078431372549
0.996078431372549
0.7843137254901961
0.027450980392156876
0.7254901960784313
0.996078431372549
0.8980392156862745
0.8862745098039215
0.996078431372549
0.996078431372549
0.996078431372549
0.996078431372549
0.8352941176470589
0.5411764705882354
0.3294117647058824
0.7803921568627451
0.996078431372549
0.996078431372549
0.0
0.0
0.0
0.0
0.0
0.0
0.0
0.0
0.03529411764705881
0.8313725490196078
0.996078431372549
0.8627450980392157
0.039215686274509776
0.0
0.35686274509803917
0.996078431372549
0.996078431372549
0.996078431372549
0.996078431372549
0.8980392156862745
0.33333333333333337
0.05882352941176472
0.03137254901960784
0.0
0.0
0.019607843137254943
0.9647058823529412
0.996078431372549
0.0
0.0
0.0
0.0
0.0
0.0
0.0
0.0
0.6627450980392157
0.996078431372549
0.9019607843137255
0.17647058823529416
0.0
0.04705882352941182
0.7372549019607844
0.996078431372549
1.0
0.9254901960784314
0.30980392156862746
0.0862745098039216
0.0
0.0
0.0
0.0
0.0
0.0
0.9607843137254902
0.996078431372549
0.0
0.0
0.0
0.0
0.0
0.0
0.0
0.0
0.7686274509803921
0.9764705882352941
0.15294117647058825
0.0
0.17647058823529416
0.792156862745098
0.996078431372549
0.996078431372549
0.996078431372549
0.9176470588235295
0.11764705882352944
0.0
0.0
0.0
0.0
0.0
0.0
0.4274509803921569
0.996078431372549
0.996078431372549
0.0
0.0
0.0
0.0
0.0
0.0
0.0
0.0
0.7647058823529411
0.9764705882352941
0.14509803921568631
0.20392156862745103
0.7411764705882353
0.996078431372549
0.9921568627450981
0.6705882352941177
0.996078431372549
0.996078431372549
0.6705882352941177
0.007843137254901933
0.0
0.0
0.0
0.0
0.4392156862745098
0.9490196078431372
0.996078431372549
0.9921568627450981
0.0
0.0
0.0
0.0
0.0
0.0
0.0
0.0
0.4666666666666667
0.9568627450980391
0.7568627450980392
0.9490196078431372
0.996078431372549
0.8784313725490196
0.35686274509803917
0.05882352941176472
0.7568627450980392
0.996078431372549
0.996078431372549
0.7647058823529411
0.29803921568627456
0.23921568627450984
0.23921568627450984
0.5137254901960784
0.9686274509803922
0.996078431372549
0.9568627450980391
0.30980392156862746
0.0
0.0
0.0
0.0
0.0
0.0
0.0
0.0
0.0
0.1843137254901961
0.996078431372549
0.9921568627450981
0.8235294117647058
0.2705882352941177
0.0
0.0
0.05882352941176472
0.615686274509804
0.9647058823529412
0.996078431372549
0.996078431372549
0.996078431372549
0.996078431372549
0.996078431372549
0.996078431372549
0.9764705882352941
0.615686274509804
0.0
0.0
0.0
0.0
0.0
0.0
0.0
0.0
0.0
0.06274509803921569
0.7411764705882353
0.996078431372549
0.8117647058823529
0.0
0.0
0.0
0.0
0.0
0.0
0.14509803921568631
0.8941176470588235
0.996078431372549
0.996078431372549
0.996078431372549
0.996078431372549
0.6901960784313725
0.21568627450980393
0.0
0.0
0.0
0.0
0.0
0.0
0.0
0.0
0.0
0.0
0.7568627450980392
0.996078431372549
0.7333333333333334
0.06274509803921569
0.0
0.0
0.0
0.0
0.0
0.0
0.0
0.07450980392156858
0.11764705882352944
0.11764705882352944
0.11764705882352944
0.11764705882352944
0.0117647058823529
0.0
0.0
0.0
0.0
0.0
0.0
0.0
0.0
0.0
0.0
0.0
0.8784313725490196
0.8470588235294118
0.10588235294117643
0.0
0.0
0.0
0.0
0.0
0.0
0.0
0.0
0.0
0.0
0.0
0.0
0.0
0.0
0.0
0.0
0.0
0.0
0.0
0.0
0.0
0.0
0.0
0.0
0.0
0.28627450980392155
0.2666666666666667
0.0
0.0
0.0
0.0
0.0
0.0
0.0
0.0
0.0
0.0
0.0
0.0
0.0
0.0
0.0
0.0
0.0
0.0
0.0
0.0
0.0
0.0
0.0
0.0
0.0
0.0
0.0
0.0
0.0
0.0
0.0
0.0
0.0
0.0
0.0
0.0
0.0
0.0
0.0
0.0
0.0
0.0
0.0
0.0
0.0
0.0
0.0
0.0
0.0
0.0
0.0
0.0
0.0
0.0
0.0
0.0
0.0
0.0
0.0
0.0
0.0
0.0
0.0
0.0
0.0
0.0
0.0
0.0
0.0
0.0
0.0
0.0
0.0
0.0
0.0
0.0
0.0
0.0
0.0
0.0
0.0
0.0
0.0
0.0
0.0
0.0
0.0
0.0
0.0
0.0
0.0
0.0
0.0
0.0
0.0
0.0
0.0
0.0
0.0
0.0
0.0
0.0
0.0
0.0
0.0
0.0
0.0
0.0
0.0
0.0
0.0
0.0
0.0
0.0
0.0
0.0
0.0
0.0
0.0
0.0
0.0
0.0
0.0
0.0
0.0
0.0
0.0
0.0
0.0
0.0
0.0
0.0
0.0
0.0
0.0
0.0
0.0
0.0
0.0
0.0
0.0
0.0
0.0
0.0
0.0
0.0
0.0
0.0
0.0
0.0
0.0
0.0
0.0
0.0
0.0
0.0
0.0
0.0
0.0
0.0
0.0
0.0
0.0
0.0
0.0
0.0
0.0
0.0
0.0
0.0
0.0
0.0
0.0
0.0
0.0
0.0
0.0
0.0
0.0
0.0
0.0
0.0
0.0
0.0
0.0
0.0
0.0
0.0
0.0
