0.0
0.0
0.0
0.0
0.0
0.0
0.0
0.0
0.0
0.0
0.0
0.0
0.0
0.0
0.0
0.0
0.0
0.0
0.0
0.0
0.0
0.0
0.0
0.0
0.0
0.0
0.0
0.0
0.0
0.0
0.0
0.0
0.0
0.0
0.0
0.0
0.0
0.0
0.0
0.0
0.0
0.0
0.0
0.0
0.0
0.0
0.0
0.0
0.0
0.0
0.0
0.0
0.0
0.0
0.0
0.0
0.0
0.0
0.0
0.0
0.0
0.0
0.0
0.0
0.0
0.0
0.0
0.0
0.0
0.0
0.0
0.0
0.0
0.0
0.0
0.0
0.0
0.0
0.0
0.0
0.0
0.0
0.0
0.0
0.0
0.0
0.0
0.0
0.0
0.0
0.0
0.0
0.0
0.0
0.0
0.0
0.0
0.0
0.0
0.0
0.0
0.0
0.0
0.0
0.0
0.0
0.0
0.0
0.0
0.0
0.0
0.0
0.0
0.0
0.0
0.0
0.0
0.0
0.0
0.0
0.0
0.0
0.0
0.0
0.0
0.0
0.0
0.0
0.0
0.0
0.0
0.0
0.0
0.0
0.0
0.0
0.0
0.0
0.0
0.0
0.0
0.0
0.0
0.0
0.0
0.0
0.0
0.0
0.0
0.0
0.0
0.0
0.0
0.0
0.0
0.0
0.0
0.0
0.0
0.0
0.0
0.0
0.0
0.0
0.0
0.0
0.0
0.0
0.0
0.0
0.0
0.0
0.0
0.0
0.0
0.0
0.0
0.0
0.0
0.0
0.0
0.0
0.0
0.0
0.0
0.0
0.0
0.0
0.0
0.3019607843137255
0.6705882352941177
0.5411764705882354
0.0
0.0
0.0
0.0
0.0
0.0
0.0
0.0
0.0
0.0
0.0
0.0
0.0
0.0
0.0
0.027450980392156876
0.28627450980392155
0.611764705882353
0.6549019607843137
0.13725490196078427
0.0
0.0
0.0
0.0
0.0
0.0
0.45882352941176474
0.9803921568627452
0.21176470588235297
0.0
0.0
0.0
0.0
0.0
0.0
0.0
0.0
0.0
0.0
0.0
0.0
0.0
0.0
0.6235294117647059
0.996078431372549
0.996078431372549
0.996078431372549
0.6980392156862745
0.0
0.0
0.0
0.0
0.0
0.0
0.2666666666666667
0.996078431372549
0.2431372549019608
0.0
0.0
0.0
0.0
0.0
0.0
0.0
0.0
0.0
0.0
0.0
0.0
0.02352941176470591
0.6274509803921569
0.996078431372549
0.7215686274509804
0.39607843137254906
0.5058823529411764
0.9764705882352941
0.196078431372549
0.0
0.0
0.0
0.0
0.0
0.2666666666666667
0.996078431372549
0.2431372549019608
0.0
0.0
0.0
0.0
0.0
0.0
0.0
0.0
0.0
0.0
0.0
0.0
0.41960784313725485
0.996078431372549
0.7215686274509804
0.14509803921568631
0.0
0.10196078431372546
0.8745098039215686
0.7843137254901961
0.03529411764705881
0.0
0.0
0.0
0.0
0.2666666666666667
0.9843137254901961
0.2196078431372549
0.0
0.0
0.0
0.0
0.0
0.0
0.0
0.0
0.0
0.0
0.0
0.07843137254901966
0.7960784313725491
0.8823529411764706
0.12941176470588234
0.0
0.0
0.0
0.30980392156862746
0.996078431372549
0.20392156862745103
0.0
0.0
0.0
0.0
0.2666666666666667
0.8666666666666667
0.0
0.0
0.0
0.0
0.0
0.0
0.0
0.0
0.0
0.0
0.0
0.0
0.30980392156862746
0.9764705882352941
0.3803921568627451
0.0
0.0
0.0
0.0
0.04705882352941182
0.9333333333333333
0.4509803921568627
0.0
0.0
0.0
0.0
0.2666666666666667
0.8666666666666667
0.0
0.0
0.0
0.0
0.0
0.0
0.0
0.0
0.0
0.0
0.0
0.027450980392156876
0.7764705882352941
0.8745098039215686
0.0
0.0
0.0
0.0
0.0
0.0
0.6784313725490196
0.48235294117647054
0.0
0.0
0.0
0.0039215686274509665
0.32156862745098036
0.6941176470588235
0.0
0.0
0.0
0.0
0.0
0.0
0.0
0.0
0.0
0.0
0.0
0.48235294117647054
0.996078431372549
0.26274509803921564
0.0
0.0
0.0
0.0
0.0
0.0
0.6784313725490196
0.8274509803921568
0.0
0.0
0.0
0.14117647058823535
0.996078431372549
0.22352941176470587
0.0
0.0
0.0
0.0
0.0
0.0
0.0
0.0
0.0
0.0
0.0
0.7372549019607844
0.996078431372549
0.14901960784313728
0.0
0.0
0.0
0.0
0.0
0.0
0.3254901960784313
0.8274509803921568
0.0
0.0
0.0
0.611764705882353
0.8470588235294118
0.050980392156862786
0.0
0.0
0.0
0.0
0.0
0.0
0.0
0.0
0.0
0.0
0.0
0.43137254901960786
0.996078431372549
0.43529411764705883
0.0
0.0
0.0
0.0
0.0
0.0
0.1725490196078432
0.9333333333333333
0.1686274509803921
0.0
0.14509803921568631
0.9568627450980391
0.5686274509803921
0.0
0.0
0.0
0.0
0.0
0.0
0.0
0.0
0.0
0.0
0.0
0.0
0.11764705882352944
0.9176470588235295
0.10588235294117643
0.0
0.0
0.0
0.0
0.0
0.0
0.207843137254902
0.9764705882352941
0.4666666666666667
0.0
0.5294117647058824
0.9843137254901961
0.11372549019607847
0.0
0.0
0.0
0.0
0.0
0.0
0.0
0.0
0.0
0.0
0.0
0.0
0.4
0.807843137254902
0.027450980392156876
0.0
0.0
0.0
0.0
0.0
0.0
0.13725490196078427
0.9568627450980391
0.44313725490196076
0.22352941176470587
0.9294117647058824
0.42352941176470593
0.0
0.0
0.0
0.0
0.0
0.0
0.0
0.0
0.0
0.0
0.0
0.0
0.0
0.7372549019607844
0.996078431372549
0.14901960784313728
0.0
0.0
0.0
0.0
0.0
0.0
0.0
0.9098039215686274
0.9137254901960784
0.9294117647058824
0.7058823529411764
0.04705882352941182
0.0
0.0
0.0
0.0
0.0
0.0
0.0
0.0
0.0
0.0
0.0
0.0
0.03529411764705881
0.8117647058823529
0.8470588235294118
0.050980392156862786
0.0
0.0
0.0
0.0
0.0
0.0
0.0
0.25098039215686274
0.7137254901960784
0.7137254901960784
0.06666666666666665
0.0
0.0
0.0
0.0
0.0
0.0
0.0
0.0
0.0
0.0
0.0
0.0
0.0
0.11372549019607847
0.996078431372549
0.7725490196078432
0.0
0.0
0.0
0.0
0.0
0.0
0.0
0.0
0.0
0.0
0.0
0.0
0.0
0.0
0.0
0.0
0.0
0.0
0.0
0.0
0.0
0.0
0.0
0.0
0.0
0.2666666666666667
0.996078431372549
0.6196078431372549
0.0
0.0
0.0
0.0
0.0
0.0
0.0
0.0
0.0
0.0
0.0
0.0
0.0
0.0
0.0
0.0
0.0
0.0
0.0
0.0
0.0
0.0
0.0
0.0
0.0
0.49411764705882355
0.996078431372549
0.2941176470588235
0.0
0.0
0.0
0.0
0.0
0.0
0.0
0.0
0.0
0.0
0.0
0.0
0.0
0.0
0.0
0.0
0.0
0.0
0.0
0.0
0.0
0.0
0.0
0.0
0.0
0.8274509803921568
0.6784313725490196
0.0039215686274509665
0.0
0.0
0.0
0.0
0.0
0.0
0.0
0.0
0.0
0.0
0.0
0.0
0.0
0.0
0.0
0.0
0.0
0.0
0.0
0.0
0.0
0.0
0.0
0.0
0.09411764705882353
0.8313725490196078
0.1568627450980392
0.0
0.0
0.0
0.0
0.0
0.0
0.0
0.0
0.0
0.0
0.0
0.0
0.0
0.0
0.0
0.0
0.0
0.0
0.0
0.0
0.0
0.0
0.0
0.0
0.0
0.0
0.0
0.0
0.0
0.0
0.0
0.0
0.0
0.0
0.0
0.0
0.0
0.0
0.0
0.0
0.0
0.0
0.0
0.0
0.0
0.0
0.0
0.0
0.0
0.0
0.0
0.0
0.0
0.0
0.0
0.0
0.0
0.0
0.0
0.0
0.0
0.0
0.0
0.0
0.0
0.0
0.0
0.0
0.0
0.0
0.0
0.0
0.0
0.0
0.0
0.0
