0.0
0.0
0.0
0.0
0.0
0.0
0.0
0.0
0.0
0.0
0.0
0.0
0.0
0.0
0.0
0.0
0.0
0.0
0.0
0.0
0.0
0.0
0.0
0.0
0.0
0.0
0.0
0.0
0.0
0.0
0.0
0.0
0.0
0.0
0.0
0.0
0.0
0.0
0.0
0.0
0.0
0.0
0.0
0.0
0.0
0.0
0.0
0.0
0.0
0.0
0.0
0.0
0.0
0.0
0.0
0.0
0.0
0.0
0.0
0.0
0.0
0.0
0.0
0.0
0.0
0.0
0.0
0.0
0.0
0.0
0.0
0.0
0.0
0.0
0.0
0.0
0.0
0.0
0.0
0.0
0.0
0.0
0.0
0.0
0.0
0.0
0.0
0.0
0.0
0.0
0.0
0.0
0.0
0.0
0.0
0.0
0.0
0.0
0.0
0.0
0.0
0.0
0.0
0.0
0.0
0.0
0.0
0.0
0.0
0.0
0.0
0.0
0.0
0.0
0.0
0.0
0.0
0.0
0.0
0.0
0.0
0.0
0.0
0.0
0.0
0.0
0.0
0.0
0.0
0.0
0.0
0.0
0.0
0.0
0.0
0.0
0.0
0.0
0.0
0.0
0.0
0.0
0.0
0.0
0.0
0.0
0.0
0.0
0.0
0.0
0.0
0.0
0.0
0.0
0.0
0.0
0.0
0.0
0.0
0.0
0.0
0.0
0.0
0.0
0.0
0.0
0.0
0.0
0.0
0.0
0.0
0.0
0.0
0.0
0.0
0.0
0.0
0.0
0.0
0.0
0.0
0.0
0.0
0.0
0.0
0.0
0.0
0.0
0.0
0.0
0.0
0.0
0.0
0.0
0.0
0.0
0.0
0.0
0.0
0.0
0.0
0.0
0.0
0.0
0.0
0.0
0.0
0.0
0.17647058823529416
0.09411764705882353
0.0
0.0
0.0
0.2666666666666667
0.5450980392156863
0.807843137254902
0.592156862745098
0.0
0.0
0.0
0.0
0.0
0.0
0.0
0.0
0.0
0.0
0.0
0.0
0.0
0.0
0.0
0.0
0.0
0.039215686274509776
0.5294117647058824
0.9803921568627451
0.6745098039215687
0.0
0.0
0.5058823529411764
0.9843137254901961
0.996078431372549
0.996078431372549
0.8313725490196078
0.0
0.0
0.0
0.0
0.0
0.0
0.0
0.0
0.0
0.0
0.0
0.0
0.0
0.0
0.0
0.0
0.039215686274509776
0.8235294117647058
0.996078431372549
0.996078431372549
0.6313725490196078
0.0
0.2784313725490196
0.9921568627450981
0.996078431372549
0.996078431372549
0.996078431372549
0.3647058823529412
0.0
0.0
0.0
0.0
0.0
0.0
0.0
0.0
0.0
0.0
0.0
0.0
0.0
0.0
0.0
0.0117647058823529
0.5333333333333333
0.996078431372549
0.9921568627450981
0.7176470588235294
0.03529411764705881
0.050980392156862786
0.8745098039215686
0.996078431372549
0.996078431372549
0.9803921568627451
0.5098039215686274
0.007843137254901933
0.0
0.0
0.0
0.0
0.0
0.0
0.0
0.0
0.0
0.0
0.0
0.0
0.0
0.0
0.0
0.33333333333333337
0.996078431372549
0.996078431372549
0.6823529411764706
0.0
0.0
0.2823529411764706
0.996078431372549
0.996078431372549
0.9529411764705882
0.43137254901960786
0.0
0.0
0.0
0.0
0.0
0.0
0.0
0.0
0.0
0.0
0.0
0.0
0.0
0.0
0.0
0.0
0.14901960784313728
0.9215686274509804
0.996078431372549
0.8392156862745098
0.09411764705882353
0.0
0.007843137254901933
0.6901960784313725
0.996078431372549
0.9568627450980393
0.35686274509803917
0.0
0.0
0.0
0.0
0.0
0.0
0.0
0.0
0.0
0.0
0.0
0.0
0.0
0.0
0.0
0.0
0.039215686274509776
0.7294117647058824
0.996078431372549
0.8352941176470589
0.1215686274509804
0.0
0.027450980392156876
0.5764705882352941
0.996078431372549
0.996078431372549
0.2549019607843137
0.0
0.0
0.0
0.0
0.0
0.0
0.0
0.0
0.0
0.0
0.0
0.0
0.0
0.0
0.0
0.0
0.039215686274509776
0.7137254901960784
0.996078431372549
0.996078431372549
0.22352941176470587
0.0
0.027450980392156876
0.7215686274509804
0.996078431372549
0.996078431372549
0.7607843137254902
0.0039215686274509665
0.0
0.0
0.0
0.0
0.0
0.0
0.0
0.0
0.0
0.0
0.0
0.0
0.0
0.0
0.0
0.0
0.8196078431372549
0.996078431372549
0.9843137254901961
0.4274509803921569
0.0039215686274509665
0.0
0.6470588235294117
0.996078431372549
0.6313725490196078
0.6862745098039216
0.7215686274509804
0.0
0.0
0.0
0.0
0.0
0.0
0.0
0.0
0.15294117647058825
0.0
0.0
0.0
0.0
0.0
0.0
0.0
0.0
1.0
0.996078431372549
0.6549019607843137
0.0
0.019607843137254943
0.615686274509804
0.9803921568627451
0.7058823529411764
0.019607843137254943
0.43529411764705883
0.9490196078431372
0.0117647058823529
0.0
0.0
0.0
0.0
0.0
0.0
0.16078431372549018
0.8862745098039215
0.0
0.0
0.0
0.0
0.0
0.0
0.0
0.0
0.23921568627450984
0.9803921568627451
0.7215686274509804
0.3254901960784313
0.8431372549019608
0.996078431372549
0.7098039215686274
0.0117647058823529
0.0
0.14509803921568631
0.9843137254901961
0.2313725490196078
0.0
0.0
0.0
0.0
0.07058823529411762
0.7019607843137254
0.9725490196078431
0.996078431372549
0.0
0.0
0.0
0.0
0.0
0.0
0.0
0.0
0.0
0.4901960784313726
0.9882352941176471
0.996078431372549
0.9176470588235294
0.4117647058823529
0.019607843137254943
0.0
0.0
0.0
0.6431372549019607
0.8784313725490196
0.2705882352941177
0.2196078431372549
0.2196078431372549
0.42352941176470593
0.9490196078431372
0.996078431372549
0.9607843137254902
0.607843137254902
0.0
0.0
0.0
0.0
0.0
0.0
0.0
0.0
0.0
0.0
0.2666666666666667
0.36078431372549025
0.06274509803921569
0.0
0.0
0.0
0.0
0.0
0.10196078431372546
0.8705882352941177
0.996078431372549
0.996078431372549
0.996078431372549
0.996078431372549
0.996078431372549
0.7568627450980392
0.2196078431372549
0.0
0.0
0.0
0.0
0.0
0.0
0.0
0.0
0.0
0.0
0.0
0.0
0.0
0.0
0.0
0.0
0.0
0.0
0.0
0.0
0.12941176470588234
0.5176470588235293
0.5411764705882354
0.7450980392156863
0.5176470588235293
0.3803921568627451
0.02352941176470591
0.0
0.0
0.0
0.0
0.0
0.0
0.0
0.0
0.0
0.0
0.0
0.0
0.0
0.0
0.0
0.0
0.0
0.0
0.0
0.0
0.0
0.0
0.0
0.0
0.0
0.0
0.0
0.0
0.0
0.0
0.0
0.0
0.0
0.0
0.0
0.0
0.0
0.0
0.0
0.0
0.0
0.0
0.0
0.0
0.0
0.0
0.0
0.0
0.0
0.0
0.0
0.0
0.0
0.0
0.0
0.0
0.0
0.0
0.0
0.0
0.0
0.0
0.0
0.0
0.0
0.0
0.0
0.0
0.0
0.0
0.0
0.0
0.0
0.0
0.0
0.0
0.0
0.0
0.0
0.0
0.0
0.0
0.0
0.0
0.0
0.0
0.0
0.0
0.0
0.0
0.0
0.0
0.0
0.0
0.0
0.0
0.0
0.0
0.0
0.0
0.0
0.0
0.0
0.0
0.0
0.0
0.0
0.0
0.0
0.0
0.0
0.0
0.0
0.0
0.0
0.0
0.0
0.0
0.0
0.0
0.0
0.0
0.0
0.0
0.0
0.0
0.0
0.0
0.0
0.0
0.0
0.0
0.0
0.0
0.0
0.0
0.0
0.0
0.0
0.0
0.0
0.0
0.0
0.0
0.0
0.0
0.0
0.0
0.0
0.0
0.0
0.0
0.0
0.0
0.0
0.0
0.0
0.0
0.0
0.0
0.0
0.0
0.0
0.0
0.0
0.0
0.0
0.0
0.0
0.0
0.0
0.0
0.0
0.0
0.0
0.0
0.0
0.0
0.0
0.0
0.0
0.0
0.0
0.0
0.0
0.0
0.0
0.0
0.0
0.0
0.0
0.0
0.0
0.0
0.0
0.0
0.0
0.0
0.0
0.0
0.0
