0.0
0.0
0.0
0.0
0.0
0.0
0.0
0.0
0.0
0.0
0.0
0.0
0.0
0.0
0.0
0.0
0.0
0.0
0.0
0.0
0.0
0.0
0.0
0.0
0.0
0.0
0.0
0.0
0.0
0.0
0.0
0.0
0.0
0.0
0.0
0.0
0.0
0.0
0.0
0.0
0.0
0.0
0.0
0.0
0.0
0.0
0.0
0.0
0.0
0.0
0.0
0.0
0.0
0.0
0.0
0.0
0.0
0.0
0.0
0.0
0.0
0.0
0.0
0.0
0.0
0.0
0.0
0.0
0.0
0.0
0.0
0.0
0.0
0.0
0.0
0.0
0.0
0.0
0.0
0.0
0.0
0.0
0.0
0.0
0.0
0.0
0.0
0.0
0.0
0.0
0.0
0.0
0.0
0.0
0.0
0.0
0.0
0.0
0.0
0.0
0.0
0.0
0.0
0.0
0.0
0.0
0.0
0.0
0.0
0.0
0.0
0.0
0.0
0.0
0.0
0.0
0.0
0.0
0.0
0.0
0.0
0.0
0.0
0.0
0.0
0.0
0.0
0.0
0.0
0.0
0.0
0.0
0.0
0.0
0.0
0.0
0.0
0.0
0.0
0.0
0.0
0.0
0.0
0.0
0.0
0.0
0.0
0.0
0.0
0.0
0.0
0.0
0.0
0.0
0.0
0.0
0.0
0.0
0.0
0.0
0.0
0.0
0.0
0.0
0.0
0.0
0.0
0.0
0.0
0.0
0.0
0.0
0.0
0.0
0.0
0.0
0.0
0.0
0.0
0.0
0.0
0.0
0.0
0.0
0.0
0.0
0.0
0.0
0.0
0.0
0.0
0.0
0.0
0.0
0.0
0.0
0.0
0.0
0.0
0.0
0.0
0.0
0.0
0.0
0.0
0.0
0.0
0.0
0.0
0.0
0.0
0.0
0.0
0.0117647058823529
0.4784313725490196
0.603921568627451
0.7490196078431373
0.603921568627451
0.06666666666666665
0.0
0.0
0.0
0.0
0.0
0.0
0.0
0.0
0.0
0.0
0.0
0.0
0.0
0.0
0.0
0.0
0.0
0.0
0.0
0.0
0.0
0.08235294117647063
0.6352941176470588
0.996078431372549
0.9843137254901961
0.9764705882352941
0.996078431372549
0.2901960784313725
0.0
0.0
0.0
0.0
0.0
0.0
0.0
0.0
0.0
0.0
0.0
0.0
0.0
0.03529411764705881
0.3411764705882353
0.3411764705882353
0.05882352941176472
0.0
0.0
0.0
0.0
0.5686274509803921
0.996078431372549
0.9019607843137255
0.27450980392156865
0.3764705882352941
0.996078431372549
0.803921568627451
0.0862745098039216
0.0
0.0
0.0
0.0
0.0
0.0
0.0
0.0
0.0
0.0
0.0
0.0
0.0980392156862745
0.996078431372549
0.996078431372549
0.7686274509803921
0.06274509803921569
0.0
0.0
0.2588235294117647
0.9686274509803922
0.9764705882352941
0.15294117647058825
0.0
0.015686274509803977
0.8431372549019608
1.0
0.32156862745098036
0.0
0.0
0.0
0.0
0.0
0.0
0.0
0.0
0.0
0.0
0.0
0.019607843137254943
0.30980392156862746
0.996078431372549
0.996078431372549
0.996078431372549
0.7607843137254902
0.05490196078431375
0.0862745098039216
0.8235294117647058
0.9843137254901961
0.45882352941176474
0.0
0.0
0.0
0.2666666666666667
1.0
0.6470588235294117
0.0
0.0
0.0
0.0
0.0
0.0
0.0
0.0
0.0
0.0
0.0
0.4745098039215686
0.996078431372549
0.8901960784313725
0.3137254901960784
0.7607843137254902
0.996078431372549
0.7568627450980392
0.8705882352941177
0.996078431372549
0.5607843137254902
0.0
0.0
0.0
0.0
0.2666666666666667
1.0
0.996078431372549
0.0
0.0
0.0
0.0
0.0
0.0
0.0
0.0
0.0
0.0
0.5529411764705883
0.996078431372549
0.6941176470588235
0.03529411764705881
0.0
0.05490196078431375
0.7568627450980392
0.996078431372549
0.996078431372549
0.996078431372549
0.09411764705882353
0.0
0.0
0.0
0.0
0.2666666666666667
1.0
0.7098039215686274
0.0
0.0
0.0
0.0
0.0
0.0
0.0
0.0
0.0
0.42352941176470593
0.9490196078431372
0.8784313725490196
0.1568627450980392
0.0
0.0
0.0
0.07843137254901966
0.9568627450980391
0.996078431372549
0.7529411764705882
0.015686274509803977
0.0
0.0
0.0
0.0
0.2666666666666667
0.996078431372549
0.8313725490196078
0.0
0.0
0.0
0.0
0.0
0.0
0.0
0.0
0.1686274509803921
0.9568627450980391
0.996078431372549
0.13725490196078427
0.0
0.0
0.0
0.0
0.5764705882352941
0.996078431372549
0.996078431372549
0.9019607843137255
0.30980392156862746
0.0
0.0
0.0
0.0
0.2666666666666667
0.996078431372549
0.6196078431372549
0.0
0.0
0.0
0.0
0.0
0.0
0.0
0.0
0.596078431372549
0.996078431372549
0.8
0.007843137254901933
0.0
0.0
0.0
0.2784313725490196
0.9764705882352941
0.8941176470588235
0.4745098039215686
0.9450980392156862
0.9568627450980391
0.4627450980392157
0.0
0.0
0.0
0.4745098039215686
1.0
0.4156862745098039
0.0
0.0
0.0
0.0
0.0
0.0
0.0
0.0
0.9254901960784314
0.996078431372549
0.3411764705882353
0.0
0.0
0.0
0.10196078431372546
0.8235294117647058
0.9843137254901961
0.3529411764705882
0.0
0.2549019607843137
0.9529411764705882
0.9921568627450981
0.5411764705882354
0.06666666666666665
0.03137254901960784
0.9254901960784314
0.9921568627450981
0.23529411764705888
0.0
0.0
0.0
0.0
0.0
0.0
0.0
0.0
0.8941176470588235
0.996078431372549
0.4745098039215686
0.007843137254901933
0.0
0.207843137254902
0.8470588235294118
0.9764705882352941
0.34509803921568627
0.0
0.0
0.0
0.39607843137254906
0.8313725490196078
0.996078431372549
0.9450980392156862
0.7960784313725491
0.996078431372549
0.7568627450980392
0.0
0.0
0.0
0.0
0.0
0.0
0.0
0.0
0.0
0.388235294117647
0.9803921568627452
0.996078431372549
0.8235294117647058
0.7058823529411764
0.9725490196078431
0.9098039215686274
0.6392156862745098
0.0
0.0
0.0
0.0
0.0
0.05490196078431375
0.5764705882352941
0.8470588235294118
0.9647058823529412
0.9019607843137255
0.27450980392156865
0.0
0.0
0.0
0.0
0.0
0.0
0.0
0.0
0.0
0.0
0.23921568627450984
0.6
0.9725490196078431
0.9803921568627452
0.7058823529411764
0.25098039215686274
0.0
0.0
0.0
0.0
0.0
0.0
0.0
0.0
0.0
0.17647058823529416
0.08235294117647063
0.0
0.0
0.0
0.0
0.0
0.0
0.0
0.0
0.0
0.0
0.0
0.0
0.0
0.0
0.0
0.0
0.0
0.0
0.0
0.0
0.0
0.0
0.0
0.0
0.0
0.0
0.0
0.0
0.0
0.0
0.0
0.0
0.0
0.0
0.0
0.0
0.0
0.0
0.0
0.0
0.0
0.0
0.0
0.0
0.0
0.0
0.0
0.0
0.0
0.0
0.0
0.0
0.0
0.0
0.0
0.0
0.0
0.0
0.0
0.0
0.0
0.0
0.0
0.0
0.0
0.0
0.0
0.0
0.0
0.0
0.0
0.0
0.0
0.0
0.0
0.0
0.0
0.0
0.0
0.0
0.0
0.0
0.0
0.0
0.0
0.0
0.0
0.0
0.0
0.0
0.0
0.0
0.0
0.0
0.0
0.0
0.0
0.0
0.0
0.0
0.0
0.0
0.0
0.0
0.0
0.0
0.0
0.0
0.0
0.0
0.0
0.0
0.0
0.0
0.0
0.0
0.0
0.0
0.0
0.0
0.0
0.0
0.0
0.0
0.0
0.0
0.0
0.0
0.0
0.0
0.0
0.0
0.0
0.0
0.0
0.0
0.0
0.0
0.0
0.0
0.0
0.0
0.0
0.0
0.0
0.0
0.0
0.0
0.0
0.0
0.0
0.0
0.0
0.0
0.0
0.0
0.0
0.0
0.0
0.0
0.0
0.0
0.0
0.0
0.0
0.0
0.0
0.0
0.0
0.0
0.0
0.0
0.0
0.0
0.0
0.0
0.0
0.0
0.0
0.0
0.0
0.0
0.0
0.0
0.0
0.0
0.0
0.0
0.0
0.0
0.0
0.0
0.0
0.0
0.0
0.0
0.0
0.0
0.0
0.0
0.0
0.0
