0.0
0.0
0.0
0.0
0.0
0.0
0.0
0.0
0.0
0.0
0.0
0.0
0.0
0.0
0.0
0.0
0.0
0.0
0.0
0.0
0.0
0.0
0.0
0.0
0.0
0.0
0.0
0.0
0.0
0.0
0.0
0.0
0.0
0.0
0.0
0.0
0.0
0.0
0.0
0.0
0.0
0.0
0.0
0.0
0.0
0.0
0.0
0.0
0.0
0.0
0.0
0.0
0.0
0.0
0.0
0.0
0.0
0.0
0.0
0.0
0.0
0.0
0.0
0.0
0.0
0.0
0.0
0.0
0.0
0.0
0.0
0.0
0.0
0.0
0.0
0.0
0.0
0.0
0.0
0.0
0.0
0.0
0.0
0.0
0.0
0.0
0.0
0.0
0.0
0.0
0.0
0.0
0.0
0.0
0.0
0.0
0.0
0.0
0.0
0.0
0.0
0.0
0.0
0.0
0.0
0.0
0.0
0.0
0.0
0.0
0.0
0.0
0.0
0.0
0.0
0.0
0.0
0.0
0.0
0.0
0.0
0.0
0.0
0.0
0.0
0.0
0.0
0.0
0.0
0.0
0.0
0.0
0.0
0.0
0.0
0.0
0.0
0.0
0.0
0.0
0.0
0.0
0.0
0.0
0.0
0.4117647058823529
0.34901960784313724
0.0
0.0
0.0
0.0
0.0
0.0
0.0
0.0
0.0
0.0
0.0
0.0
0.0
0.0
0.0
0.0
0.0
0.0
0.0
0.0
0.0
0.0
0.0
0.0
0.0
0.0
0.996078431372549
0.8901960784313725
0.06666666666666665
0.0
0.0
0.0
0.0
0.0
0.0
0.0
0.0
0.0
0.0
0.0
0.0
0.0
0.0
0.0
0.0
0.0
0.0
0.0
0.0
0.0
0.0
0.0
0.0
0.0
0.6549019607843137
0.996078431372549
0.2901960784313725
0.0
0.0
0.0
0.0
0.0
0.0
0.0
0.0
0.0
0.0
0.0
0.0
0.0
0.0
0.0
0.0
0.0
0.0
0.0
0.0
0.0
0.0
0.0
0.0
0.0
0.49411764705882355
0.996078431372549
0.5882352941176471
0.0
0.0
0.0
0.0
0.0
0.0
0.0
0.0
0.0
0.0
0.0
0.07058823529411762
0.07450980392156858
0.07450980392156858
0.0039215686274509665
0.0
0.0
0.0
0.0
0.0
0.0
0.0
0.0
0.0
0.0
0.3686274509803922
0.996078431372549
0.7098039215686274
0.0
0.0
0.0
0.0
0.0
0.0
0.0
0.12549019607843137
0.0
0.015686274509803977
0.44705882352941173
0.9725490196078431
0.996078431372549
0.996078431372549
0.35686274509803917
0.1725490196078432
0.0
0.0
0.0
0.0
0.0
0.0
0.0
0.0
0.0
0.16470588235294115
0.9529411764705882
0.9568627450980393
0.0
0.0
0.0
0.0
0.0
0.14901960784313728
0.8666666666666667
0.7254901960784313
0.0
0.0039215686274509665
0.03529411764705881
0.03529411764705881
0.22745098039215683
0.8470588235294118
0.996078431372549
0.9764705882352941
0.33333333333333337
0.0
0.0
0.0
0.0
0.0
0.0
0.0
0.0
0.039215686274509776
0.9019607843137255
0.9568627450980393
0.0
0.0
0.0
0.0
0.027450980392156876
0.6745098039215687
0.996078431372549
0.5607843137254902
0.0
0.0
0.0
0.0
0.0
0.050980392156862786
0.607843137254902
0.996078431372549
0.803921568627451
0.0
0.0
0.0
0.0
0.0
0.0
0.0
0.0
0.196078431372549
0.9686274509803922
0.9843137254901961
0.24705882352941178
0.0
0.0
0.0
0.22352941176470587
0.996078431372549
0.996078431372549
0.0980392156862745
0.0
0.0
0.0
0.0
0.0
0.0
0.05882352941176472
0.8862745098039215
0.996078431372549
0.0
0.0
0.0
0.0
0.0
0.0
0.0
0.0
0.0980392156862745
0.9294117647058824
0.9882352941176471
0.24705882352941178
0.0
0.0
0.0
0.45882352941176474
0.996078431372549
0.9019607843137255
0.0
0.0
0.0
0.0
0.0
0.0
0.0
0.0
0.8549019607843137
1.0
0.0
0.0
0.0
0.0
0.0
0.0
0.0
0.0
0.0
0.8862745098039215
0.9647058823529412
0.050980392156862786
0.0
0.0
0.050980392156862786
0.9254901960784314
0.996078431372549
0.6235294117647059
0.0
0.0
0.0
0.0
0.0
0.0
0.0
0.0
0.8509803921568627
0.607843137254902
0.0
0.0
0.0
0.0
0.0
0.0
0.0
0.0
0.0
0.7372549019607844
0.996078431372549
0.33333333333333337
0.0
0.03137254901960784
0.7411764705882353
0.996078431372549
0.996078431372549
0.7764705882352941
0.15294117647058825
0.0
0.0
0.0
0.0
0.0
0.0
0.3254901960784313
0.9568627450980393
0.24705882352941178
0.0
0.0
0.0
0.0
0.0
0.0
0.0
0.0
0.0
0.4117647058823529
0.996078431372549
0.6627450980392157
0.29803921568627456
0.4862745098039216
0.996078431372549
0.8196078431372549
0.9529411764705882
0.996078431372549
0.6941176470588235
0.29803921568627456
0.06666666666666665
0.0
0.0
0.0
0.21176470588235297
0.8470588235294118
0.6627450980392157
0.0
0.0
0.0
0.0
0.0
0.0
0.0
0.0
0.0
0.0
0.06666666666666665
0.803921568627451
0.996078431372549
0.996078431372549
0.996078431372549
0.9333333333333333
0.05490196078431375
0.41960784313725485
0.9450980392156862
1.0
0.996078431372549
0.6509803921568628
0.30980392156862746
0.18823529411764706
0.4901960784313726
0.8666666666666667
0.8823529411764706
0.11764705882352944
0.0
0.0
0.0
0.0
0.0
0.0
0.0
0.0
0.0
0.0
0.0
0.2431372549019608
0.9215686274509804
0.9490196078431372
0.8941176470588236
0.2313725490196078
0.0
0.0
0.4117647058823529
0.9411764705882353
0.996078431372549
0.996078431372549
0.996078431372549
0.996078431372549
0.996078431372549
0.9411764705882353
0.23921568627450984
0.0
0.0
0.0
0.0
0.0
0.0
0.0
0.0
0.0
0.0
0.0
0.0
0.0
0.0
0.1098039215686275
0.0
0.0
0.0
0.0
0.0
0.07843137254901966
0.34901960784313724
0.9215686274509804
0.996078431372549
0.996078431372549
0.8196078431372549
0.0862745098039216
0.0
0.0
0.0
0.0
0.0
0.0
0.0
0.0
0.0
0.0
0.0
0.0
0.0
0.0
0.0
0.0
0.0
0.0
0.0
0.0
0.0
0.0
0.0
0.027450980392156876
0.2823529411764706
0.06274509803921569
0.019607843137254943
0.0
0.0
0.0
0.0
0.0
0.0
0.0
0.0
0.0
0.0
0.0
0.0
0.0
0.0
0.0
0.0
0.0
0.0
0.0
0.0
0.0
0.0
0.0
0.0
0.0
0.0
0.0
0.0
0.0
0.0
0.0
0.0
0.0
0.0
0.0
0.0
0.0
0.0
0.0
0.0
0.0
0.0
0.0
0.0
0.0
0.0
0.0
0.0
0.0
0.0
0.0
0.0
0.0
0.0
0.0
0.0
0.0
0.0
0.0
0.0
0.0
0.0
0.0
0.0
0.0
0.0
0.0
0.0
0.0
0.0
0.0
0.0
0.0
0.0
0.0
0.0
0.0
0.0
0.0
0.0
0.0
0.0
0.0
0.0
0.0
0.0
0.0
0.0
0.0
0.0
0.0
0.0
0.0
0.0
0.0
0.0
0.0
0.0
0.0
0.0
0.0
0.0
0.0
0.0
0.0
0.0
0.0
0.0
0.0
0.0
0.0
0.0
0.0
0.0
0.0
0.0
0.0
0.0
0.0
0.0
0.0
0.0
0.0
0.0
0.0
0.0
0.0
0.0
0.0
0.0
0.0
0.0
0.0
0.0
0.0
0.0
0.0
0.0
0.0
0.0
0.0
0.0
0.0
0.0
0.0
0.0
0.0
0.0
0.0
0.0
0.0
0.0
0.0
0.0
0.0
0.0
0.0
0.0
0.0
0.0
0.0
0.0
0.0
0.0
0.0
0.0
0.0
0.0
0.0
0.0
0.0
0.0
0.0
0.0
0.0
0.0
0.0
0.0
0.0
0.0
0.0
0.0
0.0
0.0
0.0
0.0
0.0
0.0
0.0
0.0
0.0
0.0
0.0
0.0
0.0
0.0
0.0
0.0
0.0
0.0
0.0
0.0
0.0
