0.0
0.0
0.0
0.0
0.0
0.0
0.0
0.0
0.0
0.0
0.0
0.0
0.0
0.0
0.0
0.0
0.0
0.0
0.0
0.0
0.0
0.0
0.0
0.0
0.0
0.0
0.0
0.0
0.0
0.0
0.0
0.0
0.0
0.0
0.0
0.0
0.0
0.0
0.0
0.0
0.0
0.0
0.0
0.0
0.0
0.0
0.0
0.0
0.0
0.0
0.0
0.0
0.0
0.0
0.0
0.0
0.0
0.0
0.0
0.0
0.0
0.0
0.0
0.0
0.0
0.0
0.0
0.0
0.0
0.0
0.0
0.0
0.0
0.0
0.0
0.0
0.0
0.0
0.0
0.0
0.0
0.0
0.0
0.0
0.0
0.0
0.0
0.0
0.0
0.0
0.0
0.0
0.0
0.0
0.0
0.0
0.0
0.0
0.0
0.0
0.0
0.0
0.0
0.0
0.0
0.0
0.0
0.0
0.0
0.0
0.0
0.0
0.0
0.0
0.0
0.0
0.0
0.0
0.0
0.0
0.0
0.0
0.0
0.0
0.0
0.0
0.0
0.0
0.0
0.0
0.0
0.0
0.0
0.0
0.0
0.0
0.0
0.0
0.0
0.0
0.0
0.0
0.0
0.0
0.0
0.0
0.0
0.0
0.0
0.0
0.0
0.0
0.0
0.0
0.0
0.0
0.0
0.0
0.0
0.0
0.0
0.0
0.0
0.0
0.0
0.0
0.0
0.0
0.0
0.0
0.0
0.0
0.0
0.0
0.0
0.0
0.0
0.0
0.0
0.0
0.0
0.0
0.0
0.0
0.0
0.0
0.0
0.0
0.0
0.0
0.0
0.0
0.0
0.0
0.0
0.0
0.0
0.0
0.0
0.0
0.0
0.0
0.0
0.0
0.0
0.0
0.0
0.0
0.0
0.0
0.0
0.0
0.0
0.0
0.0
0.0
0.0
0.0
0.0
0.0
0.0
0.0
0.0
0.0
0.0
0.0
0.0
0.0
0.0
0.0
0.0
0.0
0.0
0.0
0.0
0.0
0.0
0.0
0.0
0.0
0.0
0.0
0.0
0.0
0.0
0.0
0.0
0.0
0.0
0.0
0.0
0.0
0.0
0.0
0.0
0.0
0.0
0.0
0.0
0.0
0.0
0.0
0.0
0.0
0.0
0.0
0.0
0.0
0.0
0.0
0.16470588235294115
0.4117647058823529
0.3176470588235294
0.03137254901960784
0.0
0.0
0.0
0.0
0.0
0.0
0.0
0.0
0.0
0.0
0.0
0.0
0.0
0.0
0.0
0.0117647058823529
0.615686274509804
0.7529411764705882
0.6470588235294117
0.019607843137254943
0.0
0.02352941176470591
0.196078431372549
0.6549019607843137
0.9137254901960784
0.9254901960784314
1.0
0.8431372549019608
0.15294117647058825
0.0
0.0
0.0
0.0
0.0
0.0
0.0
0.0
0.0
0.0
0.0
0.0
0.0
0.26274509803921564
0.6705882352941177
0.40784313725490196
0.2784313725490196
0.9176470588235294
0.4156862745098039
0.0
0.050980392156862786
0.10196078431372546
0.0
0.07843137254901966
0.06666666666666665
0.5294117647058824
0.996078431372549
0.596078431372549
0.0
0.0
0.0
0.0
0.0
0.0
0.0
0.0
0.0
0.0
0.0
0.0
0.2196078431372549
0.7176470588235294
0.050980392156862786
0.0
0.0
0.4117647058823529
0.5333333333333333
0.0
0.0
0.0
0.0
0.0
0.0
0.0
0.6666666666666667
0.9294117647058824
0.0
0.0
0.0
0.0
0.0
0.0
0.0
0.0
0.0
0.0
0.0
0.0117647058823529
0.7137254901960784
0.30980392156862746
0.0
0.0
0.0
0.03529411764705881
0.7450980392156863
0.050980392156862786
0.0
0.0
0.0
0.0
0.0
0.0
0.3137254901960784
0.996078431372549
0.0
0.0
0.0
0.0
0.0
0.0
0.0
0.0
0.0
0.0
0.0
0.1215686274509804
0.996078431372549
0.24705882352941178
0.0
0.0
0.0
0.0
0.803921568627451
0.17647058823529416
0.0
0.0
0.0
0.0
0.0
0.0
0.3686274509803922
0.9450980392156862
0.0
0.0
0.0
0.0
0.0
0.0
0.0
0.0
0.0
0.0
0.0
0.1215686274509804
0.996078431372549
0.24705882352941178
0.0
0.0
0.0
0.0
0.8352941176470589
0.4745098039215686
0.0
0.0
0.0
0.0
0.0
0.0
0.6980392156862745
0.5019607843137255
0.0
0.0
0.0
0.0
0.0
0.0
0.0
0.0
0.0
0.0
0.0
0.1333333333333333
0.9294117647058824
0.03529411764705881
0.0
0.0
0.0
0.0
0.2823529411764706
0.2549019607843137
0.0
0.0
0.0
0.0
0.0
0.2549019607843137
0.8274509803921568
0.05490196078431375
0.0
0.0
0.0
0.0
0.0
0.0
0.0
0.0
0.0
0.0
0.15294117647058825
0.7372549019607844
0.6274509803921569
0.0
0.0
0.0
0.0
0.0
0.16470588235294115
0.38431372549019605
0.0
0.0
0.0
0.0
0.06274509803921569
0.8784313725490196
0.33333333333333337
0.0
0.0
0.0
0.0
0.0
0.0
0.0
0.0
0.0
0.8901960784313725
0.8862745098039215
0.9647058823529412
0.6784313725490196
0.06666666666666665
0.0
0.0
0.0
0.0
0.0
0.08235294117647063
0.21176470588235297
0.38431372549019605
0.10196078431372546
0.05882352941176472
0.3176470588235294
0.8980392156862745
0.6588235294117647
0.0039215686274509665
0.0
0.0
0.0
0.0
0.0
0.0
0.0
0.0
0.0
0.0980392156862745
0.20392156862745103
0.3137254901960784
0.027450980392156876
0.0
0.0
0.0
0.0
0.0
0.0
0.0
0.019607843137254943
0.27450980392156865
0.7176470588235294
0.9254901960784314
0.996078431372549
0.6627450980392157
0.039215686274509776
0.0
0.0
0.0
0.0
0.0
0.0
0.0
0.0
0.0
0.0
0.0
0.0
0.0
0.0
0.0
0.0
0.0
0.0
0.0
0.0
0.0
0.0
0.0
0.019607843137254943
0.08235294117647063
0.08235294117647063
0.03137254901960784
0.0
0.0
0.0
0.0
0.0
0.0
0.0
0.0
0.0
0.0
0.0
0.0
0.0
0.0
0.0
0.0
0.0
0.0
0.0
0.0
0.0
0.0
0.0
0.0
0.0
0.0
0.0
0.0
0.0
0.0
0.0
0.0
0.0
0.0
0.0
0.0
0.0
0.0
0.0
0.0
0.0
0.0
0.0
0.0
0.0
0.0
0.0
0.0
0.0
0.0
0.0
0.0
0.0
0.0
0.0
0.0
0.0
0.0
0.0
0.0
0.0
0.0
0.0
0.0
0.0
0.0
0.0
0.0
0.0
0.0
0.0
0.0
0.0
0.0
0.0
0.0
0.0
0.0
0.0
0.0
0.0
0.0
0.0
0.0
0.0
0.0
0.0
0.0
0.0
0.0
0.0
0.0
0.0
0.0
0.0
0.0
0.0
0.0
0.0
0.0
0.0
0.0
0.0
0.0
0.0
0.0
0.0
0.0
0.0
0.0
0.0
0.0
0.0
0.0
0.0
0.0
0.0
0.0
0.0
0.0
0.0
0.0
0.0
0.0
0.0
0.0
0.0
0.0
0.0
0.0
0.0
0.0
0.0
0.0
0.0
0.0
0.0
0.0
0.0
0.0
0.0
0.0
0.0
0.0
0.0
0.0
0.0
0.0
0.0
0.0
0.0
0.0
0.0
0.0
0.0
0.0
0.0
0.0
0.0
0.0
0.0
0.0
0.0
0.0
0.0
0.0
0.0
0.0
0.0
0.0
0.0
0.0
0.0
0.0
0.0
0.0
0.0
0.0
0.0
0.0
0.0
0.0
0.0
0.0
0.0
0.0
0.0
0.0
0.0
0.0
0.0
0.0
0.0
0.0
0.0
0.0
0.0
0.0
0.0
0.0
0.0
0.0
0.0
0.0
