0.0
0.0
0.0
0.0
0.0
0.0
0.0
0.0
0.0
0.0
0.0
0.0
0.0
0.0
0.0
0.0
0.0
0.0
0.0
0.0
0.0
0.0
0.0
0.0
0.0
0.0
0.0
0.0
0.0
0.0
0.0
0.0
0.0
0.0
0.0
0.0
0.0
0.0
0.0
0.0
0.0
0.0
0.0
0.0
0.0
0.0
0.0
0.0
0.0
0.0
0.0
0.0
0.0
0.0
0.0
0.0
0.0
0.0
0.0
0.0
0.0
0.0
0.0
0.0
0.0
0.0
0.0
0.0
0.0
0.0
0.0
0.0
0.0
0.0
0.0
0.0
0.0
0.0
0.0
0.0
0.0
0.0
0.0
0.0
0.0
0.0
0.0
0.0
0.0
0.0
0.0
0.0
0.0
0.0
0.0
0.0
0.0
0.0
0.0
0.0
0.0
0.0
0.0
0.0
0.0
0.0
0.0
0.0
0.0
0.0
0.0
0.0
0.0
0.0
0.0
0.0
0.0
0.0
0.0
0.0
0.0
0.0
0.0
0.0
0.0
0.0
0.0
0.0
0.0
0.0
0.0
0.0
0.0
0.0
0.0
0.0
0.0
0.0
0.0
0.0
0.0
0.0
0.0
0.0
0.0
0.0
0.0
0.0
0.0
0.0
0.0
0.0
0.0
0.0
0.0
0.0
0.0
0.0
0.0
0.0
0.0
0.0
0.0
0.0
0.0
0.0
0.0
0.0
0.0
0.0
0.0
0.0
0.0
0.0
0.0
0.0
0.0
0.0
0.0
0.0
0.0
0.0
0.0
0.0
0.0
0.0
0.0
0.0
0.0
0.0
0.0
0.0
0.0
0.0
0.0
0.0
0.0
0.0
0.0
0.0
0.0
0.0
0.0
0.0
0.0
0.0
0.0
0.0
0.0
0.0
0.0
0.0
0.0
0.0
0.0
0.0
0.03137254901960784
0.05882352941176472
0.050980392156862786
0.0
0.0
0.0
0.0
0.0
0.0
0.0
0.0
0.0
0.0
0.0
0.0
0.0
0.0
0.0
0.0
0.0
0.0
0.0
0.0
0.0
0.0
0.0
0.0
0.05882352941176472
0.7411764705882353
0.9882352941176471
0.8117647058823529
0.0
0.0
0.0
0.0
0.0
0.0
0.0
0.0
0.0
0.0
0.0
0.19215686274509802
0.2941176470588235
0.207843137254902
0.0
0.0
0.0
0.05490196078431375
0.2941176470588235
0.8784313725490196
0.3254901960784313
0.0
0.0
0.09019607843137256
0.7176470588235294
0.9882352941176471
0.9882352941176471
0.8627450980392157
0.1215686274509804
0.0
0.0
0.0
0.0
0.0
0.0
0.0
0.0
0.0
0.23921568627450984
0.8862745098039215
0.9882352941176471
0.9019607843137255
0.20392156862745103
0.0
0.04313725490196074
0.615686274509804
0.9882352941176471
0.9921568627450981
0.9176470588235295
0.24705882352941178
0.0
0.2941176470588235
0.9882352941176471
0.9882352941176471
0.9882352941176471
0.8823529411764706
0.1686274509803921
0.0
0.0
0.0
0.0
0.0
0.0
0.0
0.0
0.2196078431372549
0.9058823529411765
0.9882352941176471
0.9882352941176471
0.9882352941176471
0.2901960784313725
0.0
0.3529411764705882
0.9882352941176471
0.9882352941176471
0.9921568627450981
0.9882352941176471
0.34509803921568627
0.0
0.6
0.9882352941176471
0.9882352941176471
0.9882352941176471
0.9882352941176471
0.403921568627451
0.0
0.0
0.0
0.0
0.0
0.0
0.0
0.0
0.615686274509804
0.9882352941176471
0.9882352941176471
0.9882352941176471
0.9882352941176471
0.2901960784313725
0.0
0.3529411764705882
0.9882352941176471
0.9882352941176471
0.9921568627450981
0.9882352941176471
0.8980392156862745
0.0
0.8745098039215686
0.9882352941176471
0.9882352941176471
0.9882352941176471
0.9882352941176471
0.403921568627451
0.0
0.0
0.0
0.0
0.0
0.0
0.0
0.0
0.9921568627450981
0.9882352941176471
0.9882352941176471
0.9882352941176471
0.7607843137254902
0.06666666666666665
0.0
0.4549019607843138
0.9882352941176471
0.9882352941176471
0.9921568627450981
0.9882352941176471
0.9725490196078431
0.7568627450980392
0.9607843137254902
0.9882352941176471
0.9882352941176471
0.9882352941176471
0.9882352941176471
0.8509803921568627
0.0
0.0
0.0
0.0
0.0
0.0
0.0
0.0
0.9921568627450981
0.9882352941176471
0.9882352941176471
0.9882352941176471
0.8666666666666667
0.1725490196078432
0.0
0.9333333333333333
0.9882352941176471
0.9882352941176471
0.9921568627450981
0.9882352941176471
0.9882352941176471
0.9882352941176471
0.9882352941176471
0.9882352941176471
0.9882352941176471
0.9882352941176471
0.9882352941176471
0.9882352941176471
0.0
0.0
0.0
0.0
0.0
0.0
0.0
0.0
0.7568627450980392
0.9921568627450981
0.9921568627450981
0.9921568627450981
0.9921568627450981
0.2901960784313725
0.0
0.9411764705882353
0.9921568627450981
0.9921568627450981
1.0
0.9921568627450981
0.9921568627450981
0.9921568627450981
0.9921568627450981
0.9921568627450981
0.9921568627450981
0.9921568627450981
0.9921568627450981
0.7490196078431373
0.0
0.0
0.0
0.0
0.0
0.0
0.0
0.0
0.4117647058823529
0.9882352941176471
0.9882352941176471
0.9882352941176471
0.9882352941176471
0.8666666666666667
0.8156862745098039
0.9764705882352941
0.9882352941176471
0.9882352941176471
0.8941176470588235
0.807843137254902
0.9882352941176471
0.9882352941176471
0.9882352941176471
0.9882352941176471
0.9882352941176471
0.9882352941176471
0.9450980392156862
0.30980392156862746
0.0
0.0
0.0
0.0
0.0
0.0
0.0
0.0
0.14509803921568631
0.8745098039215686
0.9882352941176471
0.9882352941176471
0.9882352941176471
0.9882352941176471
0.9882352941176471
0.9882352941176471
0.9882352941176471
0.9882352941176471
0.5490196078431373
0.08235294117647063
0.7254901960784313
0.9568627450980391
0.9882352941176471
0.9882352941176471
0.9882352941176471
0.9882352941176471
0.7764705882352941
0.0
0.0
0.0
0.0
0.0
0.0
0.0
0.0
0.0
0.0
0.43137254901960786
0.8235294117647058
0.9882352941176471
0.9882352941176471
0.9882352941176471
0.9882352941176471
0.9882352941176471
0.9882352941176471
0.9882352941176471
0.0
0.0
0.0
0.24705882352941178
0.5176470588235293
0.5176470588235293
0.5176470588235293
0.5176470588235293
0.1215686274509804
0.0
0.0
0.0
0.0
0.0
0.0
0.0
0.0
0.0
0.0
0.0
0.6431372549019607
0.9882352941176471
0.9882352941176471
0.9882352941176471
0.9882352941176471
0.9882352941176471
0.9333333333333333
0.3529411764705882
0.0
0.0
0.0
0.0
0.0
0.0
0.0
0.0
0.0
0.0
0.0
0.0
0.0
0.0
0.0
0.0
0.0
0.0
0.0
0.0
0.18823529411764706
0.2901960784313725
0.803921568627451
0.9529411764705882
0.9882352941176471
0.9450980392156862
0.37254901960784315
0.0
0.0
0.0
0.0
0.0
0.0
0.0
0.0
0.0
0.0
0.0
0.0
0.0
0.0
0.0
0.0
0.0
0.0
0.0
0.0
0.0
0.0
0.0
0.0
0.3294117647058824
0.4627450980392157
0.29803921568627456
0.0
0.0
0.0
0.0
0.0
0.0
0.0
0.0
0.0
0.0
0.0
0.0
0.0
0.0
0.0
0.0
0.0
0.0
0.0
0.0
0.0
0.0
0.0
0.0
0.0
0.0
0.0
0.0
0.0
0.0
0.0
0.0
0.0
0.0
0.0
0.0
0.0
0.0
0.0
0.0
0.0
0.0
0.0
0.0
0.0
0.0
0.0
0.0
0.0
0.0
0.0
0.0
0.0
0.0
0.0
0.0
0.0
0.0
0.0
0.0
0.0
0.0
0.0
0.0
0.0
0.0
0.0
0.0
0.0
0.0
0.0
0.0
0.0
0.0
0.0
0.0
0.0
0.0
0.0
0.0
0.0
0.0
0.0
0.0
0.0
0.0
0.0
0.0
0.0
0.0
0.0
0.0
0.0
0.0
0.0
0.0
0.0
0.0
0.0
0.0
0.0
0.0
0.0
0.0
0.0
0.0
0.0
0.0
0.0
0.0
0.0
0.0
0.0
0.0
0.0
0.0
0.0
0.0
0.0
0.0
0.0
0.0
0.0
0.0
0.0
0.0
0.0
0.0
0.0
0.0
0.0
0.0
0.0
0.0
0.0
0.0
0.0
0.0
0.0
0.0
0.0
0.0
0.0
0.0
0.0
0.0
0.0
0.0
0.0
0.0
0.0
0.0
0.0
0.0
0.0
0.0
0.0
0.0
0.0
0.0
0.0
0.0
0.0
0.0
0.0
0.0
0.0
0.0
0.0
0.0
0.0
0.0
0.0
0.0
0.0
0.0
0.0
0.0
0.0
0.0
0.0
0.0
0.0
0.0
