0.0
0.0
0.0
0.0
0.0
0.0
0.0
0.0
0.0
0.0
0.0
0.0
0.0
0.0
0.0
0.0
0.0
0.0
0.0
0.0
0.0
0.0
0.0
0.0
0.0
0.0
0.0
0.0
0.0
0.0
0.0
0.0
0.0
0.0
0.0
0.0
0.0
0.0
0.0
0.0
0.0
0.0
0.0
0.0
0.0
0.0
0.0
0.0
0.0
0.0
0.0
0.0
0.0
0.0
0.0
0.0
0.0
0.0
0.0
0.0
0.0
0.0
0.0
0.0
0.0
0.0
0.0
0.0
0.0
0.0
0.0
0.0
0.0
0.0
0.0
0.0
0.0
0.0
0.0
0.0
0.0
0.0
0.0
0.0
0.0
0.0
0.0
0.0
0.0
0.0
0.0
0.0
0.0
0.0
0.0
0.0
0.0
0.0
0.0
0.0
0.0
0.0
0.0
0.0
0.0
0.0
0.0
0.0
0.0
0.0
0.0
0.0
0.0
0.0
0.0
0.0
0.0
0.0
0.0
0.0
0.0
0.0
0.0
0.0
0.0
0.0
0.0
0.0
0.0
0.0
0.0
0.0
0.0
0.0
0.0
0.0
0.0
0.0
0.0
0.0
0.0
0.0
0.0
0.0
0.0
0.0
0.0
0.0
0.0
0.0
0.0
0.0
0.0
0.0
0.0
0.0
0.0
0.0
0.0
0.06274509803921569
0.6
1.0
0.8431372549019608
0.33725490196078434
0.0
0.0
0.0
0.0
0.0
0.0
0.0
0.0
0.0
0.0
0.0
0.0
0.0
0.0
0.0
0.0
0.0
0.0
0.0
0.0
0.0
0.0
0.3686274509803922
0.7411764705882353
0.996078431372549
0.9921568627450981
0.996078431372549
0.9333333333333333
0.03137254901960784
0.0
0.0
0.0
0.0
0.0
0.0
0.0
0.0
0.0
0.0
0.0
0.0
0.0
0.0
0.0
0.0
0.0
0.0
0.0
0.0
0.15294117647058825
0.9411764705882353
0.9921568627450981
0.6745098039215687
0.34901960784313724
0.9450980392156862
0.996078431372549
0.2901960784313725
0.0
0.0
0.0
0.0
0.0
0.0
0.0
0.0
0.0
0.0
0.0
0.0
0.28627450980392155
0.8627450980392157
0.2705882352941177
0.0
0.0
0.0
0.0
0.0039215686274509665
0.603921568627451
0.996078431372549
0.5725490196078431
0.07058823529411762
0.0
0.580392156862745
0.996078431372549
0.27450980392156865
0.0
0.0
0.0
0.0
0.0
0.0
0.0
0.0
0.0
0.0
0.0
0.17647058823529416
0.9529411764705882
0.9921568627450981
0.6
0.0
0.0
0.0
0.0
0.2549019607843137
0.996078431372549
0.7215686274509804
0.10588235294117643
0.0
0.0
0.4156862745098039
0.996078431372549
0.4274509803921569
0.0
0.0
0.0
0.0
0.0
0.0
0.0
0.0
0.0
0.0
0.0
0.2549019607843137
0.996078431372549
0.9921568627450981
0.8901960784313725
0.07843137254901966
0.0
0.0
0.14901960784313728
0.9019607843137255
0.8745098039215686
0.07843137254901966
0.0
0.0
0.0
0.3411764705882353
0.996078431372549
0.4274509803921569
0.0
0.0
0.0
0.0
0.0
0.0
0.0
0.0
0.0
0.0
0.0
0.2549019607843137
0.996078431372549
0.996078431372549
0.9921568627450981
0.7725490196078432
0.019607843137254943
0.0
0.7176470588235294
0.9921568627450981
0.4784313725490196
0.0
0.0
0.0
0.0
0.5254901960784314
0.8745098039215686
0.1333333333333333
0.0
0.0
0.0
0.0
0.0
0.0
0.0
0.0
0.0
0.0
0.0
0.6235294117647059
0.996078431372549
0.9921568627450981
0.9921568627450981
0.9921568627450981
0.27450980392156865
0.05882352941176472
0.9803921568627452
0.9843137254901961
0.1686274509803921
0.0
0.0
0.0
0.23529411764705888
0.7843137254901961
0.4274509803921569
0.0
0.0
0.0
0.0
0.0
0.0
0.0
0.0
0.0
0.0
0.0
0.0
0.6470588235294117
0.9333333333333333
0.23529411764705888
0.9215686274509804
0.996078431372549
0.7137254901960784
0.8509803921568627
0.996078431372549
0.5254901960784314
0.0
0.0
0.0
0.22352941176470587
0.9254901960784314
0.7411764705882353
0.05882352941176472
0.0
0.0
0.0
0.0
0.0
0.0
0.0
0.0
0.0
0.0
0.0
0.007843137254901933
0.7137254901960784
0.9176470588235295
0.0
0.4156862745098039
0.9411764705882353
0.9921568627450981
0.996078431372549
0.9921568627450981
0.19215686274509802
0.0
0.09019607843137256
0.45882352941176474
0.788235294117647
0.7333333333333334
0.19215686274509802
0.0
0.0
0.0
0.0
0.0
0.0
0.0
0.0
0.0
0.0
0.0
0.0
0.04313725490196074
0.9921568627450981
0.9176470588235295
0.0
0.0
0.4274509803921569
0.9725490196078431
0.996078431372549
0.9921568627450981
0.6784313725490196
0.5647058823529412
0.8274509803921568
0.9921568627450981
0.7450980392156863
0.05882352941176472
0.0
0.0
0.0
0.0
0.0
0.0
0.0
0.0
0.0
0.0
0.0
0.0
0.0
0.04313725490196074
0.996078431372549
0.6705882352941177
0.0
0.0
0.08235294117647063
0.9529411764705882
0.996078431372549
0.996078431372549
0.996078431372549
0.9372549019607843
0.7725490196078432
0.5725490196078431
0.04313725490196074
0.0
0.0
0.0
0.0
0.0
0.0
0.0
0.0
0.0
0.0
0.0
0.0
0.0
0.0
0.196078431372549
0.9921568627450981
0.5254901960784314
0.0
0.0
0.5098039215686274
0.9921568627450981
0.9490196078431372
0.1686274509803921
0.3176470588235294
0.26274509803921564
0.0117647058823529
0.050980392156862786
0.0
0.0
0.0
0.0
0.0
0.0
0.0
0.0
0.0
0.0
0.0
0.0
0.0
0.0
0.0
0.3019607843137255
0.9921568627450981
0.7843137254901961
0.0
0.08235294117647063
0.9058823529411765
0.9921568627450981
0.23529411764705888
0.0
0.0
0.0
0.0
0.0
0.0
0.0
0.0
0.0
0.0
0.0
0.0
0.0
0.0
0.0
0.0
0.0
0.0
0.0
0.0
0.39607843137254906
0.996078431372549
0.9843137254901961
0.27450980392156865
0.3529411764705882
0.996078431372549
0.8156862745098039
0.027450980392156876
0.0
0.0
0.0
0.0
0.0
0.0
0.0
0.0
0.0
0.0
0.0
0.0
0.0
0.0
0.0
0.0
0.0
0.0
0.0
0.0
0.04313725490196074
0.9921568627450981
0.996078431372549
0.403921568627451
0.9294117647058824
0.8901960784313725
0.15294117647058825
0.0
0.0
0.0
0.0
0.0
0.0
0.0
0.0
0.0
0.0
0.0
0.0
0.0
0.0
0.0
0.0
0.0
0.0
0.0
0.0
0.0
0.04313725490196074
0.996078431372549
0.996078431372549
0.9647058823529412
0.996078431372549
0.4549019607843138
0.0
0.0
0.0
0.0
0.0
0.0
0.0
0.0
0.0
0.0
0.0
0.0
0.0
0.0
0.0
0.0
0.0
0.0
0.0
0.0
0.0
0.0
0.04313725490196074
0.996078431372549
0.996078431372549
0.996078431372549
0.9058823529411765
0.07058823529411762
0.0
0.0
0.0
0.0
0.0
0.0
0.0
0.0
0.0
0.0
0.0
0.0
0.0
0.0
0.0
0.0
0.0
0.0
0.0
0.0
0.0
0.0
0.027450980392156876
0.8549019607843137
0.996078431372549
0.9411764705882353
0.792156862745098
0.0
0.0
0.0
0.0
0.0
0.0
0.0
0.0
0.0
0.0
0.0
0.0
0.0
0.0
0.0
0.0
0.0
0.0
0.0
0.0
0.0
0.0
0.0
0.0117647058823529
0.5647058823529412
0.9647058823529412
0.27450980392156865
0.0862745098039216
0.0
0.0
0.0
0.0
0.0
0.0
0.0
0.0
0.0
0.0
0.0
0.0
0.0
0.0
0.0
0.0
0.0
0.0
0.0
0.0
0.0
0.0
0.0
0.0
0.0
0.0
0.0
0.0
0.0
0.0
0.0
0.0
0.0
0.0
0.0
0.0
0.0
0.0
0.0
0.0
0.0
0.0
0.0
0.0
0.0
0.0
0.0
0.0
0.0
0.0
0.0
0.0
0.0
0.0
0.0
0.0
0.0
0.0
0.0
0.0
0.0
0.0
0.0
0.0
0.0
0.0
0.0
0.0
0.0
0.0
0.0
0.0
0.0
0.0
0.0
0.0
0.0
0.0
0.0
0.0
0.0
0.0
0.0
0.0
0.0
0.0
0.0
0.0
0.0
0.0
0.0
0.0
0.0
0.0
0.0
0.0
0.0
0.0
0.0
0.0
