0.0
0.0
0.0
0.0
0.0
0.0
0.0
0.0
0.0
0.0
0.0
0.0
0.0
0.0
0.0
0.0
0.0
0.0
0.0
0.0
0.0
0.0
0.0
0.0
0.0
0.0
0.0
0.0
0.0
0.0
0.0
0.0
0.0
0.0
0.0
0.0
0.0
0.0
0.0
0.0
0.0
0.0
0.0
0.0
0.0
0.0
0.0
0.0
0.0
0.0
0.0
0.0
0.0
0.0
0.0
0.0
0.0
0.0
0.0
0.0
0.0
0.0
0.0
0.0
0.0
0.0
0.0
0.0
0.0
0.0
0.0
0.0
0.0
0.0
0.0
0.0
0.0
0.0
0.0
0.0
0.0
0.0
0.0
0.0
0.0
0.0
0.0
0.0
0.0
0.0
0.0
0.0
0.0
0.0
0.0
0.0
0.0
0.0
0.0
0.0
0.0
0.0
0.0
0.0
0.0
0.0
0.0
0.0
0.0
0.0
0.0
0.0
0.0
0.0
0.0
0.0
0.0
0.0
0.0
0.0
0.0
0.0
0.0
0.0
0.0
0.0
0.0
0.0
0.0
0.0
0.0
0.0
0.0
0.0
0.0
0.0
0.0
0.0
0.0
0.0
0.0
0.0
0.0
0.0
0.0
0.0
0.0
0.0
0.0
0.0
0.0
0.0
0.0
0.0
0.0
0.0
0.0
0.0
0.0
0.0
0.0
0.0
0.0
0.0
0.0
0.0
0.0
0.0
0.0
0.0
0.0
0.0
0.0
0.0
0.0
0.0
0.0
0.0
0.0
0.0
0.0
0.0
0.0
0.0
0.0
0.0
0.0
0.0
0.0
0.0
0.0
0.0
0.0
0.0
0.0
0.0
0.0
0.0
0.0
0.0
0.0
0.0
0.0
0.0
0.0
0.0
0.0
0.0
0.0
0.0
0.0
0.0
0.07058823529411762
0.29803921568627456
0.29803921568627456
0.29803921568627456
0.29803921568627456
0.26274509803921564
0.0
0.0
0.0
0.0
0.0
0.0
0.0
0.0
0.0
0.0
0.0
0.0
0.0
0.0
0.0
0.0
0.0
0.0
0.0
0.0
0.0
0.45882352941176474
0.8980392156862745
0.9921568627450981
0.9921568627450981
0.9921568627450981
0.9921568627450981
0.9764705882352941
0.6352941176470588
0.0039215686274509665
0.0
0.0
0.0
0.0
0.0
0.0
0.0
0.0
0.0
0.0
0.0
0.0
0.0
0.0
0.0
0.0
0.0
0.0
0.4
0.9686274509803922
0.9921568627450981
0.9294117647058824
0.7764705882352941
0.5058823529411764
0.9647058823529412
0.9921568627450981
0.9921568627450981
0.4
0.0
0.0
0.0
0.0
0.0
0.0
0.0
0.0
0.0
0.0
0.0
0.05490196078431375
0.32156862745098036
0.32156862745098036
0.2588235294117647
0.0
0.0
0.07058823529411762
0.7450980392156863
0.9921568627450981
0.9176470588235294
0.23529411764705888
0.0
0.0
0.38431372549019605
0.9882352941176471
0.9921568627450981
0.7058823529411764
0.0
0.0
0.0
0.0
0.0
0.0
0.0
0.0
0.0
0.03137254901960784
0.23529411764705888
0.7372549019607844
0.9921568627450981
0.9921568627450981
0.42352941176470593
0.0
0.0
0.2313725490196078
0.9921568627450981
0.9921568627450981
0.7411764705882353
0.0
0.0
0.0
0.0
0.9764705882352941
0.9921568627450981
0.9764705882352941
0.0
0.0
0.0
0.0
0.0
0.0
0.0
0.0
0.4392156862745098
0.8901960784313725
0.9921568627450981
0.9921568627450981
0.9921568627450981
0.9843137254901961
0.30980392156862746
0.0
0.0
0.6352941176470588
0.9921568627450981
0.9921568627450981
0.33725490196078434
0.0
0.0
0.0
0.0
0.9764705882352941
0.9921568627450981
0.5686274509803921
0.0
0.0
0.0
0.0
0.0
0.0
0.0
0.0
1.0
0.9921568627450981
0.9921568627450981
0.9921568627450981
0.9921568627450981
0.803921568627451
0.0
0.0
0.0
0.3686274509803922
0.9058823529411765
0.9921568627450981
0.33725490196078434
0.0
0.0
0.0
0.3137254901960784
0.9882352941176471
0.9921568627450981
0.4274509803921569
0.0
0.0
0.0
0.0
0.0
0.0
0.0
0.0
0.4
0.9921568627450981
0.9921568627450981
0.9921568627450981
0.807843137254902
0.09019607843137256
0.0
0.0
0.05490196078431375
0.9411764705882353
0.9921568627450981
0.9137254901960784
0.027450980392156876
0.0
0.0
0.15294117647058825
0.5215686274509803
0.9254901960784314
0.5058823529411764
0.07450980392156858
0.0
0.0
0.0
0.0
0.0
0.0
0.0
0.0
0.0862745098039216
0.8784313725490196
0.9921568627450981
0.9921568627450981
0.2549019607843137
0.0
0.0
0.0
0.027450980392156876
0.788235294117647
0.9921568627450981
0.7254901960784313
0.0
0.0
0.25098039215686274
0.8823529411764706
0.9921568627450981
0.592156862745098
0.0
0.0
0.0
0.0
0.0
0.0
0.0
0.0
0.0
0.0
0.03137254901960784
0.7803921568627451
0.9921568627450981
0.9921568627450981
0.2549019607843137
0.0
0.0
0.0
0.050980392156862786
0.9176470588235294
0.9921568627450981
0.9098039215686274
0.0
0.45882352941176474
0.9843137254901961
0.9921568627450981
0.8470588235294118
0.10196078431372546
0.0
0.0
0.0
0.0
0.0
0.0
0.0
0.0
0.0
0.0
0.0
0.5019607843137255
0.9921568627450981
0.9921568627450981
0.8117647058823529
0.12549019607843137
0.0
0.0
0.0039215686274509665
0.6588235294117647
0.9921568627450981
0.807843137254902
0.9333333333333333
0.9843137254901961
0.9019607843137255
0.3764705882352941
0.039215686274509776
0.0
0.0
0.0
0.0
0.0
0.0
0.0
0.0
0.0
0.0
0.0
0.0
0.10196078431372546
0.7137254901960784
0.9921568627450981
0.9921568627450981
0.9803921568627451
0.6588235294117647
0.6588235294117647
0.6588235294117647
0.8745098039215686
0.9921568627450981
0.9921568627450981
0.9372549019607843
0.41960784313725485
0.1568627450980392
0.0
0.0
0.0
0.0
0.0
0.0
0.0
0.0
0.0
0.0
0.0
0.0
0.0
0.0
0.0
0.015686274509803977
0.611764705882353
0.8980392156862745
0.9921568627450981
0.9921568627450981
0.9921568627450981
0.9921568627450981
0.9921568627450981
0.9921568627450981
0.9921568627450981
0.41960784313725485
0.0
0.0
0.0
0.0
0.0
0.0
0.0
0.0
0.0
0.0
0.0
0.0
0.0
0.0
0.0
0.0
0.0
0.0
0.0
0.03137254901960784
0.23921568627450984
0.4666666666666667
0.4666666666666667
0.4666666666666667
0.5529411764705883
0.9725490196078431
0.9921568627450981
0.38431372549019605
0.0
0.0
0.0
0.0
0.0
0.0
0.0
0.0
0.0
0.0
0.0
0.0
0.0
0.0
0.0
0.0
0.0
0.0
0.0
0.0
0.0
0.0
0.0
0.0
0.0
0.603921568627451
0.9921568627450981
0.8196078431372549
0.050980392156862786
0.0
0.0
0.0
0.0
0.0
0.0
0.0
0.0
0.0
0.0
0.0
0.0
0.0
0.0
0.0
0.0
0.0
0.0
0.0
0.0
0.0
0.0
0.0
0.0
0.7843137254901961
0.9921568627450981
0.8980392156862745
0.11372549019607847
0.0
0.0
0.0
0.0
0.0
0.0
0.0
0.0
0.0
0.0
0.0
0.0
0.0
0.0
0.0
0.0
0.0
0.0
0.0
0.0
0.0
0.0
0.0
0.0
0.3254901960784313
0.47058823529411764
0.1568627450980392
0.0
0.0
0.0
0.0
0.0
0.0
0.0
0.0
0.0
0.0
0.0
0.0
0.0
0.0
0.0
0.0
0.0
0.0
0.0
0.0
0.0
0.0
0.0
0.0
0.0
0.0
0.0
0.0
0.0
0.0
0.0
0.0
0.0
0.0
0.0
0.0
0.0
0.0
0.0
0.0
0.0
0.0
0.0
0.0
0.0
0.0
0.0
0.0
0.0
0.0
0.0
0.0
0.0
0.0
0.0
0.0
0.0
0.0
0.0
0.0
0.0
0.0
0.0
0.0
0.0
0.0
0.0
0.0
0.0
0.0
0.0
0.0
0.0
0.0
0.0
0.0
0.0
0.0
0.0
0.0
0.0
0.0
0.0
0.0
0.0
0.0
0.0
0.0
0.0
0.0
0.0
0.0
0.0
0.0
0.0
0.0
0.0
0.0
0.0
0.0
0.0
0.0
0.0
0.0
0.0
0.0
0.0
0.0
0.0
0.0
0.0
0.0
0.0
0.0
0.0
0.0
0.0
0.0
0.0
0.0
0.0
0.0
0.0
