0.0
0.0
0.0
0.0
0.0
0.0
0.0
0.0
0.0
0.0
0.0
0.0
0.0
0.0
0.0
0.0
0.0
0.0
0.0
0.0
0.0
0.0
0.0
0.0
0.0
0.0
0.0
0.0
0.0
0.0
0.0
0.0
0.0
0.0
0.0
0.0
0.0
0.0
0.0
0.0
0.0
0.0
0.0
0.0
0.0
0.0
0.0
0.0
0.0
0.0
0.0
0.0
0.0
0.0
0.0
0.0
0.0
0.0
0.0
0.0
0.0
0.0
0.0
0.0
0.0
0.0
0.0
0.0
0.0
0.0
0.0
0.0
0.0
0.0
0.0
0.0
0.0
0.0
0.0
0.0
0.0
0.0
0.0
0.0
0.0
0.0
0.0
0.0
0.0
0.0
0.0
0.0
0.0
0.0
0.0
0.0
0.0
0.0
0.0
0.0
0.0
0.0
0.0
0.0
0.0
0.0
0.0
0.0
0.0
0.0
0.0
0.0
0.0
0.0
0.0
0.0
0.0
0.0
0.0
0.0
0.0
0.0
0.0
0.0
0.0
0.0
0.0
0.0
0.0
0.0
0.0
0.0
0.0
0.0
0.0
0.0
0.0
0.0
0.0
0.0
0.0
0.0
0.0
0.0
0.0
0.0
0.0
0.0
0.0
0.0
0.0
0.0
0.0
0.0
0.0
0.0
0.0
0.0
0.0
0.0
0.0
0.0
0.0
0.0
0.0
0.0
0.0
0.0
0.0
0.0
0.0
0.0
0.0
0.0
0.0
0.0
0.0
0.0
0.0
0.0
0.0
0.0
0.0
0.0
0.0
0.0
0.0
0.0
0.0
0.0
0.0
0.0
0.0
0.0
0.0
0.0
0.0
0.0
0.0
0.0
0.0
0.0
0.0
0.0
0.0
0.0
0.0
0.0
0.0
0.0
0.0
0.0
0.0
0.0
0.0
0.0
0.0
0.33725490196078434
0.6627450980392157
0.21568627450980393
0.0
0.0
0.0
0.0
0.0
0.0
0.0
0.0
0.0
0.0
0.0
0.0
0.0
0.0
0.0
0.0
0.0
0.0
0.0
0.0
0.0
0.0
0.0
0.0
0.3176470588235294
0.8784313725490196
0.9921568627450981
0.7529411764705882
0.0
0.0
0.0
0.0
0.0
0.0
0.0
0.0
0.0
0.0
0.0
0.0
0.0
0.0
0.0
0.0
0.0
0.0
0.0
0.0
0.0
0.0
0.0
0.1686274509803921
0.8941176470588236
0.9843137254901961
0.9411764705882353
0.8235294117647058
0.0
0.0
0.0
0.0
0.0
0.0
0.0
0.0
0.0
0.0
0.0
0.0
0.0
0.0
0.0
0.0
0.0
0.0
0.0
0.0
0.0
0.0
0.0
0.580392156862745
0.9921568627450981
0.6313725490196078
0.6627450980392157
0.9921568627450981
0.0
0.0
0.0
0.0
0.0
0.0
0.0
0.0
0.0
0.0
0.0
0.0
0.03529411764705881
0.3294117647058824
0.8117647058823529
0.9137254901960784
0.9137254901960784
0.7411764705882353
0.24705882352941178
0.0
0.0
0.0
0.07058823529411762
0.9647058823529412
0.6509803921568628
0.007843137254901933
0.6627450980392157
0.9921568627450981
0.0
0.0
0.0
0.0
0.0
0.0
0.0
0.0
0.0
0.0
0.0
0.06666666666666665
0.7333333333333334
0.996078431372549
0.9921568627450981
0.7843137254901961
0.9921568627450981
0.9921568627450981
0.9411764705882353
0.6627450980392157
0.45882352941176474
0.35686274509803917
0.9411764705882353
0.607843137254902
0.08235294117647063
0.05882352941176472
0.8862745098039215
0.9921568627450981
0.0
0.0
0.0
0.0
0.0
0.0
0.0
0.0
0.0
0.0
0.03529411764705881
0.7333333333333334
0.9921568627450981
0.7529411764705882
0.2666666666666667
0.027450980392156876
0.16470588235294115
0.5098039215686274
0.6509803921568628
0.9921568627450981
0.9921568627450981
0.9921568627450981
0.9921568627450981
0.2431372549019608
0.0
0.2588235294117647
0.9921568627450981
0.6470588235294117
0.0
0.0
0.0
0.0
0.0
0.0
0.0
0.0
0.0
0.0
0.5686274509803921
0.996078431372549
0.6823529411764706
0.0
0.0
0.0
0.0
0.0
0.0
0.5058823529411764
1.0
0.996078431372549
0.996078431372549
0.7568627450980392
0.580392156862745
0.9647058823529412
0.9568627450980393
0.13725490196078427
0.0
0.0
0.0
0.0
0.0
0.0
0.0
0.0
0.05882352941176472
0.4745098039215686
0.9725490196078431
0.803921568627451
0.04313725490196074
0.0
0.0
0.0
0.0
0.0
0.05882352941176472
0.7294117647058824
0.9921568627450981
0.9098039215686274
0.6588235294117647
0.996078431372549
0.9921568627450981
0.9647058823529412
0.3254901960784313
0.0
0.0
0.0
0.0
0.0
0.0
0.0
0.0
0.0
0.7568627450980392
0.9921568627450981
0.9921568627450981
0.7647058823529411
0.015686274509803977
0.0
0.0
0.0
0.0
0.03529411764705881
0.7568627450980392
0.9921568627450981
0.5019607843137255
0.06274509803921569
0.0
0.08235294117647063
0.08235294117647063
0.07450980392156858
0.0
0.0
0.0
0.0
0.0
0.0
0.0
0.0
0.0
0.0
0.996078431372549
0.9921568627450981
0.8196078431372549
0.9921568627450981
0.5450980392156863
0.0
0.0
0.0
0.27450980392156865
0.803921568627451
0.9568627450980393
0.43529411764705883
0.027450980392156876
0.0
0.0
0.0
0.0
0.0
0.0
0.0
0.0
0.0
0.0
0.0
0.0
0.0
0.0
0.0
0.6509803921568628
0.9921568627450981
0.8196078431372549
0.7137254901960784
0.9254901960784314
0.41960784313725485
0.41960784313725485
0.6235294117647059
0.9411764705882353
0.8196078431372549
0.3137254901960784
0.0
0.0
0.0
0.0
0.0
0.0
0.0
0.0
0.0
0.0
0.0
0.0
0.0
0.0
0.0
0.0
0.0
0.07058823529411762
0.41960784313725485
0.6392156862745098
0.996078431372549
0.996078431372549
0.9333333333333333
0.996078431372549
0.8431372549019608
0.7254901960784313
0.07058823529411762
0.0
0.0
0.0
0.0
0.0
0.0
0.0
0.0
0.0
0.0
0.0
0.0
0.0
0.0
0.0
0.0
0.0
0.0
0.0
0.0
0.02352941176470591
0.24705882352941178
0.24705882352941178
0.14509803921568631
0.24705882352941178
0.019607843137254943
0.0
0.0
0.0
0.0
0.0
0.0
0.0
0.0
0.0
0.0
0.0
0.0
0.0
0.0
0.0
0.0
0.0
0.0
0.0
0.0
0.0
0.0
0.0
0.0
0.0
0.0
0.0
0.0
0.0
0.0
0.0
0.0
0.0
0.0
0.0
0.0
0.0
0.0
0.0
0.0
0.0
0.0
0.0
0.0
0.0
0.0
0.0
0.0
0.0
0.0
0.0
0.0
0.0
0.0
0.0
0.0
0.0
0.0
0.0
0.0
0.0
0.0
0.0
0.0
0.0
0.0
0.0
0.0
0.0
0.0
0.0
0.0
0.0
0.0
0.0
0.0
0.0
0.0
0.0
0.0
0.0
0.0
0.0
0.0
0.0
0.0
0.0
0.0
0.0
0.0
0.0
0.0
0.0
0.0
0.0
0.0
0.0
0.0
0.0
0.0
0.0
0.0
0.0
0.0
0.0
0.0
0.0
0.0
0.0
0.0
0.0
0.0
0.0
0.0
0.0
0.0
0.0
0.0
0.0
0.0
0.0
0.0
0.0
0.0
0.0
0.0
0.0
0.0
0.0
0.0
0.0
0.0
0.0
0.0
0.0
0.0
0.0
0.0
0.0
0.0
0.0
0.0
0.0
0.0
0.0
0.0
0.0
0.0
0.0
0.0
0.0
0.0
0.0
0.0
0.0
0.0
0.0
0.0
0.0
0.0
0.0
0.0
0.0
0.0
0.0
0.0
0.0
0.0
0.0
0.0
0.0
0.0
0.0
0.0
0.0
0.0
0.0
0.0
0.0
0.0
0.0
0.0
0.0
0.0
0.0
0.0
0.0
0.0
0.0
0.0
0.0
0.0
0.0
0.0
0.0
0.0
0.0
0.0
0.0
0.0
0.0
0.0
0.0
0.0
0.0
0.0
0.0
0.0
0.0
0.0
0.0
0.0
