0.0
0.0
0.0
0.0
0.0
0.0
0.0
0.0
0.0
0.0
0.0
0.0
0.0
0.0
0.0
0.0
0.0
0.0
0.0
0.0
0.0
0.0
0.0
0.0
0.0
0.0
0.0
0.0
0.0
0.0
0.0
0.0
0.0
0.0
0.0
0.0
0.0
0.0
0.0
0.0
0.0
0.0
0.0
0.0
0.0
0.0
0.0
0.0
0.0
0.0
0.0
0.0
0.0
0.0
0.0
0.0
0.0
0.0
0.0
0.0
0.0
0.0
0.0
0.0
0.0
0.0
0.0
0.0
0.0
0.0
0.0
0.0
0.0
0.0
0.0
0.0
0.0
0.0
0.0
0.0
0.0
0.0
0.0
0.0
0.0
0.0
0.0
0.0
0.0
0.0
0.0
0.0
0.0
0.0
0.0
0.0
0.0
0.0
0.0
0.0
0.0
0.0
0.0
0.0
0.0
0.0
0.0
0.0
0.0
0.0
0.0
0.0
0.0
0.0
0.0
0.0
0.0
0.0
0.0
0.0
0.0
0.0
0.0
0.0
0.0
0.0
0.0
0.0
0.0
0.0
0.0
0.0
0.29803921568627456
0.5411764705882354
0.5411764705882354
0.0980392156862745
0.0
0.0
0.0
0.0
0.0
0.0
0.0
0.0
0.0
0.0
0.0
0.0
0.0
0.0
0.0
0.0
0.0
0.0
0.0
0.0
0.0
0.0
0.0
0.0
0.8313725490196078
0.9882352941176471
0.9882352941176471
0.6941176470588235
0.14117647058823535
0.0
0.0
0.0
0.0
0.0
0.0
0.0
0.0
0.0
0.0
0.0
0.0
0.0
0.0
0.0
0.0
0.0
0.0
0.0
0.0
0.0
0.0
0.0
0.8705882352941177
0.9882352941176471
0.9882352941176471
0.9882352941176471
0.6588235294117647
0.0
0.0
0.0
0.0
0.0
0.0
0.0
0.0
0.0
0.0
0.0
0.0
0.0
0.0
0.0
0.0
0.0
0.0
0.0
0.0
0.0
0.0
0.0
0.1725490196078432
0.9882352941176471
0.9882352941176471
0.9882352941176471
0.9882352941176471
0.0
0.0
0.0
0.0
0.0
0.0
0.0
0.0
0.0
0.0
0.0
0.0
0.0
0.0
0.0
0.0
0.0
0.0
0.0
0.0
0.0
0.0
0.0
0.0117647058823529
0.45882352941176474
0.9882352941176471
0.9882352941176471
0.7843137254901961
0.0
0.0
0.0
0.0
0.0
0.0
0.0
0.0
0.0
0.0
0.0
0.0
0.0
0.0
0.0
0.027450980392156876
0.4627450980392157
0.5411764705882354
0.4980392156862745
0.04313725490196074
0.0
0.0
0.0
0.0
0.1843137254901961
0.9921568627450981
0.9921568627450981
0.3764705882352941
0.0
0.0
0.0
0.0
0.0
0.0
0.0
0.0
0.0
0.0
0.0
0.0
0.0
0.0
0.0
0.35686274509803917
0.9882352941176471
0.9882352941176471
0.9607843137254902
0.6784313725490196
0.0
0.0
0.0
0.0
0.1843137254901961
0.9882352941176471
0.7568627450980392
0.36078431372549025
0.0
0.0
0.0
0.0
0.0
0.0
0.0
0.0
0.14901960784313728
0.5568627450980392
0.6
0.050980392156862786
0.0
0.0
0.0
0.7215686274509804
0.9882352941176471
0.9882352941176471
0.9921568627450981
0.48235294117647054
0.0
0.0
0.0
0.0
0.1843137254901961
0.792156862745098
0.3764705882352941
0.0
0.0
0.0
0.0
0.0
0.0
0.0
0.0
0.0
0.3803921568627451
0.9882352941176471
0.9882352941176471
0.5450980392156863
0.0
0.0
0.0
0.7215686274509804
0.9882352941176471
0.9882352941176471
0.9921568627450981
0.36078431372549025
0.0
0.0
0.0
0.0
0.10196078431372546
0.596078431372549
0.0
0.0
0.0
0.0
0.0
0.0
0.0
0.0
0.0
0.0
0.9137254901960784
0.9882352941176471
0.9882352941176471
0.2196078431372549
0.0
0.0
0.0862745098039216
0.8431372549019608
0.9882352941176471
0.9882352941176471
0.9098039215686274
0.03137254901960784
0.0
0.0
0.0
0.0
0.592156862745098
0.7176470588235294
0.0
0.0
0.0
0.0
0.0
0.0
0.0
0.0
0.0
0.0
0.6588235294117647
0.18039215686274512
0.6
0.08235294117647063
0.0
0.0
0.1843137254901961
0.9921568627450981
0.9921568627450981
0.9921568627450981
0.4549019607843138
0.0
0.0
0.0
0.0
0.0117647058823529
0.4627450980392157
0.2705882352941177
0.0
0.0
0.0
0.0
0.0
0.0
0.0
0.0
0.0
0.0
0.4980392156862745
0.1843137254901961
0.6352941176470588
0.0
0.0
0.0
0.1843137254901961
0.9882352941176471
0.9882352941176471
0.9882352941176471
0.4549019607843138
0.0
0.0
0.0
0.0
0.3647058823529412
0.7254901960784313
0.0980392156862745
0.0
0.0
0.0
0.0
0.0
0.0
0.0
0.0
0.0
0.0
0.5176470588235293
0.4862745098039216
0.14509803921568631
0.0
0.0
0.027450980392156876
0.607843137254902
0.9882352941176471
0.9882352941176471
0.9882352941176471
0.4549019607843138
0.0
0.0
0.0
0.0
0.12549019607843137
0.0
0.207843137254902
0.0
0.0
0.0
0.0
0.0
0.0
0.0
0.0
0.0
0.0
0.5411764705882354
0.9882352941176471
0.43529411764705883
0.0
0.0
0.09411764705882353
0.9882352941176471
0.9882352941176471
0.9882352941176471
0.9882352941176471
0.2901960784313725
0.0
0.0
0.0
0.0
0.1686274509803921
0.0
0.0
0.0
0.0
0.0
0.0
0.0
0.0
0.0
0.0
0.0
0.0
0.050980392156862786
0.1686274509803921
0.18823529411764706
0.0
0.0
0.9137254901960784
0.9882352941176471
0.9882352941176471
0.9882352941176471
0.7843137254901961
0.0
0.0
0.0
0.0
0.0
0.24705882352941178
0.207843137254902
0.0
0.0
0.0
0.0
0.0
0.0
0.0
0.0
0.0
0.0
0.0
0.04313725490196074
0.592156862745098
0.7215686274509804
0.0
0.04313725490196074
1.0
0.9921568627450981
0.9254901960784314
0.5294117647058824
0.4549019607843138
0.2588235294117647
0.17647058823529416
0.5411764705882354
0.7058823529411764
0.9921568627450981
0.7019607843137254
0.16470588235294115
0.0
0.0
0.0
0.0
0.0
0.0
0.0
0.0
0.0
0.0
0.0
0.0
0.6313725490196078
0.8431372549019608
0.37254901960784315
0.5333333333333333
0.9764705882352941
0.5176470588235293
0.0980392156862745
0.0
0.0
0.788235294117647
0.8274509803921568
0.9882352941176471
0.9882352941176471
0.6980392156862745
0.16470588235294115
0.0
0.0
0.0
0.0
0.0
0.0
0.0
0.0
0.0
0.0
0.0
0.0
0.027450980392156876
0.7294117647058824
0.9176470588235295
0.8431372549019608
0.9647058823529412
0.5725490196078431
0.0
0.0
0.0
0.0
0.5372549019607843
0.7333333333333334
0.3921568627450981
0.7176470588235294
0.18823529411764706
0.0
0.0
0.0
0.0
0.0
0.0
0.0
0.0
0.0
0.0
0.0
0.0
0.0
0.019607843137254943
0.5294117647058824
0.7843137254901961
0.9882352941176471
0.9882352941176471
0.49411764705882355
0.0
0.0
0.0
0.0
0.019607843137254943
0.06666666666666665
0.0
0.0
0.0
0.0
0.0
0.0
0.0
0.0
0.0
0.0
0.0
0.0
0.0
0.0
0.0
0.0
0.0
0.019607843137254943
0.21176470588235297
0.5372549019607843
0.12549019607843137
0.0
0.0
0.0
0.0
0.0
0.0
0.0
0.0
0.0
0.0
0.0
0.0
0.0
0.0
0.0
0.0
0.0
0.0
0.0
0.0
0.0
0.0
0.0
0.0
0.0
0.0
0.0
0.0
0.0
0.0
0.0
0.0
0.0
0.0
0.0
0.0
0.0
0.0
0.0
0.0
0.0
0.0
0.0
0.0
0.0
0.0
0.0
0.0
0.0
0.0
0.0
0.0
0.0
0.0
0.0
0.0
0.0
0.0
0.0
0.0
0.0
0.0
0.0
0.0
0.0
0.0
0.0
0.0
0.0
0.0
0.0
0.0
0.0
0.0
0.0
0.0
0.0
0.0
0.0
0.0
0.0
0.0
0.0
0.0
0.0
0.0
0.0
0.0
0.0
0.0
0.0
0.0
0.0
0.0
0.0
0.0
0.0
0.0
0.0
0.0
0.0
0.0
0.0
0.0
0.0
0.0
0.0
0.0
0.0
0.0
0.0
0.0
0.0
0.0
0.0
0.0
0.0
0.0
0.0
0.0
0.0
0.0
0.0
0.0
0.0
0.0
0.0
0.0
0.0
0.0
