0.0
0.0
0.0
0.0
0.0
0.0
0.0
0.0
0.0
0.0
0.0
0.0
0.0
0.0
0.0
0.0
0.0
0.0
0.0
0.0
0.0
0.0
0.0
0.0
0.0
0.0
0.0
0.0
0.0
0.0
0.0
0.0
0.0
0.0
0.0
0.0
0.0
0.0
0.0
0.0
0.0
0.0
0.0
0.0
0.0
0.0
0.0
0.0
0.0
0.0
0.0
0.0
0.0
0.0
0.0
0.0
0.0
0.0
0.0
0.0
0.0
0.0
0.0
0.0
0.0
0.0
0.0
0.0
0.0
0.0
0.0
0.0
0.0
0.0
0.0
0.0
0.0
0.0
0.0
0.0
0.0
0.0
0.0
0.0
0.0
0.0
0.0
0.0
0.0
0.0
0.0
0.0
0.0
0.0
0.0
0.0
0.0
0.0
0.0
0.0
0.0
0.0
0.0
0.0
0.0
0.0
0.0
0.0
0.0
0.0
0.0
0.0
0.0
0.0
0.0
0.0
0.0
0.0
0.0
0.0
0.0
0.0
0.0
0.0
0.0
0.0
0.0
0.050980392156862786
0.3764705882352941
0.5294117647058824
0.996078431372549
0.7686274509803921
0.3764705882352941
0.18823529411764706
0.0
0.0
0.0
0.0
0.0
0.0
0.0
0.0
0.0
0.0
0.0
0.0
0.0
0.0
0.0
0.0
0.0
0.0
0.0
0.0
0.3647058823529412
0.7803921568627451
0.9921568627450981
0.9921568627450981
0.9921568627450981
0.996078431372549
0.9921568627450981
0.8705882352941177
0.5607843137254902
0.0
0.0
0.0
0.0
0.0
0.0
0.0
0.0
0.0
0.0
0.0
0.0
0.0
0.0
0.0
0.0
0.0
0.0
0.3176470588235294
1.0
0.9921568627450981
0.9921568627450981
0.9921568627450981
0.9921568627450981
1.0
0.9921568627450981
0.9921568627450981
0.7411764705882353
0.0
0.0
0.0
0.0
0.0
0.0
0.0
0.0
0.0
0.0
0.0
0.0
0.0
0.0
0.0
0.0
0.12941176470588234
0.8
0.9490196078431372
1.0
0.9607843137254902
0.7411764705882353
0.196078431372549
0.1215686274509804
0.4509803921568627
0.9921568627450981
0.9921568627450981
0.9607843137254902
0.3254901960784313
0.0
0.0
0.0
0.0
0.0
0.0
0.0
0.0
0.0
0.0
0.0
0.0
0.0
0.0
0.08235294117647063
0.807843137254902
0.9921568627450981
0.9921568627450981
1.0
0.4784313725490196
0.0
0.0
0.0
0.14117647058823535
0.8392156862745098
0.9921568627450981
0.9921568627450981
0.37254901960784315
0.0
0.0
0.0
0.0
0.0
0.0
0.0
0.0
0.0
0.0
0.0
0.0
0.0
0.3803921568627451
1.0
1.0
0.996078431372549
0.7607843137254902
0.0
0.0
0.0
0.0
0.0
0.0
0.7529411764705882
0.996078431372549
0.996078431372549
0.37254901960784315
0.0
0.0
0.0
0.0
0.0
0.0
0.0
0.0
0.0
0.0
0.0
0.0
0.08235294117647063
0.8431372549019608
0.9921568627450981
0.9921568627450981
0.7254901960784313
0.09411764705882353
0.0
0.0
0.0
0.0
0.0
0.0
0.7490196078431373
0.9921568627450981
0.9921568627450981
0.37254901960784315
0.0
0.0
0.0
0.0
0.0
0.0
0.0
0.0
0.0
0.0
0.0
0.12941176470588234
0.807843137254902
1.0
0.9921568627450981
0.7411764705882353
0.06274509803921569
0.0
0.0
0.0
0.0
0.0
0.0
0.0
0.7490196078431373
0.9921568627450981
0.9921568627450981
0.37254901960784315
0.0
0.0
0.0
0.0
0.0
0.0
0.0
0.0
0.0
0.19215686274509802
0.25098039215686274
0.4392156862745098
0.9921568627450981
0.996078431372549
0.7254901960784313
0.06274509803921569
0.0
0.0
0.0
0.0
0.0
0.0
0.0
0.0980392156862745
0.807843137254902
0.9921568627450981
0.9921568627450981
0.37254901960784315
0.0
0.0
0.0
0.0
0.0
0.0
0.0
0.0
0.0
0.7490196078431373
0.9921568627450981
0.9921568627450981
0.9921568627450981
0.996078431372549
0.24705882352941178
0.0
0.0
0.0
0.0
0.0
0.0
0.0
0.0
0.3764705882352941
0.9921568627450981
0.9921568627450981
0.8352941176470589
0.13725490196078427
0.0
0.0
0.0
0.0
0.0
0.0
0.0
0.0
0.0
0.7529411764705882
1.0
1.0
1.0
0.39607843137254906
0.0
0.0
0.0
0.0
0.0
0.0
0.0
0.0
0.0
0.3803921568627451
0.996078431372549
0.996078431372549
0.5098039215686274
0.0
0.0
0.0
0.0
0.0
0.0
0.0
0.0
0.0
0.0
0.7490196078431373
0.9921568627450981
0.9921568627450981
0.9137254901960784
0.0
0.0
0.0
0.0
0.0
0.0
0.0
0.0
0.0
0.0
0.4549019607843138
0.9921568627450981
0.9921568627450981
0.1215686274509804
0.0
0.0
0.0
0.0
0.0
0.0
0.0
0.0
0.0
0.0
0.7490196078431373
0.9921568627450981
0.9921568627450981
0.37254901960784315
0.0
0.0
0.0
0.0
0.0
0.0
0.0
0.0
0.0
0.3176470588235294
0.996078431372549
0.9921568627450981
0.7411764705882353
0.06274509803921569
0.0
0.0
0.0
0.0
0.0
0.0
0.0
0.0
0.0
0.0980392156862745
0.41960784313725485
0.9921568627450981
0.7725490196078432
0.04705882352941182
0.0
0.0
0.0
0.0
0.0
0.0
0.0
0.0
0.06666666666666665
0.7176470588235294
0.996078431372549
0.9921568627450981
0.49411764705882355
0.0
0.0
0.0
0.0
0.0
0.0
0.0
0.0
0.0
0.0
0.3764705882352941
0.9921568627450981
0.9921568627450981
0.7411764705882353
0.0
0.0
0.0
0.0
0.0
0.0
0.0
0.0
0.3176470588235294
0.7176470588235294
0.9921568627450981
0.996078431372549
0.5215686274509803
0.1843137254901961
0.0
0.0
0.0
0.0
0.0
0.0
0.0
0.0
0.0
0.0
0.3803921568627451
0.996078431372549
1.0
0.7450980392156863
0.0
0.0
0.0
0.0
0.0
0.0
0.0
0.3647058823529412
0.996078431372549
0.996078431372549
0.996078431372549
0.8627450980392157
0.1568627450980392
0.0
0.0
0.0
0.0
0.0
0.0
0.0
0.0
0.0
0.0
0.0
0.3764705882352941
0.9921568627450981
0.9921568627450981
0.9294117647058824
0.7490196078431373
0.7529411764705882
0.7490196078431373
0.7490196078431373
0.7490196078431373
0.7490196078431373
0.7529411764705882
0.9333333333333333
0.9921568627450981
0.9921568627450981
0.9137254901960784
0.1568627450980392
0.0
0.0
0.0
0.0
0.0
0.0
0.0
0.0
0.0
0.0
0.0
0.0
0.3764705882352941
0.9921568627450981
0.9921568627450981
0.9921568627450981
0.9921568627450981
0.996078431372549
0.9921568627450981
0.9921568627450981
0.9921568627450981
0.9921568627450981
0.996078431372549
0.9921568627450981
0.9921568627450981
0.8666666666666667
0.1843137254901961
0.0
0.0
0.0
0.0
0.0
0.0
0.0
0.0
0.0
0.0
0.0
0.0
0.0
0.3764705882352941
0.9921568627450981
0.9921568627450981
0.9921568627450981
0.9921568627450981
0.996078431372549
0.9921568627450981
0.9921568627450981
0.9921568627450981
0.9921568627450981
0.996078431372549
0.7254901960784313
0.1215686274509804
0.09019607843137256
0.0
0.0
0.0
0.0
0.0
0.0
0.0
0.0
0.0
0.0
0.0
0.0
0.0
0.0
0.14117647058823535
0.37254901960784315
0.6823529411764706
0.9921568627450981
0.9921568627450981
0.996078431372549
0.9921568627450981
0.9921568627450981
0.9921568627450981
0.9921568627450981
0.37254901960784315
0.09411764705882353
0.0
0.0
0.0
0.0
0.0
0.0
0.0
0.0
0.0
0.0
0.0
0.0
0.0
0.0
0.0
0.0
0.0
0.0
0.0
0.0
0.0
0.0
0.0
0.0
0.0
0.0
0.0
0.0
0.0
0.0
0.0
0.0
0.0
0.0
0.0
0.0
0.0
0.0
0.0
0.0
0.0
0.0
0.0
0.0
0.0
0.0
0.0
0.0
0.0
0.0
0.0
0.0
0.0
0.0
0.0
0.0
0.0
0.0
0.0
0.0
0.0
0.0
0.0
0.0
0.0
0.0
0.0
0.0
0.0
0.0
0.0
0.0
0.0
0.0
0.0
0.0
0.0
0.0
0.0
0.0
0.0
0.0
0.0
0.0
0.0
0.0
0.0
0.0
0.0
0.0
0.0
0.0
0.0
0.0
0.0
0.0
0.0
0.0
0.0
0.0
0.0
0.0
0.0
0.0
0.0
0.0
0.0
0.0
0.0
0.0
0.0
0.0
0.0
0.0
0.0
0.0
0.0
0.0
0.0
0.0
0.0
0.0
0.0
0.0
