0.0
0.0
0.0
0.0
0.0
0.0
0.0
0.0
0.0
0.0
0.0
0.0
0.0
0.0
0.0
0.0
0.0
0.0
0.0
0.0
0.0
0.0
0.0
0.0
0.0
0.0
0.0
0.0
0.0
0.0
0.0
0.0
0.0
0.0
0.0
0.0
0.0
0.0
0.0
0.0
0.0
0.0
0.0
0.0
0.0
0.0
0.0
0.0
0.0
0.0
0.0
0.0
0.0
0.0
0.0
0.0
0.0
0.0
0.0
0.0
0.0
0.0
0.0
0.0
0.0
0.0
0.0
0.0
0.0
0.0
0.0
0.0
0.0
0.0
0.0
0.0
0.0
0.0
0.0
0.0
0.0
0.0
0.0
0.0
0.0
0.0
0.0
0.0
0.0
0.0
0.0
0.0
0.0
0.0
0.0
0.0
0.0
0.0
0.0
0.0
0.0
0.0
0.0
0.0
0.0
0.0
0.0
0.0
0.0
0.0
0.0
0.0
0.0
0.0
0.0
0.0
0.0
0.0
0.0
0.0
0.0
0.0
0.0
0.0
0.0
0.0
0.0
0.0
0.0
0.0
0.0
0.0
0.0
0.0
0.0
0.0
0.0
0.0
0.0
0.0
0.0
0.0
0.0
0.0
0.0
0.0
0.0
0.0
0.0
0.027450980392156876
0.4862745098039216
0.5450980392156863
0.996078431372549
0.996078431372549
1.0
0.6392156862745098
0.3647058823529412
0.007843137254901933
0.0
0.0
0.0
0.0
0.0
0.0
0.0
0.0
0.0
0.0
0.0
0.0
0.0
0.0
0.0
0.0
0.0
0.0
0.039215686274509776
0.44313725490196076
0.9921568627450981
0.9921568627450981
0.9921568627450981
0.9921568627450981
0.9921568627450981
0.9921568627450981
0.9921568627450981
0.43529411764705883
0.0039215686274509665
0.0
0.0
0.0
0.0
0.0
0.0
0.0
0.0
0.0
0.0
0.0
0.0
0.0
0.0
0.0
0.0
0.0
0.2823529411764706
0.9921568627450981
0.9921568627450981
0.9882352941176471
0.5215686274509803
0.32156862745098036
0.43137254901960786
0.9450980392156862
0.9921568627450981
0.9921568627450981
0.33725490196078434
0.0
0.0
0.0
0.0
0.0
0.0
0.0
0.0
0.0
0.0
0.0
0.0
0.0
0.0
0.0
0.0
0.0
0.6235294117647059
0.9921568627450981
0.9921568627450981
0.49411764705882355
0.0
0.0
0.0
0.196078431372549
0.7450980392156863
0.9921568627450981
0.8627450980392157
0.44313725490196076
0.0
0.0
0.0
0.0
0.0
0.0
0.0
0.0
0.0
0.0
0.0
0.0
0.0
0.0
0.0
0.33725490196078434
0.9490196078431372
0.9921568627450981
0.8470588235294118
0.027450980392156876
0.0
0.0
0.0
0.0
0.07058823529411762
0.7568627450980392
0.9921568627450981
0.9176470588235294
0.28627450980392155
0.0
0.0
0.0
0.0
0.0
0.0
0.0
0.0
0.0
0.0
0.0
0.0
0.0
0.0
0.6705882352941177
0.9921568627450981
0.9921568627450981
0.38431372549019605
0.0
0.0
0.0
0.0
0.0
0.0
0.050980392156862786
0.9764705882352941
0.9921568627450981
0.8862745098039215
0.11764705882352944
0.0
0.0
0.0
0.0
0.0
0.0
0.0
0.0
0.0
0.0
0.0
0.0
0.06666666666666665
0.8235294117647058
0.9921568627450981
0.9921568627450981
0.11372549019607847
0.0
0.0
0.0
0.0
0.0
0.0
0.0
0.0862745098039216
0.9843137254901961
0.9921568627450981
0.7254901960784313
0.007843137254901933
0.0
0.0
0.0
0.0
0.0
0.0
0.0
0.0
0.0
0.0
0.0
0.0
0.6274509803921569
0.9921568627450981
0.9921568627450981
0.3294117647058824
0.0
0.0
0.0
0.0
0.0
0.0
0.0
0.0
0.32156862745098036
0.9921568627450981
0.9921568627450981
0.207843137254902
0.0
0.0
0.0
0.0
0.0
0.0
0.0
0.0
0.0
0.0
0.0
0.0
0.07843137254901966
0.8352941176470589
0.9921568627450981
0.11372549019607847
0.0
0.0
0.0
0.0
0.0
0.0
0.0
0.0
0.0980392156862745
0.9372549019607843
0.9921568627450981
0.2823529411764706
0.0
0.0
0.0
0.0
0.0
0.0
0.0
0.0
0.0
0.0
0.0
0.0
0.14901960784313728
0.9176470588235294
0.7490196078431373
0.03529411764705881
0.0
0.0
0.0
0.0
0.0
0.0
0.0
0.0
0.08235294117647063
0.8901960784313725
0.9921568627450981
0.34509803921568627
0.0
0.0
0.0
0.0
0.0
0.0
0.0
0.0
0.0
0.0
0.0
0.0
0.21176470588235297
0.9921568627450981
0.9137254901960784
0.0862745098039216
0.0
0.0
0.0
0.0
0.0
0.0
0.0
0.0
0.027450980392156876
0.7294117647058824
0.9921568627450981
0.207843137254902
0.0
0.0
0.0
0.0
0.0
0.0
0.0
0.0
0.0
0.0
0.0
0.0
0.1333333333333333
0.8980392156862745
0.9921568627450981
0.11372549019607847
0.0
0.0
0.0
0.0
0.0
0.0
0.0
0.0
0.0
0.6509803921568628
0.9921568627450981
0.207843137254902
0.0
0.0
0.0
0.0
0.0
0.0
0.0
0.0
0.0
0.0
0.0
0.0
0.0
0.7411764705882353
0.9921568627450981
0.11372549019607847
0.0
0.0
0.0
0.0
0.0
0.0
0.0
0.0
0.1098039215686275
0.9647058823529412
0.8745098039215686
0.1098039215686275
0.0
0.0
0.0
0.0
0.0
0.0
0.0
0.0
0.0
0.0
0.0
0.0
0.0
0.2901960784313725
0.9921568627450981
0.584313725490196
0.0039215686274509665
0.0
0.0
0.0
0.0
0.0
0.0
0.0
0.14117647058823535
0.9921568627450981
0.7411764705882353
0.0039215686274509665
0.0
0.0
0.0
0.0
0.0
0.0
0.0
0.0
0.0
0.0
0.0
0.0
0.0
0.11764705882352944
0.8862745098039215
0.9921568627450981
0.0980392156862745
0.0
0.0
0.0
0.0
0.0
0.0
0.0
0.580392156862745
0.9921568627450981
0.6823529411764706
0.0
0.0
0.0
0.0
0.0
0.0
0.0
0.0
0.0
0.0
0.0
0.0
0.0
0.0
0.0
0.44705882352941173
0.9725490196078431
0.592156862745098
0.0
0.0
0.0
0.0
0.0
0.0
0.11764705882352944
0.8509803921568627
0.9568627450980393
0.22352941176470587
0.0
0.0
0.0
0.0
0.0
0.0
0.0
0.0
0.0
0.0
0.0
0.0
0.0
0.0
0.0
0.0
0.7607843137254902
0.9882352941176471
0.4392156862745098
0.0
0.0
0.0
0.0
0.0
0.6274509803921569
0.9647058823529412
0.6
0.0
0.0
0.0
0.0
0.0
0.0
0.0
0.0
0.0
0.0
0.0
0.0
0.0
0.0
0.0
0.0
0.0
0.0862745098039216
0.807843137254902
0.9725490196078431
0.7137254901960784
0.3294117647058824
0.07843137254901966
0.0
0.5019607843137255
0.9882352941176471
0.8784313725490196
0.0
0.0
0.0
0.0
0.0
0.0
0.0
0.0
0.0
0.0
0.0
0.0
0.0
0.0
0.0
0.0
0.0
0.0
0.0
0.29803921568627456
0.6352941176470588
0.9921568627450981
0.9921568627450981
0.8901960784313725
0.8588235294117648
0.9803921568627451
0.788235294117647
0.3137254901960784
0.0
0.0
0.0
0.0
0.0
0.0
0.0
0.0
0.0
0.0
0.0
0.0
0.0
0.0
0.0
0.0
0.0
0.0
0.0
0.0
0.007843137254901933
0.43529411764705883
0.9921568627450981
0.9921568627450981
0.9921568627450981
0.5686274509803921
0.04313725490196074
0.0
0.0
0.0
0.0
0.0
0.0
0.0
0.0
0.0
0.0
0.0
0.0
0.0
0.0
0.0
0.0
0.0
0.0
0.0
0.0
0.0
0.0
0.0
0.0
0.0
0.0
0.0
0.0
0.0
0.0
0.0
0.0
0.0
0.0
0.0
0.0
0.0
0.0
0.0
0.0
0.0
0.0
0.0
0.0
0.0
0.0
0.0
0.0
0.0
0.0
0.0
0.0
0.0
0.0
0.0
0.0
0.0
0.0
0.0
0.0
0.0
0.0
0.0
0.0
0.0
0.0
0.0
0.0
0.0
0.0
0.0
0.0
0.0
0.0
0.0
0.0
0.0
0.0
0.0
0.0
0.0
0.0
0.0
0.0
0.0
0.0
0.0
0.0
0.0
0.0
0.0
0.0
0.0
