0.0
0.0
0.0
0.0
0.0
0.0
0.0
0.0
0.0
0.0
0.0
0.0
0.0
0.0
0.0
0.0
0.0
0.0
0.0
0.0
0.0
0.0
0.0
0.0
0.0
0.0
0.0
0.0
0.0
0.0
0.0
0.0
0.0
0.0
0.0
0.0
0.0
0.0
0.0
0.0
0.0
0.0
0.0
0.0
0.0
0.0
0.0
0.0
0.0
0.0
0.0
0.0
0.0
0.0
0.0
0.0
0.0
0.0
0.0
0.0
0.0
0.0
0.0
0.0
0.0
0.0
0.0
0.0
0.0
0.0
0.0
0.0
0.0
0.0
0.0
0.0
0.0
0.0
0.0
0.0
0.0
0.0
0.0
0.0
0.0
0.0
0.0
0.0
0.0
0.0
0.0
0.0
0.0
0.0
0.0
0.0
0.0
0.0
0.0
0.0
0.0
0.0
0.0
0.0
0.0
0.0
0.0
0.0
0.0
0.0
0.0
0.0
0.0
0.0
0.0
0.0
0.0
0.0
0.0
0.0
0.0
0.0
0.0
0.0
0.0
0.0
0.0
0.0
0.0
0.0
0.0
0.0
0.0
0.0
0.0
0.0
0.0
0.0
0.0
0.0
0.0
0.0
0.0
0.0
0.0
0.0
0.0
0.0
0.0
0.0
0.0
0.0
0.0
0.0
0.0
0.0
0.0
0.0
0.0
0.0
0.0
0.0
0.0
0.0
0.0
0.0
0.0
0.0
0.0
0.0
0.0
0.0
0.0
0.0
0.0
0.0
0.0
0.0
0.0
0.0
0.0
0.0
0.0
0.0
0.0
0.0
0.0
0.0
0.0
0.0
0.0
0.0
0.0
0.0
0.0
0.0
0.0
0.0
0.0
0.0
0.0
0.0
0.0
0.19215686274509802
0.20392156862745103
0.0
0.0
0.0
0.0
0.0
0.0
0.0
0.0
0.0
0.0
0.0
0.0
0.07450980392156858
0.2823529411764706
0.1725490196078432
0.0
0.0
0.0
0.0
0.0
0.0
0.0
0.0
0.0
0.027450980392156876
0.6313725490196078
0.9411764705882353
0.9450980392156862
0.15294117647058825
0.0
0.0
0.0
0.0
0.0
0.0
0.0
0.0
0.0
0.0
0.06666666666666665
0.7333333333333334
0.996078431372549
0.7411764705882353
0.02352941176470591
0.0
0.0
0.0
0.0
0.0
0.0
0.0
0.0
0.4862745098039216
0.996078431372549
0.996078431372549
0.8784313725490196
0.10588235294117643
0.0
0.0
0.0
0.0
0.0
0.0
0.0
0.0
0.0
0.0
0.1098039215686275
0.8823529411764706
0.996078431372549
0.996078431372549
0.48235294117647054
0.0
0.0
0.0
0.0
0.0
0.0
0.0
0.0
0.5372549019607843
0.996078431372549
0.996078431372549
0.27450980392156865
0.0
0.0
0.0
0.0
0.0
0.0
0.0
0.0
0.0
0.0
0.0
0.0
0.5058823529411764
0.996078431372549
0.996078431372549
0.5294117647058824
0.0
0.0
0.0
0.0
0.0
0.0
0.0
0.0
0.580392156862745
0.996078431372549
0.996078431372549
0.2549019607843137
0.0
0.0
0.0
0.0
0.0
0.0
0.0
0.08235294117647063
0.05490196078431375
0.0
0.0
0.0
0.6784313725490196
0.996078431372549
0.996078431372549
0.5725490196078431
0.0
0.0
0.0
0.0
0.0
0.0
0.0
0.0
0.7098039215686274
0.996078431372549
0.8980392156862745
0.13725490196078427
0.0
0.0
0.0
0.0
0.0
0.0
0.4901960784313726
0.9411764705882353
0.6274509803921569
0.0039215686274509665
0.0
0.0
0.21568627450980393
0.9647058823529412
0.996078431372549
0.996078431372549
0.0
0.0
0.0
0.0
0.0
0.0
0.0
0.0
0.8627450980392157
0.996078431372549
0.996078431372549
0.2549019607843137
0.0
0.0
0.0
0.0
0.0
0.27450980392156865
0.9294117647058824
1.0
0.996078431372549
0.019607843137254943
0.0
0.0
0.0
0.792156862745098
0.996078431372549
0.996078431372549
0.0
0.0
0.0
0.0
0.0
0.0
0.0
0.0
0.5019607843137255
0.996078431372549
0.996078431372549
0.2549019607843137
0.0
0.0
0.0
0.0
0.19215686274509802
0.788235294117647
0.996078431372549
0.996078431372549
0.996078431372549
0.019607843137254943
0.0
0.0
0.0
0.792156862745098
0.996078431372549
0.996078431372549
0.0
0.0
0.0
0.0
0.0
0.0
0.0
0.0
0.4666666666666667
0.996078431372549
0.996078431372549
0.2549019607843137
0.0
0.0
0.0
0.08235294117647063
0.9411764705882353
1.0
0.996078431372549
1.0
0.996078431372549
0.019607843137254943
0.0
0.0
0.0980392156862745
0.8705882352941177
0.996078431372549
0.8235294117647058
0.0
0.0
0.0
0.0
0.0
0.0
0.0
0.0
0.7411764705882353
0.996078431372549
0.996078431372549
0.9333333333333333
0.1686274509803921
0.0
0.4509803921568627
0.9176470588235295
0.996078431372549
0.996078431372549
0.996078431372549
0.996078431372549
0.996078431372549
0.6509803921568628
0.0
0.0
0.6823529411764706
0.996078431372549
0.996078431372549
0.3254901960784313
0.0
0.0
0.0
0.0
0.0
0.0
0.0
0.0
0.5215686274509803
0.996078431372549
0.996078431372549
0.996078431372549
0.9843137254901961
0.9803921568627452
0.9882352941176471
0.996078431372549
0.996078431372549
0.8549019607843137
0.6274509803921569
0.9686274509803922
0.996078431372549
0.996078431372549
0.7058823529411764
0.8196078431372549
0.9921568627450981
0.996078431372549
0.7725490196078432
0.03529411764705881
0.0
0.0
0.0
0.0
0.0
0.0
0.0
0.0
0.06274509803921569
0.8980392156862745
0.996078431372549
0.996078431372549
0.996078431372549
0.996078431372549
0.9450980392156862
0.9882352941176471
0.803921568627451
0.12549019607843137
0.0
0.1568627450980392
0.8392156862745098
0.9411764705882353
1.0
0.996078431372549
0.9137254901960784
0.7294117647058824
0.05882352941176472
0.0
0.0
0.0
0.0
0.0
0.0
0.0
0.0
0.0
0.0
0.050980392156862786
0.6588235294117647
0.8117647058823529
0.6470588235294117
0.34901960784313724
0.1843137254901961
0.3137254901960784
0.0
0.0
0.0
0.0
0.0
0.18039215686274512
0.34901960784313724
0.34901960784313724
0.0980392156862745
0.0
0.0
0.0
0.0
0.0
0.0
0.0
0.0
0.0
0.0
0.0
0.0
0.0
0.0
0.0
0.0
0.0
0.0
0.0
0.0
0.0
0.0
0.0
0.0
0.0
0.0
0.0
0.0
0.0
0.0
0.0
0.0
0.0
0.0
0.0
0.0
0.0
0.0
0.0
0.0
0.0
0.0
0.0
0.0
0.0
0.0
0.0
0.0
0.0
0.0
0.0
0.0
0.0
0.0
0.0
0.0
0.0
0.0
0.0
0.0
0.0
0.0
0.0
0.0
0.0
0.0
0.0
0.0
0.0
0.0
0.0
0.0
0.0
0.0
0.0
0.0
0.0
0.0
0.0
0.0
0.0
0.0
0.0
0.0
0.0
0.0
0.0
0.0
0.0
0.0
0.0
0.0
0.0
0.0
0.0
0.0
0.0
0.0
0.0
0.0
0.0
0.0
0.0
0.0
0.0
0.0
0.0
0.0
0.0
0.0
0.0
0.0
0.0
0.0
0.0
0.0
0.0
0.0
0.0
0.0
0.0
0.0
0.0
0.0
0.0
0.0
0.0
0.0
0.0
0.0
0.0
0.0
0.0
0.0
0.0
0.0
0.0
0.0
0.0
0.0
0.0
0.0
0.0
0.0
0.0
0.0
0.0
0.0
0.0
0.0
0.0
0.0
0.0
0.0
0.0
0.0
0.0
0.0
0.0
0.0
0.0
0.0
0.0
0.0
0.0
0.0
0.0
0.0
0.0
0.0
0.0
0.0
0.0
0.0
0.0
0.0
0.0
0.0
0.0
0.0
0.0
0.0
0.0
0.0
0.0
0.0
0.0
0.0
0.0
0.0
0.0
0.0
0.0
0.0
0.0
0.0
0.0
0.0
0.0
0.0
0.0
0.0
0.0
0.0
0.0
0.0
0.0
0.0
0.0
0.0
0.0
0.0
0.0
0.0
0.0
0.0
0.0
0.0
0.0
0.0
0.0
0.0
0.0
0.0
0.0
0.0
0.0
0.0
0.0
0.0
