0.0
0.0
0.0
0.0
0.0
0.0
0.0
0.0
0.0
0.0
0.0
0.0
0.0
0.0
0.0
0.0
0.0
0.0
0.0
0.0
0.0
0.0
0.0
0.0
0.0
0.0
0.0
0.0
0.0
0.0
0.0
0.0
0.0
0.0
0.0
0.0
0.0
0.0
0.0
0.0
0.0
0.0
0.0
0.0
0.0
0.0
0.0
0.0
0.0
0.0
0.0
0.0
0.0
0.0
0.0
0.0
0.0
0.0
0.0
0.0
0.0
0.0
0.0
0.0
0.0
0.0
0.0
0.0
0.0
0.0
0.0
0.0
0.0
0.0
0.0
0.0
0.0
0.0
0.0
0.0
0.0
0.0
0.0
0.0
0.0
0.0
0.0
0.0
0.0
0.0
0.0
0.0
0.0
0.0
0.0
0.0
0.0
0.0
0.0
0.0
0.0
0.0
0.0
0.0
0.0
0.0
0.0
0.0
0.0
0.0
0.0
0.0
0.0
0.0
0.0
0.0
0.0
0.0
0.0
0.0
0.0
0.0
0.0
0.0
0.0
0.0
0.0
0.0
0.0
0.0
0.0
0.0
0.0
0.0
0.0
0.0
0.0
0.0
0.0
0.0
0.0
0.0
0.0
0.0
0.0
0.0
0.0
0.0
0.0
0.0
0.0
0.0
0.0
0.0
0.0
0.0
0.0
0.0
0.0
0.0
0.0
0.0
0.0
0.0
0.0
0.0
0.0
0.0
0.0
0.0
0.0
0.0
0.0
0.0
0.0
0.0
0.0
0.0
0.0
0.0
0.0
0.0
0.0
0.0
0.0
0.0
0.0
0.0
0.0
0.0
0.0
0.0
0.0
0.0
0.0
0.0
0.0
0.0
0.0
0.0
0.0
0.0
0.0
0.0
0.0
0.0
0.0
0.0
0.0
0.0
0.02352941176470591
0.07450980392156858
0.050980392156862786
0.0
0.0
0.0
0.0
0.0
0.0
0.0
0.0
0.0
0.0
0.0
0.0
0.0
0.0
0.0
0.0
0.0
0.0
0.0
0.0
0.0
0.0
0.0
0.1333333333333333
0.584313725490196
0.6980392156862745
0.996078431372549
0.8666666666666667
0.18039215686274512
0.3058823529411765
0.0
0.0
0.0
0.0
0.0
0.0
0.0
0.0
0.0
0.0
0.0
0.0
0.0
0.0
0.09019607843137256
0.5764705882352941
0.050980392156862786
0.0
0.3137254901960784
0.24705882352941178
0.4627450980392157
0.6980392156862745
0.996078431372549
0.996078431372549
0.996078431372549
0.996078431372549
0.996078431372549
0.8549019607843137
0.611764705882353
0.1686274509803921
0.0117647058823529
0.0
0.0
0.0
0.0
0.0
0.0
0.0
0.0
0.0
0.0
0.0039215686274509665
0.603921568627451
0.9529411764705882
0.16470588235294115
0.14901960784313728
0.2196078431372549
0.8745098039215686
0.996078431372549
0.8941176470588235
0.9607843137254902
0.996078431372549
0.996078431372549
0.996078431372549
0.996078431372549
0.996078431372549
0.996078431372549
0.996078431372549
0.38431372549019605
0.0
0.0
0.0
0.0
0.0
0.0
0.0
0.0
0.0
0.0
0.02352941176470591
0.9176470588235295
0.9725490196078431
0.6941176470588235
0.996078431372549
0.996078431372549
0.996078431372549
0.996078431372549
0.5294117647058824
0.25098039215686274
0.3411764705882353
0.3411764705882353
0.3411764705882353
0.3411764705882353
0.8392156862745098
0.6549019607843137
0.996078431372549
0.8470588235294118
0.43529411764705883
0.0039215686274509665
0.0
0.0
0.0
0.0
0.0
0.0
0.0
0.0
0.0
0.196078431372549
0.9137254901960784
0.996078431372549
0.996078431372549
0.9686274509803922
0.8352941176470589
0.996078431372549
0.5294117647058824
0.0
0.0
0.0
0.0
0.0
0.1568627450980392
0.4901960784313726
1.0
0.996078431372549
0.996078431372549
0.02352941176470591
0.0
0.0
0.0
0.0
0.0
0.0
0.0
0.0
0.007843137254901933
0.4862745098039216
0.8705882352941177
0.996078431372549
0.9372549019607843
0.43137254901960786
0.5176470588235293
0.8588235294117648
0.0862745098039216
0.0
0.0
0.0
0.0
0.0
0.0
0.5333333333333333
0.996078431372549
0.996078431372549
0.996078431372549
0.02352941176470591
0.0
0.0
0.0
0.0
0.0
0.0
0.0
0.0
0.027450980392156876
0.996078431372549
0.996078431372549
0.996078431372549
0.9686274509803922
0.3137254901960784
0.2666666666666667
0.21568627450980393
0.0
0.0
0.0
0.0
0.0
0.0
0.09019607843137256
0.7803921568627451
0.996078431372549
0.996078431372549
0.996078431372549
0.3803921568627451
0.0
0.0
0.0
0.0
0.0
0.0
0.0
0.0
0.7686274509803921
0.996078431372549
0.996078431372549
0.996078431372549
0.9686274509803922
0.4509803921568627
0.2705882352941177
0.0862745098039216
0.0
0.0
0.0
0.0
0.0
0.09411764705882353
0.7764705882352941
0.996078431372549
0.996078431372549
0.996078431372549
0.996078431372549
0.2705882352941177
0.0
0.0
0.0
0.0
0.0
0.0
0.0
0.0
0.6196078431372549
0.996078431372549
0.996078431372549
0.996078431372549
0.996078431372549
0.996078431372549
0.996078431372549
0.8509803921568627
0.6745098039215687
0.2941176470588235
0.07450980392156858
0.2313725490196078
0.2941176470588235
0.7764705882352941
0.996078431372549
0.996078431372549
0.996078431372549
0.996078431372549
0.996078431372549
0.6509803921568628
0.0
0.0
0.0
0.0
0.0
0.0
0.0
0.0
0.10196078431372546
0.4745098039215686
0.996078431372549
0.996078431372549
0.996078431372549
0.996078431372549
0.996078431372549
0.996078431372549
0.996078431372549
0.996078431372549
0.8509803921568627
0.9568627450980391
0.996078431372549
0.996078431372549
0.996078431372549
0.996078431372549
0.996078431372549
0.996078431372549
0.8509803921568627
0.44313725490196076
0.0
0.0
0.0
0.0
0.0
0.0
0.0
0.0
0.0
0.03529411764705881
0.6196078431372549
0.1686274509803921
0.47058823529411764
0.7058823529411764
0.996078431372549
0.996078431372549
0.996078431372549
0.996078431372549
0.996078431372549
0.996078431372549
0.996078431372549
0.996078431372549
0.996078431372549
0.996078431372549
0.996078431372549
0.996078431372549
0.3686274509803922
0.0
0.0
0.0
0.0
0.0
0.0
0.0
0.0
0.0
0.0
0.0
0.0
0.0
0.0
0.02352941176470591
0.4666666666666667
0.8823529411764706
0.996078431372549
0.996078431372549
0.996078431372549
0.996078431372549
0.996078431372549
0.996078431372549
0.996078431372549
0.996078431372549
0.996078431372549
0.8352941176470589
0.03137254901960784
0.0
0.0
0.0
0.0
0.0
0.0
0.0
0.0
0.0
0.0
0.0
0.0
0.0
0.0
0.0
0.0
0.08235294117647063
0.22745098039215683
0.7019607843137254
0.996078431372549
0.996078431372549
0.996078431372549
0.996078431372549
0.803921568627451
0.996078431372549
0.8352941176470589
0.10196078431372546
0.0
0.0
0.0
0.0
0.0
0.0
0.0
0.0
0.0
0.0
0.0
0.0
0.0
0.0
0.0
0.0
0.0
0.0
0.0
0.02352941176470591
0.09411764705882353
0.09411764705882353
0.33725490196078434
0.09411764705882353
0.050980392156862786
0.09411764705882353
0.05490196078431375
0.0
0.0
0.0
0.0
0.0
0.0
0.0
0.0
0.0
0.0
0.0
0.0
0.0
0.0
0.0
0.0
0.0
0.0
0.0
0.0
0.0
0.0
0.0
0.0
0.0
0.0
0.0
0.0
0.0
0.0
0.0
0.0
0.0
0.0
0.0
0.0
0.0
0.0
0.0
0.0
0.0
0.0
0.0
0.0
0.0
0.0
0.0
0.0
0.0
0.0
0.0
0.0
0.0
0.0
0.0
0.0
0.0
0.0
0.0
0.0
0.0
0.0
0.0
0.0
0.0
0.0
0.0
0.0
0.0
0.0
0.0
0.0
0.0
0.0
0.0
0.0
0.0
0.0
0.0
0.0
0.0
0.0
0.0
0.0
0.0
0.0
0.0
0.0
0.0
0.0
0.0
0.0
0.0
0.0
0.0
0.0
0.0
0.0
0.0
0.0
0.0
0.0
0.0
0.0
0.0
0.0
0.0
0.0
0.0
0.0
0.0
0.0
0.0
0.0
0.0
0.0
0.0
0.0
0.0
0.0
0.0
0.0
0.0
0.0
0.0
0.0
0.0
0.0
0.0
0.0
0.0
0.0
0.0
0.0
0.0
0.0
0.0
0.0
0.0
0.0
0.0
0.0
0.0
0.0
0.0
0.0
0.0
0.0
0.0
0.0
0.0
0.0
0.0
0.0
0.0
0.0
0.0
0.0
0.0
0.0
0.0
0.0
0.0
0.0
0.0
0.0
0.0
0.0
0.0
0.0
0.0
0.0
0.0
0.0
0.0
