0.0
0.0
0.0
0.0
0.0
0.0
0.0
0.0
0.0
0.0
0.0
0.0
0.0
0.0
0.0
0.0
0.0
0.0
0.0
0.0
0.0
0.0
0.0
0.0
0.0
0.0
0.0
0.0
0.0
0.0
0.0
0.0
0.0
0.0
0.0
0.0
0.0
0.0
0.0
0.0
0.0
0.0
0.0
0.0
0.0
0.0
0.0
0.0
0.0
0.0
0.0
0.0
0.0
0.0
0.0
0.0
0.0
0.0
0.0
0.0
0.0
0.0
0.0
0.0
0.0
0.0
0.0
0.0
0.0
0.0
0.0
0.0
0.0
0.0
0.0
0.0
0.0
0.0
0.0
0.0
0.0
0.0
0.0
0.0
0.0
0.0
0.0
0.0
0.0
0.0
0.0
0.0
0.0
0.0
0.0
0.0
0.0
0.0
0.0
0.0
0.0
0.0
0.0
0.0
0.0
0.0
0.0
0.0
0.0
0.0
0.0
0.0
0.0
0.0
0.0
0.0
0.0
0.0
0.0
0.0
0.0
0.0
0.0
0.0
0.0
0.0
0.0
0.0
0.0
0.0
0.0
0.0
0.09411764705882353
0.1843137254901961
0.17647058823529416
0.0
0.0
0.0
0.0
0.0
0.0
0.0
0.0
0.0
0.0
0.0
0.0
0.0
0.0
0.0
0.0
0.0
0.0
0.0
0.0
0.0
0.0
0.0
0.0
0.11372549019607847
0.8431372549019608
0.9921568627450981
0.9843137254901961
0.43529411764705883
0.0
0.0
0.0
0.0
0.0
0.0
0.0
0.0
0.0
0.0
0.0
0.0
0.0
0.0
0.0
0.0
0.0
0.0
0.0
0.0
0.0
0.0
0.7333333333333334
0.9686274509803922
0.9921568627450981
0.9921568627450981
0.9921568627450981
0.9843137254901961
0.5647058823529412
0.0
0.0
0.0
0.0
0.0
0.0
0.0
0.0
0.0
0.0
0.0
0.0
0.0
0.0
0.0
0.0
0.0
0.0
0.0
0.0
0.5568627450980392
0.9803921568627451
0.9921568627450981
0.5019607843137255
0.26274509803921564
0.7568627450980392
0.9921568627450981
0.8862745098039215
0.0
0.0
0.0
0.0
0.0
0.0
0.0
0.0
0.0
0.0
0.0
0.0
0.0
0.0
0.0
0.0
0.0
0.0
0.0
0.36078431372549025
0.9764705882352941
0.9803921568627451
0.4784313725490196
0.007843137254901933
0.0
0.4509803921568627
0.9921568627450981
0.9921568627450981
0.0
0.0
0.0
0.0
0.0
0.0
0.0
0.0
0.0
0.0
0.0
0.0
0.0
0.0
0.0
0.0
0.0
0.0
0.11372549019607847
0.8588235294117648
0.9921568627450981
0.4745098039215686
0.0
0.0
0.0
0.4509803921568627
0.9921568627450981
0.9921568627450981
0.0
0.0
0.0
0.0
0.0
0.0
0.0
0.0
0.0
0.0
0.11764705882352944
0.1686274509803921
0.03137254901960784
0.0
0.0
0.0
0.0
0.015686274509803977
0.592156862745098
0.9921568627450981
0.4980392156862745
0.007843137254901933
0.0
0.0
0.0
0.6392156862745098
0.9921568627450981
0.8
0.0
0.0
0.0
0.0
0.0
0.0
0.0
0.0
0.0
0.2431372549019608
0.9803921568627451
0.9137254901960784
0.19999999999999996
0.0
0.0
0.0
0.0
0.3058823529411765
0.9921568627450981
0.8862745098039215
0.0862745098039216
0.0
0.0
0.0
0.27450980392156865
0.9450980392156862
0.9921568627450981
0.4901960784313726
0.0
0.0
0.0
0.0
0.0
0.0
0.0
0.0
0.09019607843137256
0.803921568627451
0.8666666666666667
0.1098039215686275
0.2313725490196078
0.5450980392156863
0.8352941176470589
0.8352941176470589
0.8352941176470589
0.9333333333333333
0.9921568627450981
0.7333333333333334
0.1215686274509804
0.02352941176470591
0.02352941176470591
0.42352941176470593
0.9411764705882353
0.9921568627450981
0.7960784313725491
0.03137254901960784
0.0
0.0
0.0
0.0
0.0
0.0
0.0
0.0
0.5882352941176471
0.9921568627450981
0.44705882352941173
0.4549019607843138
0.9647058823529412
0.9921568627450981
0.9921568627450981
0.9921568627450981
0.9921568627450981
0.9921568627450981
0.9921568627450981
0.9921568627450981
0.9921568627450981
0.9921568627450981
0.9921568627450981
0.9921568627450981
0.9921568627450981
0.8862745098039215
0.14117647058823535
0.0
0.0
0.0
0.0
0.0
0.0
0.0
0.0
0.0
0.7490196078431373
0.9921568627450981
0.7176470588235294
0.9411764705882353
0.9921568627450981
0.7254901960784313
0.607843137254902
0.7019607843137254
0.9921568627450981
0.9921568627450981
0.6823529411764706
0.6705882352941177
0.9921568627450981
0.9921568627450981
0.9921568627450981
0.803921568627451
0.607843137254902
0.1686274509803921
0.0
0.0
0.0
0.0
0.0
0.0
0.0
0.0
0.0
0.0
0.996078431372549
0.9921568627450981
0.9921568627450981
0.9921568627450981
0.6588235294117647
0.007843137254901933
0.0
0.48235294117647054
0.9921568627450981
0.7254901960784313
0.0039215686274509665
0.0039215686274509665
0.019607843137254943
0.019607843137254943
0.019607843137254943
0.0117647058823529
0.0
0.0
0.0
0.0
0.0
0.0
0.0
0.0
0.0
0.0
0.0
0.0
1.0
0.9921568627450981
0.9921568627450981
0.9921568627450981
0.8274509803921568
0.25098039215686274
0.19215686274509802
0.9098039215686274
0.9921568627450981
0.38431372549019605
0.0
0.0
0.0
0.0
0.0
0.0
0.0
0.0
0.0
0.0
0.0
0.0
0.0
0.0
0.0
0.0
0.0
0.0
0.996078431372549
0.9921568627450981
0.7254901960784313
0.9921568627450981
0.9921568627450981
0.9764705882352941
0.9647058823529412
0.9921568627450981
0.9921568627450981
0.43529411764705883
0.0
0.0
0.0
0.0
0.0
0.0
0.0
0.0
0.0
0.0
0.0
0.0
0.0
0.0
0.0
0.0
0.0
0.0
0.996078431372549
0.9921568627450981
0.07843137254901966
0.2823529411764706
0.2823529411764706
0.611764705882353
0.9921568627450981
0.9176470588235294
0.34901960784313724
0.22745098039215683
0.0
0.0
0.0
0.0
0.0
0.0
0.0
0.0
0.0
0.0
0.0
0.0
0.0
0.0
0.0
0.0
0.0
0.0
0.7960784313725491
0.9921568627450981
0.23921568627450984
0.0
0.25098039215686274
0.8392156862745098
0.9882352941176471
0.5215686274509803
0.0
0.0
0.0
0.0
0.0
0.0
0.0
0.0
0.0
0.0
0.0
0.0
0.0
0.0
0.0
0.0
0.0
0.0
0.0
0.0
0.5882352941176471
0.9921568627450981
0.5882352941176471
0.2666666666666667
0.803921568627451
0.9921568627450981
0.8235294117647058
0.0
0.0
0.0
0.0
0.0
0.0
0.0
0.0
0.0
0.0
0.0
0.0
0.0
0.0
0.0
0.0
0.0
0.0
0.0
0.0
0.0
0.23529411764705888
0.9843137254901961
0.9921568627450981
0.9921568627450981
0.9921568627450981
0.9803921568627451
0.3411764705882353
0.0
0.0
0.0
0.0
0.0
0.0
0.0
0.0
0.0
0.0
0.0
0.0
0.0
0.0
0.0
0.0
0.0
0.0
0.0
0.0
0.0
0.0
0.5137254901960784
0.9921568627450981
0.9921568627450981
0.8784313725490196
0.38431372549019605
0.0
0.0
0.0
0.0
0.0
0.0
0.0
0.0
0.0
0.0
0.0
0.0
0.0
0.0
0.0
0.0
0.0
0.0
0.0
0.0
0.0
0.0
0.0
0.06666666666666665
0.18039215686274512
0.18039215686274512
0.09019607843137256
0.0
0.0
0.0
0.0
0.0
0.0
0.0
0.0
0.0
0.0
0.0
0.0
0.0
0.0
0.0
0.0
0.0
0.0
0.0
0.0
0.0
0.0
0.0
0.0
0.0
0.0
0.0
0.0
0.0
0.0
0.0
0.0
0.0
0.0
0.0
0.0
0.0
0.0
0.0
0.0
0.0
0.0
0.0
0.0
0.0
0.0
0.0
0.0
0.0
0.0
0.0
0.0
0.0
0.0
0.0
0.0
0.0
0.0
0.0
0.0
0.0
0.0
0.0
0.0
0.0
0.0
0.0
0.0
0.0
0.0
0.0
0.0
0.0
0.0
0.0
0.0
0.0
0.0
0.0
0.0
0.0
0.0
0.0
0.0
0.0
0.0
0.0
0.0
0.0
0.0
0.0
0.0
0.0
0.0
0.0
0.0
0.0
0.0
0.0
0.0
0.0
0.0
0.0
0.0
0.0
0.0
0.0
0.0
0.0
0.0
0.0
0.0
0.0
0.0
0.0
0.0
0.0
0.0
0.0
0.0
0.0
0.0
0.0
0.0
0.0
0.0
0.0
0.0
0.0
0.0
