0.0
0.0
0.0
0.0
0.0
0.0
0.0
0.0
0.0
0.0
0.0
0.0
0.0
0.0
0.0
0.0
0.0
0.0
0.0
0.0
0.0
0.0
0.0
0.0
0.0
0.0
0.0
0.0
0.0
0.0
0.0
0.0
0.0
0.0
0.0
0.0
0.0
0.0
0.0
0.0
0.0
0.0
0.0
0.0
0.0
0.0
0.0
0.0
0.0
0.0
0.0
0.0
0.0
0.0
0.0
0.0
0.0
0.0
0.0
0.0
0.0
0.0
0.0
0.0
0.0
0.0
0.0
0.0
0.0
0.0
0.0
0.0
0.0
0.0
0.0
0.0
0.0
0.0
0.0
0.0
0.0
0.0
0.0
0.0
0.0
0.0
0.0
0.0
0.0
0.0
0.0
0.0
0.0
0.0
0.0
0.0
0.0
0.0
0.0
0.0
0.0
0.0
0.0
0.0
0.0
0.0
0.0
0.0
0.0
0.0
0.0
0.0
0.0
0.0
0.0
0.0
0.0
0.0
0.0
0.0
0.0
0.0
0.0
0.0
0.0
0.0
0.0
0.0
0.0
0.0
0.0
0.0
0.0
0.0
0.0
0.0
0.0
0.0
0.0
0.0
0.0
0.0
0.0
0.0
0.0
0.0
0.0
0.0
0.0
0.0
0.0
0.0
0.0
0.0
0.03137254901960784
0.050980392156862786
0.3921568627450981
0.5215686274509803
0.5215686274509803
0.34509803921568627
0.027450980392156876
0.0
0.0
0.0
0.0
0.0
0.0
0.0
0.0
0.0
0.0
0.0
0.0
0.0
0.0
0.0
0.0
0.0
0.0
0.0
0.0
0.10196078431372546
0.8313725490196078
0.9921568627450981
0.9921568627450981
0.9921568627450981
0.9921568627450981
0.9921568627450981
0.8117647058823529
0.027450980392156876
0.0
0.0
0.0
0.0
0.0
0.0
0.0
0.0
0.0
0.0
0.0
0.0
0.0
0.0
0.0
0.0
0.0
0.07058823529411762
0.6196078431372549
0.8313725490196078
0.9921568627450981
0.9921568627450981
0.9921568627450981
0.9921568627450981
0.9921568627450981
0.9921568627450981
0.9921568627450981
0.3411764705882353
0.0
0.0
0.0
0.0
0.0
0.0
0.0
0.0
0.0
0.0
0.0
0.0
0.0
0.0
0.0
0.07450980392156858
0.19215686274509802
0.8
0.996078431372549
0.9921568627450981
0.9647058823529412
0.803921568627451
0.4666666666666667
0.3294117647058824
0.4901960784313726
0.9686274509803922
0.9921568627450981
0.5176470588235293
0.0
0.0
0.0
0.0
0.0
0.0
0.0
0.0
0.0
0.0
0.0
0.25098039215686274
0.37254901960784315
0.23921568627450984
0.23921568627450984
0.7529411764705882
0.9921568627450981
0.9921568627450981
0.996078431372549
0.8549019607843137
0.42352941176470593
0.0
0.0
0.0
0.0
0.8549019607843137
0.9921568627450981
0.8588235294117648
0.0
0.0
0.0
0.0
0.0
0.0
0.0
0.0
0.0
0.0
0.0
0.6627450980392157
0.9921568627450981
0.9921568627450981
0.9921568627450981
0.9921568627450981
0.9921568627450981
0.9921568627450981
0.4627450980392157
0.10196078431372546
0.0
0.0
0.0
0.0
0.0
0.8549019607843137
0.9921568627450981
0.9921568627450981
0.0
0.0
0.0
0.0
0.0
0.0
0.0
0.0
0.0
0.0
0.050980392156862786
0.7764705882352941
0.9921568627450981
0.9921568627450981
0.9921568627450981
0.9921568627450981
0.8509803921568627
0.207843137254902
0.0
0.0
0.0
0.0
0.0
0.0
0.0
0.8549019607843137
0.9921568627450981
0.9921568627450981
0.0
0.0
0.0
0.0
0.0
0.0
0.0
0.0
0.0
0.0
0.3254901960784313
0.9921568627450981
0.9921568627450981
0.9921568627450981
0.9921568627450981
0.4862745098039216
0.08235294117647063
0.0
0.0
0.0
0.0
0.0
0.0
0.0
0.0
0.44705882352941173
0.9921568627450981
0.9921568627450981
0.0
0.0
0.0
0.0
0.0
0.0
0.0
0.0
0.0
0.2941176470588235
0.9607843137254902
0.9921568627450981
0.9921568627450981
0.9921568627450981
0.4901960784313726
0.015686274509803977
0.0
0.0
0.0
0.0
0.0
0.0
0.0
0.0
0.0
0.38431372549019605
0.9921568627450981
0.9921568627450981
0.0
0.0
0.0
0.0
0.0
0.0
0.0
0.0
0.25098039215686274
0.7725490196078432
0.9921568627450981
0.9921568627450981
0.9921568627450981
0.9921568627450981
0.18823529411764706
0.0
0.0
0.0
0.0
0.0
0.29803921568627456
0.4784313725490196
0.4784313725490196
0.7019607843137254
0.4784313725490196
0.6745098039215687
0.9921568627450981
0.9921568627450981
0.0
0.0
0.0
0.0
0.0
0.0
0.0
0.0
0.5490196078431373
0.996078431372549
0.996078431372549
0.9647058823529412
0.9843137254901961
0.9607843137254902
0.18039215686274512
0.0
0.0
0.0
0.07450980392156858
0.5686274509803921
0.996078431372549
0.996078431372549
0.996078431372549
0.996078431372549
0.996078431372549
0.996078431372549
0.996078431372549
0.7490196078431373
0.0
0.0
0.0
0.0
0.0
0.0
0.0
0.0
0.996078431372549
0.9921568627450981
0.9098039215686274
0.14117647058823535
0.3058823529411765
0.10196078431372546
0.0
0.0
0.0
0.04705882352941182
0.996078431372549
0.9921568627450981
0.9803921568627451
0.807843137254902
0.4274509803921569
0.4274509803921569
0.8392156862745098
0.9921568627450981
0.9921568627450981
0.5176470588235293
0.0
0.0
0.0
0.0
0.0
0.0
0.0
0.0
0.6352941176470588
0.9098039215686274
0.5019607843137255
0.0
0.0
0.0
0.0
0.0
0.0
0.5411764705882354
0.996078431372549
0.9921568627450981
0.5529411764705883
0.0
0.0
0.0
0.33725490196078434
0.9921568627450981
0.9921568627450981
0.5176470588235293
0.0
0.0
0.0
0.0
0.0
0.0
0.0
0.0
0.019607843137254943
0.14117647058823535
0.0
0.0
0.0
0.0
0.0
0.0
0.0
0.9490196078431372
0.996078431372549
0.9294117647058824
0.12549019607843137
0.0
0.0
0.0
0.4274509803921569
0.9921568627450981
0.9921568627450981
0.5176470588235293
0.0
0.0
0.0
0.0
0.0
0.0
0.0
0.0
0.0
0.0
0.0
0.0
0.0
0.0
0.0
0.0
0.0
0.9490196078431372
0.996078431372549
0.9215686274509804
0.09019607843137256
0.0
0.0
0.07058823529411762
0.8509803921568627
0.9921568627450981
0.8901960784313725
0.1686274509803921
0.0
0.0
0.0
0.0
0.0
0.0
0.0
0.0
0.0
0.0
0.0
0.0
0.0
0.0
0.0
0.0
0.0
0.9490196078431372
0.996078431372549
0.9921568627450981
0.7372549019607844
0.0
0.0
0.42352941176470593
0.9921568627450981
0.8823529411764706
0.17647058823529416
0.0
0.0
0.0
0.0
0.0
0.0
0.0
0.0
0.0
0.0
0.0
0.0
0.0
0.0
0.0
0.0
0.0
0.0
0.40784313725490196
0.996078431372549
0.9921568627450981
0.9647058823529412
0.49411764705882355
0.33725490196078434
0.8392156862745098
0.9921568627450981
0.4549019607843138
0.0
0.0
0.0
0.0
0.0
0.0
0.0
0.0
0.0
0.0
0.0
0.0
0.0
0.0
0.0
0.0
0.0
0.0
0.0
0.0
0.8156862745098039
0.9921568627450981
0.9921568627450981
0.9921568627450981
0.9921568627450981
0.9921568627450981
0.8666666666666667
0.0862745098039216
0.0
0.0
0.0
0.0
0.0
0.0
0.0
0.0
0.0
0.0
0.0
0.0
0.0
0.0
0.0
0.0
0.0
0.0
0.0
0.0
0.050980392156862786
0.13725490196078427
0.6274509803921569
0.9921568627450981
0.9921568627450981
0.8705882352941177
0.15294117647058825
0.0
0.0
0.0
0.0
0.0
0.0
0.0
0.0
0.0
0.0
0.0
0.0
0.0
0.0
0.0
0.0
0.0
0.0
0.0
0.0
0.0
0.0
0.0
0.007843137254901933
0.04313725490196074
0.27450980392156865
0.03137254901960784
0.0
0.0
0.0
0.0
0.0
0.0
0.0
0.0
0.0
0.0
0.0
0.0
0.0
0.0
0.0
0.0
0.0
0.0
0.0
0.0
0.0
0.0
0.0
0.0
0.0
0.0
0.0
0.0
0.0
0.0
0.0
0.0
0.0
0.0
0.0
0.0
0.0
0.0
0.0
0.0
0.0
0.0
0.0
0.0
0.0
0.0
0.0
0.0
0.0
0.0
0.0
0.0
0.0
0.0
0.0
0.0
0.0
0.0
0.0
0.0
0.0
0.0
0.0
0.0
0.0
0.0
0.0
0.0
0.0
0.0
0.0
0.0
0.0
0.0
0.0
0.0
0.0
0.0
0.0
0.0
0.0
0.0
0.0
0.0
0.0
0.0
0.0
0.0
0.0
0.0
0.0
0.0
0.0
0.0
