0.0
0.0
0.0
0.0
0.0
0.0
0.0
0.0
0.0
0.0
0.0
0.0
0.0
0.0
0.0
0.0
0.0
0.0
0.0
0.0
0.0
0.0
0.0
0.0
0.0
0.0
0.0
0.0
0.0
0.0
0.0
0.0
0.0
0.0
0.0
0.0
0.0
0.0
0.0
0.0
0.0
0.0
0.0
0.0
0.0
0.0
0.0
0.0
0.0
0.0
0.0
0.0
0.0
0.0
0.0
0.0
0.0
0.0
0.0
0.0
0.0
0.0
0.0
0.0
0.0
0.0
0.0
0.0
0.0
0.0
0.0
0.0
0.0
0.0
0.0
0.0
0.0
0.0
0.0
0.0
0.0
0.0
0.0
0.0
0.0
0.0
0.0
0.0
0.0
0.0
0.0
0.0
0.0
0.0
0.0
0.0
0.0
0.0
0.0
0.0
0.0
0.0
0.0
0.0
0.0
0.0
0.0
0.0
0.0
0.0
0.0
0.0
0.0
0.0
0.0
0.0
0.0
0.0
0.0
0.0
0.0
0.0
0.0
0.0
0.0
0.0
0.0
0.0
0.0
0.0
0.0
0.0
0.0
0.0
0.0
0.0
0.0
0.0
0.0
0.0
0.0
0.0
0.0
0.0
0.0
0.0
0.0
0.0
0.0
0.0
0.0
0.0
0.0
0.0
0.0
0.0
0.0
0.0
0.0
0.0
0.0
0.0
0.0
0.0
0.0
0.0
0.0
0.0
0.0
0.0
0.0
0.0
0.0
0.0
0.0
0.0
0.0
0.0
0.0
0.0
0.0
0.0
0.0
0.0
0.0
0.0
0.0
0.0
0.0
0.0
0.0
0.0
0.0
0.0
0.0
0.0
0.0
0.0
0.0
0.0
0.0
0.0
0.0
0.0
0.0
0.0
0.0
0.0
0.0
0.0
0.0
0.0
0.0
0.0
0.0
0.0
0.0
0.0
0.0
0.0
0.0
0.0
0.0
0.0
0.0
0.0
0.0
0.0
0.0
0.0
0.0
0.0
0.0980392156862745
0.28627450980392155
0.0
0.0
0.0
0.0
0.0
0.0
0.0
0.0
0.0
0.0
0.0
0.0
0.0
0.0
0.0
0.0
0.0
0.0
0.0
0.0
0.0
0.0
0.0
0.0
0.1098039215686275
0.807843137254902
0.996078431372549
1.0
0.996078431372549
0.5019607843137255
0.03137254901960784
0.0
0.0
0.0
0.0
0.0
0.0
0.0
0.0
0.0
0.0
0.0
0.0
0.0
0.0
0.0
0.0
0.0
0.0
0.0
0.0
0.06274509803921569
0.8
0.9921568627450981
0.6588235294117647
0.5568627450980392
0.9098039215686274
0.9921568627450981
0.6627450980392157
0.050980392156862786
0.0
0.0
0.0
0.0
0.0
0.0
0.0
0.0
0.0
0.0
0.0
0.0
0.0
0.0
0.0
0.0
0.0
0.0
0.0
0.38431372549019605
0.9921568627450981
0.7254901960784313
0.0117647058823529
0.0
0.11764705882352944
0.8392156862745098
0.9921568627450981
0.7490196078431373
0.05490196078431375
0.0
0.0
0.0
0.18039215686274512
0.2313725490196078
0.41960784313725485
0.5372549019607843
0.5333333333333333
0.37254901960784315
0.09019607843137256
0.0
0.0
0.0
0.0
0.0
0.0
0.0
0.0
0.5725490196078431
0.9921568627450981
0.17647058823529416
0.0
0.0
0.0
0.11372549019607847
0.8509803921568627
0.996078431372549
0.5568627450980392
0.04705882352941182
0.28627450980392155
0.5411764705882354
0.9764705882352941
0.9921568627450981
0.8980392156862745
0.6862745098039216
0.9215686274509804
0.9921568627450981
0.5686274509803921
0.0
0.0
0.0
0.0
0.0
0.0
0.0
0.0
0.807843137254902
0.9372549019607843
0.09411764705882353
0.0
0.0
0.0
0.0
0.0980392156862745
0.8549019607843137
0.996078431372549
0.8274509803921568
0.9725490196078431
0.9686274509803922
0.5647058823529412
0.23921568627450984
0.0
0.0
0.34509803921568627
0.996078431372549
0.803921568627451
0.0
0.0
0.0
0.0
0.0
0.0
0.0
0.0
0.8549019607843137
0.7450980392156863
0.0
0.0
0.0
0.0
0.0
0.0
0.5215686274509803
0.9921568627450981
0.9921568627450981
0.9921568627450981
0.3058823529411765
0.0
0.0
0.0
0.0
0.0862745098039216
0.9215686274509804
0.9921568627450981
0.0
0.0
0.0
0.0
0.0
0.0
0.0
0.0
0.7843137254901961
0.7686274509803921
0.0
0.0
0.0
0.0
0.0
0.5882352941176471
0.9490196078431372
0.9921568627450981
0.9921568627450981
0.9921568627450981
0.23921568627450984
0.0
0.0
0.0
0.0
0.1333333333333333
0.9686274509803922
0.9921568627450981
0.0
0.0
0.0
0.0
0.0
0.0
0.0
0.0
0.8784313725490196
0.8156862745098039
0.0
0.0
0.0
0.050980392156862786
0.7294117647058824
0.9882352941176471
0.6627450980392157
0.23921568627450984
0.5019607843137255
0.9686274509803922
0.9411764705882353
0.33333333333333337
0.0
0.0
0.0
0.1568627450980392
0.9921568627450981
0.9921568627450981
0.0
0.0
0.0
0.0
0.0
0.0
0.0
0.0
0.7843137254901961
0.9019607843137255
0.08235294117647063
0.0
0.2196078431372549
0.8313725490196078
0.9764705882352941
0.44705882352941173
0.0
0.0
0.0
0.3803921568627451
0.9725490196078431
0.9490196078431372
0.4549019607843138
0.03137254901960784
0.007843137254901933
0.3137254901960784
0.996078431372549
0.4784313725490196
0.0
0.0
0.0
0.0
0.0
0.0
0.0
0.0
0.40784313725490196
0.9921568627450981
0.8
0.6470588235294117
0.996078431372549
0.6823529411764706
0.17647058823529416
0.0
0.0
0.0
0.0
0.0
0.3019607843137255
0.9568627450980393
0.9921568627450981
0.8509803921568627
0.7843137254901961
0.9921568627450981
0.7686274509803921
0.09019607843137256
0.0
0.0
0.0
0.0
0.0
0.0
0.0
0.0
0.0117647058823529
0.3411764705882353
0.9568627450980393
0.9921568627450981
0.7411764705882353
0.03529411764705881
0.0
0.0
0.0
0.0
0.0
0.0
0.0
0.11764705882352944
0.3176470588235294
0.7372549019607844
0.9764705882352941
0.5725490196078431
0.07058823529411762
0.0
0.0
0.0
0.0
0.0
0.0
0.0
0.0
0.0
0.0
0.0980392156862745
0.41960784313725485
0.19215686274509802
0.3764705882352941
0.1686274509803921
0.0
0.0
0.0
0.0
0.0
0.0
0.0
0.0
0.0
0.0
0.07058823529411762
0.0
0.0
0.0
0.0
0.0
0.0
0.0
0.0
0.0
0.0
0.0
0.0
0.0
0.0
0.0
0.0
0.0
0.0
0.0
0.0
0.0
0.0
0.0
0.0
0.0
0.0
0.0
0.0
0.0
0.0
0.0
0.0
0.0
0.0
0.0
0.0
0.0
0.0
0.0
0.0
0.0
0.0
0.0
0.0
0.0
0.0
0.0
0.0
0.0
0.0
0.0
0.0
0.0
0.0
0.0
0.0
0.0
0.0
0.0
0.0
0.0
0.0
0.0
0.0
0.0
0.0
0.0
0.0
0.0
0.0
0.0
0.0
0.0
0.0
0.0
0.0
0.0
0.0
0.0
0.0
0.0
0.0
0.0
0.0
0.0
0.0
0.0
0.0
0.0
0.0
0.0
0.0
0.0
0.0
0.0
0.0
0.0
0.0
0.0
0.0
0.0
0.0
0.0
0.0
0.0
0.0
0.0
0.0
0.0
0.0
0.0
0.0
0.0
0.0
0.0
0.0
0.0
0.0
0.0
0.0
0.0
0.0
0.0
0.0
0.0
0.0
0.0
0.0
0.0
0.0
0.0
0.0
0.0
0.0
0.0
0.0
0.0
0.0
0.0
0.0
0.0
0.0
0.0
0.0
0.0
0.0
0.0
0.0
0.0
0.0
0.0
0.0
0.0
0.0
0.0
0.0
0.0
0.0
0.0
0.0
0.0
0.0
0.0
0.0
0.0
0.0
0.0
0.0
0.0
0.0
0.0
0.0
0.0
0.0
0.0
0.0
0.0
0.0
0.0
0.0
0.0
0.0
0.0
0.0
0.0
0.0
0.0
0.0
0.0
0.0
0.0
0.0
0.0
0.0
0.0
0.0
0.0
0.0
0.0
0.0
0.0
0.0
