0.0
0.0
0.0
0.0
0.0
0.0
0.0
0.0
0.0
0.0
0.0
0.0
0.0
0.0
0.0
0.0
0.0
0.0
0.0
0.0
0.0
0.0
0.0
0.0
0.0
0.0
0.0
0.0
0.0
0.0
0.0
0.0
0.0
0.0
0.0
0.0
0.0
0.0
0.0
0.0
0.0
0.0
0.0
0.0
0.0
0.0
0.0
0.0
0.0
0.0
0.0
0.0
0.0
0.0
0.0
0.0
0.0
0.0
0.0
0.0
0.0
0.0
0.0
0.0
0.0
0.0
0.0
0.0
0.0
0.0
0.0
0.0
0.0
0.0
0.0
0.0
0.0
0.0
0.0
0.0
0.0
0.0
0.0
0.0
0.0
0.0
0.0
0.0
0.0
0.0
0.0
0.0
0.0
0.0
0.0
0.0
0.0
0.0
0.0
0.0
0.0
0.0
0.0
0.0
0.0
0.0
0.0
0.0
0.0
0.0
0.0
0.0
0.0
0.0
0.0
0.0
0.0
0.0
0.0
0.0
0.0
0.0
0.0
0.0
0.0
0.0
0.0
0.0
0.0
0.0
0.0
0.0
0.0
0.0
0.0
0.0
0.0
0.0
0.0
0.0
0.0
0.0
0.0
0.0
0.0
0.0
0.0
0.0
0.0
0.0
0.0
0.0
0.0
0.0
0.0
0.0
0.0
0.0
0.0
0.0
0.0
0.0
0.0
0.0
0.0
0.0
0.0
0.0
0.0
0.0
0.0
0.0
0.0
0.0
0.0
0.0
0.0
0.2588235294117647
0.996078431372549
0.580392156862745
0.05490196078431375
0.0
0.0
0.0
0.039215686274509776
0.2313725490196078
0.2313725490196078
0.03529411764705881
0.0
0.0
0.0
0.0
0.0
0.0
0.0
0.0
0.0
0.0
0.0
0.0
0.0
0.0
0.0
0.0
0.28627450980392155
0.9137254901960784
0.9921568627450981
0.7411764705882353
0.1215686274509804
0.0
0.0
0.0
0.5098039215686274
0.9921568627450981
0.9921568627450981
0.5019607843137255
0.0
0.0
0.0
0.0
0.0
0.0
0.0
0.0
0.0
0.0
0.0
0.0
0.0
0.0
0.0
0.0
0.611764705882353
0.9921568627450981
0.7764705882352941
0.13725490196078427
0.0
0.0
0.0
0.4862745098039216
0.9686274509803922
0.9921568627450981
0.9921568627450981
0.9137254901960784
0.0
0.0
0.0
0.0
0.0
0.0
0.0
0.0
0.0
0.0
0.0
0.0
0.0
0.0
0.027450980392156876
0.4549019607843138
0.9647058823529412
0.9764705882352941
0.5764705882352941
0.0
0.0
0.039215686274509776
0.1568627450980392
0.7372549019607844
0.9921568627450981
0.9921568627450981
0.9921568627450981
0.9137254901960784
0.0
0.0
0.0
0.0
0.0
0.0
0.0
0.0
0.0
0.0
0.0
0.0
0.0
0.0
0.4549019607843138
0.9921568627450981
0.9921568627450981
0.615686274509804
0.0
0.0
0.0
0.2313725490196078
0.9921568627450981
0.9921568627450981
0.9921568627450981
0.9921568627450981
0.9921568627450981
0.9450980392156862
0.2666666666666667
0.0
0.0
0.0
0.0
0.0
0.0
0.0
0.0
0.0
0.0
0.0
0.0
0.43137254901960786
0.9647058823529412
0.9921568627450981
0.9921568627450981
0.14901960784313728
0.0
0.0
0.0
0.7058823529411764
0.9921568627450981
0.9921568627450981
0.9921568627450981
0.9921568627450981
0.9921568627450981
0.9921568627450981
0.6823529411764706
0.0
0.0
0.0
0.0
0.0
0.0
0.0
0.0
0.0
0.0
0.0
0.0
0.6901960784313725
0.9921568627450981
0.9921568627450981
0.47058823529411764
0.02352941176470591
0.0
0.04313725490196074
0.6705882352941177
0.996078431372549
0.9921568627450981
0.9921568627450981
0.9294117647058824
0.9921568627450981
0.9921568627450981
0.9921568627450981
0.6823529411764706
0.0
0.0
0.0
0.0
0.0
0.0
0.0
0.0
0.0
0.0
0.0
0.14509803921568631
0.7843137254901961
0.9921568627450981
0.9921568627450981
0.3803921568627451
0.0
0.0980392156862745
0.6784313725490196
0.9921568627450981
0.996078431372549
0.9921568627450981
0.7764705882352941
0.20392156862745103
0.9921568627450981
0.9921568627450981
0.9921568627450981
0.6823529411764706
0.0
0.0
0.0
0.0
0.0
0.0
0.0
0.0
0.0
0.0
0.0
0.21176470588235297
0.8274509803921568
0.9921568627450981
0.9921568627450981
0.7098039215686274
0.5372549019607843
0.6784313725490196
0.9921568627450981
0.9921568627450981
0.996078431372549
0.7411764705882353
0.13725490196078427
0.07058823529411762
0.6588235294117647
0.9921568627450981
0.9921568627450981
0.6823529411764706
0.0
0.0
0.0
0.0
0.0
0.0
0.0
0.0
0.0
0.0
0.0
0.0
0.6901960784313725
0.9921568627450981
0.9921568627450981
0.9921568627450981
0.9921568627450981
0.9921568627450981
0.9921568627450981
0.9921568627450981
0.8196078431372549
0.1215686274509804
0.0
0.0
0.388235294117647
0.9921568627450981
0.9294117647058824
0.1568627450980392
0.0
0.0
0.0
0.0
0.0
0.0
0.0
0.0
0.0
0.0
0.0
0.0
0.5333333333333333
0.7686274509803921
0.8549019607843137
0.996078431372549
0.996078431372549
0.9254901960784314
0.7686274509803921
0.7686274509803921
0.0
0.0
0.0
0.1568627450980392
0.996078431372549
1.0
0.9803921568627451
0.5294117647058824
0.0
0.0
0.0
0.0
0.0
0.0
0.0
0.0
0.0
0.0
0.0
0.0
0.0
0.0
0.207843137254902
0.5294117647058824
0.5294117647058824
0.3686274509803922
0.0
0.0
0.0
0.0
0.0
0.1568627450980392
0.9921568627450981
0.9921568627450981
0.9490196078431372
0.32156862745098036
0.0
0.0
0.0
0.0
0.0
0.0
0.0
0.0
0.0
0.0
0.0
0.0
0.0
0.0
0.0
0.0
0.0
0.0
0.0
0.0
0.0
0.0
0.0
0.1568627450980392
0.9921568627450981
0.9921568627450981
0.9921568627450981
0.6823529411764706
0.0
0.0
0.0
0.0
0.0
0.0
0.0
0.0
0.0
0.0
0.0
0.0
0.0
0.0
0.0
0.0
0.0
0.0
0.0
0.0
0.0
0.0
0.0
0.1568627450980392
0.9921568627450981
0.9921568627450981
0.9921568627450981
0.6823529411764706
0.0
0.0
0.0
0.0
0.0
0.0
0.0
0.0
0.0
0.0
0.0
0.0
0.0
0.0
0.0
0.0
0.0
0.0
0.0
0.0
0.0
0.0
0.0
0.1568627450980392
0.9921568627450981
0.9921568627450981
0.9921568627450981
0.6823529411764706
0.0
0.0
0.0
0.0
0.0
0.0
0.0
0.0
0.0
0.0
0.0
0.0
0.0
0.0
0.0
0.0
0.0
0.0
0.0
0.0
0.0
0.0
0.0
0.1568627450980392
0.9921568627450981
0.9921568627450981
0.9921568627450981
0.6823529411764706
0.0
0.0
0.0
0.0
0.0
0.0
0.0
0.0
0.0
0.0
0.0
0.0
0.0
0.0
0.0
0.0
0.0
0.0
0.0
0.0
0.0
0.0
0.0
0.21568627450980393
0.9921568627450981
0.9921568627450981
0.9254901960784314
0.10196078431372546
0.0
0.0
0.0
0.0
0.0
0.0
0.0
0.0
0.0
0.0
0.0
0.0
0.0
0.0
0.0
0.0
0.0
0.0
0.0
0.0
0.0
0.0
0.0
0.6823529411764706
0.9921568627450981
0.9921568627450981
0.9137254901960784
0.0
0.0
0.0
0.0
0.0
0.0
0.0
0.0
0.0
0.0
0.0
0.0
0.0
0.0
0.0
0.0
0.0
0.0
0.0
0.0
0.0
0.0
0.0
0.0
0.1568627450980392
0.9921568627450981
0.9921568627450981
0.9137254901960784
0.0
0.0
0.0
0.0
0.0
0.0
0.0
0.0
0.0
0.0
0.0
0.0
0.0
0.0
0.0
0.0
0.0
0.0
0.0
0.0
0.0
0.0
0.0
0.0
0.03529411764705881
0.5176470588235293
0.9921568627450981
0.32156862745098036
0.0
0.0
0.0
0.0
0.0
0.0
0.0
0.0
0.0
0.0
0.0
0.0
0.0
0.0
0.0
0.0
0.0
0.0
0.0
0.0
0.0
0.0
0.0
0.0
0.0
0.0
0.0
0.0
0.0
0.0
0.0
0.0
0.0
0.0
0.0
0.0
0.0
0.0
0.0
0.0
0.0
0.0
0.0
0.0
0.0
0.0
0.0
0.0
0.0
0.0
0.0
0.0
0.0
0.0
0.0
0.0
0.0
0.0
0.0
0.0
0.0
0.0
0.0
0.0
