0.0
0.0
0.0
0.0
0.0
0.0
0.0
0.0
0.0
0.0
0.0
0.0
0.0
0.0
0.0
0.0
0.0
0.0
0.0
0.0
0.0
0.0
0.0
0.0
0.0
0.0
0.0
0.0
0.0
0.0
0.0
0.0
0.0
0.0
0.0
0.0
0.0
0.0
0.0
0.0
0.0
0.0
0.0
0.0
0.0
0.0
0.0
0.0
0.0
0.0
0.0
0.0
0.0
0.0
0.0
0.0
0.0
0.0
0.0
0.0
0.0
0.0
0.0
0.0
0.0
0.0
0.0
0.0
0.0
0.0
0.0
0.0
0.0
0.0
0.0
0.0
0.0
0.0
0.0
0.0
0.0
0.0
0.0
0.0
0.0
0.0
0.0
0.0
0.0
0.0
0.0
0.0
0.0
0.0
0.0
0.0
0.0
0.0
0.0
0.0
0.0
0.0
0.0
0.0
0.0
0.0
0.0
0.0
0.0
0.0
0.0
0.0
0.0
0.0
0.0
0.0
0.0
0.0
0.0
0.0
0.0
0.0
0.0
0.0
0.0
0.0
0.0
0.0
0.0
0.0
0.22352941176470587
0.7725490196078432
0.8901960784313725
0.5215686274509803
0.0862745098039216
0.0
0.0
0.0
0.0
0.0
0.0
0.0
0.0
0.0
0.0
0.0
0.0
0.0
0.0
0.0
0.0
0.0
0.0
0.0
0.0
0.0
0.0
0.12941176470588234
0.8156862745098039
0.996078431372549
0.996078431372549
0.9411764705882353
0.10588235294117643
0.0
0.0
0.0
0.0
0.0
0.0
0.0
0.0
0.0
0.0
0.0
0.0
0.0
0.0
0.0
0.0
0.0
0.0
0.0
0.0
0.0
0.05882352941176472
0.5529411764705883
0.996078431372549
0.996078431372549
0.996078431372549
0.9254901960784314
0.0
0.0
0.0
0.0
0.0
0.0
0.0
0.0
0.0
0.0
0.0
0.0
0.0
0.0
0.0
0.0
0.0
0.0
0.0
0.0
0.0
0.0
0.6196078431372549
0.9607843137254902
0.996078431372549
0.996078431372549
0.996078431372549
0.9254901960784314
0.0
0.0
0.0
0.0
0.0
0.0
0.0
0.0
0.0
0.0
0.0
0.0
0.0
0.0
0.0
0.0
0.0
0.0
0.0
0.0
0.0
0.23921568627450984
0.9843137254901961
0.996078431372549
0.9333333333333333
0.996078431372549
0.996078431372549
0.7450980392156863
0.0
0.0
0.0
0.0
0.0
0.0
0.0
0.0
0.0
0.0
0.0
0.0
0.0
0.0
0.0
0.0
0.0
0.0
0.0
0.0
0.0
0.44313725490196076
0.996078431372549
0.996078431372549
0.6980392156862745
0.996078431372549
0.996078431372549
0.41960784313725485
0.0
0.0
0.0
0.0
0.0
0.0
0.0
0.0
0.0
0.0
0.0
0.0
0.0
0.0
0.0
0.0
0.0
0.0
0.0
0.0
0.0
0.7725490196078432
0.996078431372549
0.8313725490196078
0.7333333333333334
0.996078431372549
0.9490196078431372
0.1333333333333333
0.0
0.0
0.0
0.0
0.0
0.0
0.0
0.0
0.0
0.0
0.0
0.0
0.0
0.015686274509803977
0.25098039215686274
0.6509803921568628
0.3803921568627451
0.019607843137254943
0.0
0.0
0.0
0.9647058823529412
0.7098039215686274
0.4745098039215686
0.7607843137254902
0.996078431372549
0.7490196078431373
0.0
0.0
0.0
0.0
0.0
0.0
0.0
0.0
0.0
0.0
0.0
0.0
0.0
0.0
0.45882352941176474
0.996078431372549
0.996078431372549
0.9058823529411765
0.06666666666666665
0.0
0.0
0.0
0.9647058823529412
0.996078431372549
0.6862745098039216
0.996078431372549
0.996078431372549
0.41960784313725485
0.0
0.0
0.0
0.0
0.0
0.0
0.0
0.0
0.0
0.0
0.0
0.0
0.0
0.0
0.5490196078431373
0.996078431372549
0.996078431372549
0.30980392156862746
0.0
0.0
0.0
0.1098039215686275
0.9725490196078431
0.996078431372549
0.996078431372549
0.996078431372549
0.8980392156862745
0.06274509803921569
0.0
0.0
0.0
0.0
0.0
0.0
0.0
0.0
0.0
0.0
0.0
0.0
0.0
0.45882352941176474
0.996078431372549
0.996078431372549
0.4117647058823529
0.0
0.0
0.0
0.0
0.3137254901960784
0.996078431372549
0.996078431372549
1.0
0.996078431372549
0.5254901960784314
0.0
0.0
0.0
0.0
0.0
0.0
0.0
0.0
0.0
0.0
0.0
0.0
0.0
0.1725490196078432
0.9686274509803922
0.996078431372549
0.8509803921568627
0.12549019607843137
0.0
0.0
0.0
0.0
0.3137254901960784
0.996078431372549
0.996078431372549
0.996078431372549
0.611764705882353
0.007843137254901933
0.0
0.0
0.0
0.0
0.0
0.0
0.0
0.0
0.0
0.0
0.0
0.0
0.0
0.2784313725490196
0.996078431372549
0.996078431372549
0.39607843137254906
0.0
0.0
0.0
0.0
0.0
0.02352941176470591
0.6431372549019607
0.996078431372549
0.996078431372549
0.5607843137254902
0.0
0.0
0.0
0.0
0.0
0.0
0.0
0.0
0.0
0.0
0.0
0.0
0.0
0.0
0.2784313725490196
0.996078431372549
0.807843137254902
0.015686274509803977
0.0
0.0
0.0
0.0
0.0
0.06666666666666665
0.9372549019607843
0.996078431372549
0.996078431372549
0.9764705882352941
0.5607843137254902
0.4274509803921569
0.07450980392156858
0.0
0.0
0.0
0.0
0.0
0.0
0.0
0.0
0.0
0.0
0.0
0.5725490196078431
0.996078431372549
0.49411764705882355
0.0
0.0
0.0
0.0
0.0
0.0
0.7843137254901961
0.996078431372549
0.9529411764705882
0.6313725490196078
0.9254901960784314
0.996078431372549
0.9803921568627452
0.788235294117647
0.4156862745098039
0.0
0.0
0.0
0.0
0.0
0.0
0.0
0.0
0.0
0.0
0.6196078431372549
0.996078431372549
0.7294117647058824
0.0
0.0
0.0
0.0
0.007843137254901933
0.3803921568627451
0.996078431372549
0.996078431372549
0.5372549019607843
0.0
0.207843137254902
0.6784313725490196
0.6196078431372549
0.7137254901960784
0.32156862745098036
0.0
0.0
0.0
0.0
0.0
0.0
0.0
0.0
0.0
0.0
0.22352941176470587
0.9294117647058824
0.9529411764705882
0.14509803921568631
0.0
0.0
0.0
0.34509803921568627
0.996078431372549
0.996078431372549
0.7019607843137254
0.015686274509803977
0.0
0.0
0.0
0.0
0.0
0.0
0.0
0.0
0.0
0.0
0.0
0.0
0.0
0.0
0.0
0.0
0.0
0.5607843137254902
0.996078431372549
0.7529411764705882
0.18039215686274512
0.21176470588235297
0.32156862745098036
0.9294117647058824
0.9725490196078431
0.584313725490196
0.019607843137254943
0.0
0.0
0.0
0.0
0.0
0.0
0.0
0.0
0.0
0.0
0.0
0.0
0.0
0.0
0.0
0.0
0.0
0.0
0.06666666666666665
0.8980392156862745
0.996078431372549
0.9568627450980391
0.9372549019607843
0.996078431372549
0.9568627450980391
0.28627450980392155
0.0
0.0
0.0
0.0
0.0
0.0
0.0
0.0
0.0
0.0
0.0
0.0
0.0
0.0
0.0
0.0
0.0
0.0
0.0
0.0
0.0
0.06666666666666665
0.6627450980392157
0.7568627450980392
0.7215686274509804
0.6274509803921569
0.0862745098039216
0.0
0.0
0.0
0.0
0.0
0.0
0.0
0.0
0.0
0.0
0.0
0.0
0.0
0.0
0.0
0.0
0.0
0.0
0.0
0.0
0.0
0.0
0.0
0.0
0.0
0.0
0.0
0.0
0.0
0.0
0.0
0.0
0.0
0.0
0.0
0.0
0.0
0.0
0.0
0.0
0.0
0.0
0.0
0.0
0.0
0.0
0.0
0.0
0.0
0.0
0.0
0.0
0.0
0.0
0.0
0.0
0.0
0.0
0.0
0.0
0.0
0.0
0.0
0.0
0.0
0.0
0.0
0.0
0.0
0.0
0.0
0.0
0.0
0.0
0.0
0.0
0.0
0.0
0.0
0.0
0.0
0.0
0.0
0.0
0.0
0.0
0.0
0.0
0.0
0.0
0.0
0.0
0.0
0.0
0.0
0.0
0.0
0.0
0.0
0.0
0.0
0.0
0.0
0.0
0.0
0.0
0.0
0.0
0.0
0.0
0.0
0.0
0.0
0.0
0.0
0.0
0.0
0.0
0.0
0.0
0.0
0.0
0.0
0.0
0.0
0.0
0.0
