0.0
0.0
0.0
0.0
0.0
0.0
0.0
0.0
0.0
0.0
0.0
0.0
0.0
0.0
0.0
0.0
0.0
0.0
0.0
0.0
0.0
0.0
0.0
0.0
0.0
0.0
0.0
0.0
0.0
0.0
0.0
0.0
0.0
0.0
0.0
0.0
0.0
0.0
0.0
0.0
0.0
0.0
0.0
0.0
0.0
0.0
0.0
0.0
0.0
0.0
0.0
0.0
0.0
0.0
0.0
0.0
0.0
0.0
0.0
0.0
0.0
0.0
0.0
0.0
0.0
0.0
0.0
0.0
0.0
0.0
0.0
0.0
0.0
0.0
0.0
0.0
0.0
0.0
0.0
0.0
0.0
0.0
0.0
0.0
0.0
0.0
0.0
0.0
0.0
0.0
0.0
0.0
0.0
0.0
0.0
0.0
0.0
0.0
0.0
0.0
0.0
0.0
0.0
0.0
0.0
0.0
0.0
0.0
0.0
0.0
0.0
0.0
0.0
0.0
0.0
0.0
0.0
0.0
0.0
0.0
0.0
0.0
0.0
0.0
0.0
0.0
0.0
0.0
0.0
0.0
0.0
0.0
0.0
0.0
0.0
0.0
0.0
0.0
0.0
0.0
0.0
0.0
0.0
0.0
0.0
0.0
0.0
0.0
0.0
0.0
0.0
0.0
0.0
0.0
0.0
0.0
0.0
0.0
0.0
0.0
0.03529411764705881
0.3137254901960784
0.3137254901960784
0.0980392156862745
0.0
0.0
0.0
0.0
0.0
0.0
0.0
0.0
0.6313725490196078
0.8666666666666667
0.6196078431372549
0.16078431372549018
0.0
0.0
0.0
0.0
0.0
0.0
0.0
0.0
0.0
0.0
0.0
0.0
0.32156862745098036
0.996078431372549
0.996078431372549
0.6392156862745098
0.0
0.0
0.0
0.0
0.0
0.0
0.0
0.0
0.7372549019607844
0.996078431372549
0.996078431372549
0.5607843137254902
0.0
0.0
0.0
0.0
0.0
0.0
0.0
0.0
0.0
0.0
0.0
0.03529411764705881
0.6980392156862745
0.996078431372549
0.996078431372549
0.7333333333333334
0.0
0.0
0.0
0.0
0.0
0.0
0.0
0.0
0.8784313725490196
0.996078431372549
0.996078431372549
0.6823529411764706
0.0
0.0
0.0
0.0
0.0
0.0
0.0
0.0
0.0
0.0
0.0
0.3294117647058824
0.996078431372549
0.996078431372549
0.996078431372549
0.6862745098039216
0.0
0.0
0.0
0.0
0.0
0.0
0.0
0.0
0.996078431372549
0.996078431372549
0.996078431372549
0.2666666666666667
0.0
0.0
0.0
0.0
0.0
0.0
0.0
0.0
0.0
0.0
0.0
0.5411764705882354
0.996078431372549
0.996078431372549
0.996078431372549
0.35686274509803917
0.0
0.0
0.0
0.0
0.0
0.0
0.0
0.0
0.7098039215686274
0.996078431372549
0.9607843137254902
0.0862745098039216
0.0
0.0
0.0
0.0
0.0
0.0
0.0
0.0
0.0
0.0
0.14509803921568631
0.9647058823529412
0.996078431372549
0.996078431372549
0.9647058823529412
0.05490196078431375
0.0
0.0
0.0
0.0
0.0
0.0
0.0
0.0
0.6549019607843137
0.996078431372549
0.7529411764705882
0.0
0.0
0.0
0.0
0.0
0.0
0.0
0.0
0.0
0.0
0.0
0.6
0.996078431372549
0.996078431372549
0.996078431372549
0.803921568627451
0.0
0.0
0.0
0.0
0.0
0.0
0.0
0.0
0.0
0.7490196078431373
0.996078431372549
0.7529411764705882
0.0
0.0
0.0
0.0
0.0
0.0
0.0
0.0
0.0
0.0
0.1843137254901961
0.9607843137254902
0.996078431372549
0.996078431372549
0.996078431372549
0.592156862745098
0.0
0.0
0.0
0.0
0.0
0.0
0.0
0.0
0.0
0.44313725490196076
0.996078431372549
0.7529411764705882
0.0
0.0
0.0
0.0
0.0
0.0
0.0
0.0
0.0
0.0117647058823529
0.6862745098039216
0.996078431372549
0.996078431372549
0.996078431372549
0.9921568627450981
0.2666666666666667
0.0
0.0
0.0
0.0
0.0
0.0
0.0
0.0
0.0
0.6549019607843137
0.996078431372549
0.8352941176470589
0.03529411764705881
0.0
0.0
0.0
0.0
0.0
0.0
0.0
0.0
0.48235294117647054
0.996078431372549
0.996078431372549
0.996078431372549
0.996078431372549
0.807843137254902
0.0
0.0
0.0
0.0
0.0
0.0
0.0
0.0
0.0
0.0
0.6549019607843137
0.996078431372549
0.996078431372549
0.207843137254902
0.0
0.0
0.0
0.0
0.0
0.0
0.0
0.2901960784313725
0.9764705882352941
1.0
0.996078431372549
0.996078431372549
0.996078431372549
0.23921568627450984
0.0
0.0
0.0
0.0
0.0
0.0
0.0
0.0
0.0
0.0
0.23529411764705888
0.9843137254901961
0.996078431372549
0.7137254901960784
0.039215686274509776
0.0
0.0
0.0
0.0
0.0
0.1843137254901961
0.9607843137254902
0.996078431372549
0.996078431372549
0.996078431372549
0.996078431372549
0.996078431372549
0.23921568627450984
0.0
0.0
0.0
0.0
0.0
0.0
0.0
0.0
0.0
0.0
0.0
0.9647058823529412
0.996078431372549
0.8509803921568627
0.04313725490196074
0.0
0.0
0.0
0.0117647058823529
0.596078431372549
0.9764705882352941
0.996078431372549
0.996078431372549
0.996078431372549
0.996078431372549
0.996078431372549
0.6941176470588235
0.015686274509803977
0.0
0.0
0.0
0.0
0.0
0.0
0.0
0.0
0.0
0.0
0.0
0.40784313725490196
0.9803921568627451
0.996078431372549
0.6705882352941177
0.03529411764705881
0.0
0.1843137254901961
0.6862745098039216
0.996078431372549
1.0
0.996078431372549
0.996078431372549
0.996078431372549
0.996078431372549
0.996078431372549
0.23921568627450984
0.0
0.0
0.0
0.0
0.0
0.0
0.0
0.0
0.0
0.0
0.0
0.0
0.0
0.4156862745098039
0.9176470588235294
0.996078431372549
0.7176470588235294
0.5529411764705883
0.9607843137254902
0.996078431372549
0.996078431372549
0.996078431372549
0.792156862745098
0.2784313725490196
0.788235294117647
0.996078431372549
0.8745098039215686
0.03137254901960784
0.0
0.0
0.0
0.0
0.0
0.0
0.0
0.0
0.0
0.0
0.0
0.0
0.0
0.0
0.5019607843137255
0.996078431372549
0.996078431372549
0.996078431372549
0.996078431372549
0.996078431372549
0.8980392156862745
0.5254901960784314
0.06666666666666665
0.0
0.8941176470588236
0.996078431372549
0.5686274509803921
0.0
0.0
0.0
0.0
0.0
0.0
0.0
0.0
0.0
0.0
0.0
0.0
0.0
0.0
0.0
0.04313725490196074
0.5019607843137255
0.7137254901960784
0.8901960784313725
0.8666666666666667
0.5450980392156863
0.1725490196078432
0.0
0.0
0.0
0.8941176470588236
0.996078431372549
0.6313725490196078
0.0
0.0
0.0
0.0
0.0
0.0
0.0
0.0
0.0
0.0
0.0
0.0
0.0
0.0
0.0
0.0
0.0
0.0
0.0
0.0
0.0
0.0
0.0
0.0
0.0
0.5137254901960784
0.996078431372549
0.2549019607843137
0.0
0.0
0.0
0.0
0.0
0.0
0.0
0.0
0.0
0.0
0.0
0.0
0.0
0.0
0.0
0.0
0.0
0.0
0.0
0.0
0.0
0.0
0.0
0.0
0.0
0.5294117647058824
0.603921568627451
0.04705882352941182
0.0
0.0
0.0
0.0
0.0
0.0
0.0
0.0
0.0
0.0
0.0
0.0
0.0
0.0
0.0
0.0
0.0
0.0
0.0
0.0
0.0
0.0
0.0
0.0
0.0
0.0
0.0
0.0
0.0
0.0
0.0
0.0
0.0
0.0
0.0
0.0
0.0
0.0
0.0
0.0
0.0
0.0
0.0
0.0
0.0
0.0
0.0
0.0
0.0
0.0
0.0
0.0
0.0
0.0
0.0
0.0
0.0
0.0
0.0
0.0
0.0
0.0
0.0
0.0
0.0
0.0
0.0
0.0
0.0
0.0
0.0
0.0
0.0
0.0
0.0
0.0
0.0
0.0
0.0
0.0
0.0
0.0
0.0
0.0
0.0
0.0
0.0
0.0
0.0
0.0
0.0
0.0
0.0
0.0
0.0
0.0
0.0
0.0
0.0
0.0
0.0
0.0
0.0
0.0
0.0
0.0
0.0
0.0
0.0
0.0
0.0
0.0
0.0
0.0
0.0
0.0
0.0
0.0
0.0
0.0
