0.0
0.0
0.0
0.0
0.0
0.0
0.0
0.0
0.0
0.0
0.0
0.0
0.0
0.0
0.0
0.0
0.0
0.0
0.0
0.0
0.0
0.0
0.0
0.0
0.0
0.0
0.0
0.0
0.0
0.0
0.0
0.0
0.0
0.0
0.0
0.0
0.0
0.0
0.0
0.0
0.0
0.0
0.0
0.0
0.0
0.0
0.0
0.0
0.0
0.0
0.0
0.0
0.0
0.0
0.0
0.0
0.0
0.0
0.0
0.0
0.0
0.0
0.0
0.0
0.0
0.0
0.0
0.0
0.0
0.0
0.0
0.0
0.0
0.0
0.0
0.0
0.0
0.0
0.0
0.0
0.0
0.0
0.0
0.0
0.0
0.0
0.0
0.0
0.0
0.0
0.0
0.0
0.0
0.0
0.0
0.0
0.0
0.0
0.0
0.0
0.0
0.0
0.0
0.0
0.0
0.0
0.0
0.0
0.0
0.0
0.0
0.0
0.0
0.0
0.0
0.0
0.0
0.0
0.0
0.0
0.0
0.0
0.0
0.0
0.0
0.0
0.0
0.0
0.0
0.0
0.0
0.0
0.0
0.0
0.0
0.0
0.0
0.0
0.0
0.0
0.0
0.0
0.0
0.0
0.0
0.0
0.0
0.0
0.0
0.0
0.0
0.0
0.0
0.0
0.0
0.0
0.0
0.0
0.0
0.0
0.0
0.0
0.0
0.0
0.0
0.0
0.0
0.0
0.0
0.0
0.0
0.0
0.0
0.0
0.0
0.0
0.0
0.0
0.0
0.0
0.1098039215686275
0.5176470588235293
0.7254901960784313
0.5607843137254902
0.0117647058823529
0.0
0.0
0.0
0.0
0.0
0.0
0.0
0.0
0.0
0.0
0.0
0.0
0.0
0.0
0.0
0.0
0.0
0.0
0.0
0.0
0.007843137254901933
0.4156862745098039
0.5372549019607843
0.9176470588235294
0.996078431372549
0.996078431372549
0.996078431372549
0.8784313725490196
0.580392156862745
0.09411764705882353
0.0039215686274509665
0.0
0.0
0.0
0.0
0.0
0.0
0.0
0.0
0.0
0.0
0.0
0.0
0.0
0.0
0.0
0.0
0.1098039215686275
0.6352941176470588
0.996078431372549
0.996078431372549
0.996078431372549
0.996078431372549
0.9568627450980393
0.8941176470588236
0.996078431372549
0.996078431372549
0.996078431372549
0.09019607843137256
0.0
0.0
0.0
0.0
0.0
0.0
0.0
0.0
0.0
0.0
0.0
0.0
0.0
0.0
0.0
0.15294117647058825
0.7411764705882353
0.996078431372549
0.996078431372549
0.996078431372549
0.7450980392156863
0.2784313725490196
0.196078431372549
0.0980392156862745
0.6941176470588235
0.996078431372549
0.996078431372549
0.803921568627451
0.0980392156862745
0.0
0.0
0.0
0.0
0.0
0.0
0.0
0.0
0.0
0.0
0.0
0.0
0.007843137254901933
0.5019607843137255
0.9450980392156862
0.996078431372549
0.996078431372549
0.9333333333333333
0.2588235294117647
0.02352941176470591
0.0
0.0
0.0
0.0117647058823529
0.5019607843137255
0.9921568627450981
0.996078431372549
0.4980392156862745
0.0
0.0
0.0
0.0
0.0
0.0
0.0
0.0
0.0
0.0
0.0
0.0
0.4392156862745098
0.996078431372549
0.996078431372549
0.9607843137254902
0.48235294117647054
0.03137254901960784
0.0
0.0
0.0
0.0
0.0
0.0
0.050980392156862786
0.8627450980392157
0.996078431372549
0.8941176470588236
0.09019607843137256
0.0
0.0
0.0
0.0
0.0
0.0
0.0
0.0
0.0
0.0
0.16470588235294115
0.9058823529411765
0.996078431372549
0.9843137254901961
0.34901960784313724
0.0
0.0
0.0
0.0
0.0
0.0
0.0
0.039215686274509776
0.6901960784313725
0.996078431372549
0.996078431372549
0.996078431372549
0.4745098039215686
0.0
0.0
0.0
0.0
0.0
0.0
0.0
0.0
0.0
0.019607843137254943
0.8470588235294118
0.996078431372549
0.9490196078431372
0.34901960784313724
0.0
0.0
0.0
0.0
0.0
0.0
0.0
0.05490196078431375
0.8941176470588236
0.996078431372549
0.996078431372549
0.996078431372549
0.996078431372549
0.6
0.0
0.0
0.0
0.0
0.0
0.0
0.0
0.0
0.0
0.3921568627450981
0.996078431372549
0.996078431372549
0.2549019607843137
0.0
0.0
0.0
0.0
0.0
0.0
0.0
0.15294117647058825
0.9294117647058824
0.996078431372549
1.0
0.8196078431372549
0.9019607843137255
0.996078431372549
0.996078431372549
0.0
0.0
0.0
0.0
0.0
0.0
0.0
0.0
0.27450980392156865
0.9411764705882353
0.996078431372549
0.9254901960784314
0.5529411764705883
0.788235294117647
0.3019607843137255
0.0
0.0
0.0
0.0
0.0
0.5725490196078431
0.996078431372549
0.9607843137254902
0.34509803921568627
0.03529411764705881
0.403921568627451
0.996078431372549
0.996078431372549
0.0
0.0
0.0
0.0
0.0
0.0
0.0
0.0
0.792156862745098
0.996078431372549
0.996078431372549
0.9843137254901961
0.592156862745098
0.47058823529411764
0.02352941176470591
0.0
0.0
0.0
0.0
0.007843137254901933
0.6901960784313725
0.996078431372549
0.6352941176470588
0.0
0.0
0.12941176470588234
0.996078431372549
0.9607843137254902
0.0
0.0
0.0
0.0
0.0
0.0
0.0
0.0
0.584313725490196
0.8627450980392157
0.7529411764705882
0.2823529411764706
0.0
0.0
0.0
0.0
0.0
0.0
0.0
0.0862745098039216
0.996078431372549
0.996078431372549
0.039215686274509776
0.0
0.0
0.12941176470588234
0.996078431372549
0.5725490196078431
0.0
0.0
0.0
0.0
0.0
0.0
0.0
0.0
0.0
0.08235294117647063
0.0
0.0
0.0
0.0
0.0
0.0
0.0
0.0
0.0
0.0862745098039216
0.996078431372549
0.996078431372549
0.039215686274509776
0.0
0.0
0.4784313725490196
0.996078431372549
0.7333333333333334
0.0
0.0
0.0
0.0
0.0
0.0
0.0
0.0
0.0
0.0
0.0
0.0
0.0
0.0
0.0
0.0
0.0
0.0
0.0
0.0862745098039216
0.996078431372549
0.996078431372549
0.5058823529411764
0.03529411764705881
0.04705882352941182
0.7843137254901961
0.996078431372549
0.5411764705882354
0.0
0.0
0.0
0.0
0.0
0.0
0.0
0.0
0.0
0.0
0.0
0.0
0.0
0.0
0.0
0.0
0.0
0.0
0.0
0.027450980392156876
0.7686274509803921
0.996078431372549
0.996078431372549
0.7803921568627451
0.8117647058823529
0.996078431372549
0.996078431372549
0.14901960784313728
0.0
0.0
0.0
0.0
0.0
0.0
0.0
0.0
0.0
0.0
0.0
0.0
0.0
0.0
0.0
0.0
0.0
0.0
0.0
0.0
0.21176470588235297
0.7490196078431373
0.996078431372549
0.996078431372549
0.996078431372549
0.996078431372549
0.7647058823529411
0.027450980392156876
0.0
0.0
0.0
0.0
0.0
0.0
0.0
0.0
0.0
0.0
0.0
0.0
0.0
0.0
0.0
0.0
0.0
0.0
0.0
0.0
0.0
0.1725490196078432
0.8666666666666667
0.9098039215686274
0.8705882352941177
0.21568627450980393
0.015686274509803977
0.0
0.0
0.0
0.0
0.0
0.0
0.0
0.0
0.0
0.0
0.0
0.0
0.0
0.0
0.0
0.0
0.0
0.0
0.0
0.0
0.0
0.0
0.0
0.03529411764705881
0.09411764705882353
0.0
0.0
0.0
0.0
0.0
0.0
0.0
0.0
0.0
0.0
0.0
0.0
0.0
0.0
0.0
0.0
0.0
0.0
0.0
0.0
0.0
0.0
0.0
0.0
0.0
0.0
0.0
0.0
0.0
0.0
0.0
0.0
0.0
0.0
0.0
0.0
0.0
0.0
0.0
0.0
0.0
0.0
0.0
0.0
0.0
0.0
0.0
0.0
0.0
0.0
0.0
0.0
0.0
0.0
0.0
0.0
0.0
0.0
0.0
0.0
0.0
0.0
0.0
0.0
0.0
0.0
0.0
0.0
0.0
0.0
0.0
0.0
0.0
0.0
0.0
0.0
0.0
0.0
0.0
0.0
0.0
0.0
0.0
0.0
0.0
0.0
0.0
0.0
0.0
0.0
0.0
0.0
0.0
0.0
0.0
0.0
0.0
0.0
0.0
0.0
0.0
0.0
0.0
0.0
0.0
0.0
0.0
0.0
0.0
0.0
0.0
0.0
0.0
0.0
0.0
0.0
0.0
0.0
0.0
0.0
0.0
0.0
