0.0
0.0
0.0
0.0
0.0
0.0
0.0
0.0
0.0
0.0
0.0
0.0
0.0
0.0
0.0
0.0
0.0
0.0
0.0
0.0
0.0
0.0
0.0
0.0
0.0
0.0
0.0
0.0
0.0
0.0
0.0
0.0
0.0
0.0
0.0
0.0
0.0
0.0
0.0
0.0
0.0
0.0
0.0
0.0
0.0
0.0
0.0
0.0
0.0
0.0
0.0
0.0
0.0
0.0
0.0
0.0
0.0
0.0
0.0
0.0
0.0
0.0
0.0
0.0
0.0
0.0
0.0
0.0
0.0
0.0
0.0
0.0
0.0
0.0
0.0
0.0
0.0
0.0
0.0
0.0
0.0
0.0
0.0
0.0
0.0
0.0
0.0
0.0
0.0
0.0
0.0
0.0
0.0
0.0
0.0
0.0
0.0
0.0
0.0
0.0
0.0
0.0
0.0
0.0
0.0
0.0
0.0
0.0
0.0
0.0
0.0
0.0
0.0
0.0
0.0
0.0
0.0
0.0
0.0
0.0
0.0
0.0
0.0
0.0
0.0
0.0
0.0
0.0
0.0
0.0
0.0
0.0
0.0
0.0
0.0
0.0
0.0
0.0
0.0
0.0
0.0
0.0
0.0
0.0
0.0
0.0
0.0
0.0
0.0
0.0
0.0
0.0
0.0
0.0
0.0
0.0
0.0
0.0
0.0
0.0
0.0
0.0
0.0
0.0
0.0
0.0
0.0
0.0
0.0
0.0
0.0
0.0
0.0
0.0
0.0
0.0
0.0
0.0
0.0
0.0
0.0
0.0
0.0
0.0
0.0
0.0
0.0
0.0
0.0
0.0
0.0
0.0
0.0
0.0
0.0
0.0
0.0
0.0
0.0
0.0
0.0
0.0
0.0
0.0
0.0
0.0
0.0
0.0
0.0
0.02352941176470591
0.0862745098039216
0.15294117647058825
0.18823529411764706
0.04313725490196074
0.0
0.0
0.0
0.0
0.0
0.0
0.0
0.0
0.0
0.0
0.0
0.0
0.0
0.0
0.0
0.0
0.0
0.0
0.0
0.0
0.0
0.0
0.4392156862745098
0.7450980392156863
0.9882352941176471
0.9921568627450981
0.9882352941176471
0.8235294117647058
0.3254901960784313
0.0
0.0
0.0
0.0
0.0
0.0
0.0
0.0
0.0
0.0
0.0
0.0
0.0
0.0
0.0
0.0
0.0
0.0
0.0
0.2431372549019608
0.7254901960784313
0.9764705882352941
0.9882352941176471
0.9882352941176471
0.9921568627450981
0.9882352941176471
0.9882352941176471
0.8431372549019608
0.07058823529411762
0.0
0.0
0.0
0.0
0.0
0.0
0.0
0.0
0.0
0.0
0.0
0.0
0.0
0.0
0.0
0.0
0.04313725490196074
0.3411764705882353
0.996078431372549
0.9921568627450981
0.9921568627450981
0.9529411764705882
0.8274509803921568
0.41960784313725485
0.607843137254902
0.9921568627450981
0.9921568627450981
0.16470588235294115
0.0
0.0
0.0
0.0
0.0
0.0
0.0
0.0
0.0
0.0
0.0
0.0
0.0
0.0
0.0
0.03137254901960784
0.6705882352941177
0.9882352941176471
0.9921568627450981
0.9882352941176471
0.9607843137254902
0.32156862745098036
0.0
0.0
0.33333333333333337
0.9882352941176471
0.9882352941176471
0.16470588235294115
0.0
0.0
0.0
0.0
0.0
0.0
0.0
0.0
0.0
0.0
0.0
0.0
0.0
0.0
0.20392156862745103
0.8862745098039215
0.9882352941176471
0.9882352941176471
0.9803921568627451
0.45882352941176474
0.07450980392156858
0.0
0.0
0.0
0.3686274509803922
0.9882352941176471
0.9882352941176471
0.16470588235294115
0.0
0.0
0.007843137254901933
0.18823529411764706
0.8431372549019608
0.0
0.0
0.0
0.0
0.0
0.0
0.0
0.0
0.11372549019607847
0.9098039215686274
0.9882352941176471
0.9882352941176471
0.9882352941176471
0.27450980392156865
0.0
0.0
0.0
0.0
0.11372549019607847
0.9098039215686274
0.9882352941176471
0.8235294117647058
0.05490196078431375
0.0
0.0862745098039216
0.6549019607843137
0.9882352941176471
0.9882352941176471
0.0
0.0
0.0
0.0
0.0
0.0
0.0
0.0
0.6862745098039216
0.9882352941176471
0.9882352941176471
0.7137254901960784
0.403921568627451
0.0
0.0
0.0
0.0
0.0
0.1686274509803921
0.9882352941176471
0.9882352941176471
0.39607843137254906
0.0
0.4862745098039216
0.8823529411764706
0.9882352941176471
0.9882352941176471
0.9882352941176471
0.0
0.0
0.0
0.0
0.0
0.0
0.0
0.0
0.996078431372549
0.9921568627450981
0.8745098039215686
0.13725490196078427
0.0
0.0
0.0
0.0
0.0
0.0
0.6509803921568628
0.9254901960784314
0.8901960784313725
0.40784313725490196
0.7529411764705882
1.0
0.9921568627450981
0.9921568627450981
0.9529411764705882
0.6549019607843137
0.0
0.0
0.0
0.0
0.0
0.0
0.0
0.0
0.9921568627450981
0.9882352941176471
0.35686274509803917
0.0
0.0
0.0
0.0
0.0
0.0
0.4549019607843138
0.9372549019607843
0.803921568627451
0.8862745098039215
0.9882352941176471
0.9882352941176471
0.9921568627450981
0.9882352941176471
0.6509803921568628
0.1843137254901961
0.0
0.0
0.0
0.0
0.0
0.0
0.0
0.0
0.0
0.6470588235294117
0.9882352941176471
0.08235294117647063
0.0
0.0
0.0
0.0
0.0
0.2666666666666667
0.9764705882352941
0.9803921568627451
0.9686274509803922
0.9882352941176471
0.9882352941176471
0.9882352941176471
0.9450980392156862
0.45882352941176474
0.007843137254901933
0.0
0.0
0.0
0.0
0.0
0.0
0.0
0.0
0.0
0.0
0.7176470588235294
0.9882352941176471
0.48235294117647054
0.08235294117647063
0.0
0.0
0.0
0.4392156862745098
0.8823529411764706
0.9882352941176471
0.9921568627450981
0.9882352941176471
0.9882352941176471
0.9254901960784314
0.39607843137254906
0.13725490196078427
0.0
0.0
0.0
0.0
0.0
0.0
0.0
0.0
0.0
0.0
0.0
0.0
0.40784313725490196
0.9882352941176471
0.9882352941176471
0.7764705882352941
0.4156862745098039
0.41960784313725485
0.5529411764705883
0.9764705882352941
0.9882352941176471
0.6431372549019607
0.5764705882352941
0.5764705882352941
0.5411764705882354
0.1215686274509804
0.0
0.0
0.0
0.0
0.0
0.0
0.0
0.0
0.0
0.0
0.0
0.0
0.0
0.0
0.07058823529411762
0.5529411764705883
0.8274509803921568
0.8274509803921568
0.8274509803921568
0.8588235294117648
0.9921568627450981
0.9803921568627451
0.6196078431372549
0.0
0.0
0.0
0.0
0.0
0.0
0.0
0.0
0.0
0.0
0.0
0.0
0.0
0.0
0.0
0.0
0.0
0.0
0.0
0.0
0.0
0.0
0.0
0.0
0.11372549019607847
0.9058823529411765
0.45882352941176474
0.0
0.0
0.0
0.0
0.0
0.0
0.0
0.0
0.0
0.0
0.0
0.0
0.0
0.0
0.0
0.0
0.0
0.0
0.0
0.0
0.0
0.0
0.0
0.0
0.0
0.0
0.06274509803921569
0.007843137254901933
0.0
0.0
0.0
0.0
0.0
0.0
0.0
0.0
0.0
0.0
0.0
0.0
0.0
0.0
0.0
0.0
0.0
0.0
0.0
0.0
0.0
0.0
0.0
0.0
0.0
0.0
0.0
0.0
0.0
0.0
0.0
0.0
0.0
0.0
0.0
0.0
0.0
0.0
0.0
0.0
0.0
0.0
0.0
0.0
0.0
0.0
0.0
0.0
0.0
0.0
0.0
0.0
0.0
0.0
0.0
0.0
0.0
0.0
0.0
0.0
0.0
0.0
0.0
0.0
0.0
0.0
0.0
0.0
0.0
0.0
0.0
0.0
0.0
0.0
0.0
0.0
0.0
0.0
0.0
0.0
0.0
0.0
0.0
0.0
0.0
0.0
0.0
0.0
0.0
0.0
0.0
0.0
0.0
0.0
0.0
0.0
0.0
0.0
0.0
0.0
0.0
0.0
0.0
0.0
0.0
0.0
0.0
0.0
0.0
0.0
0.0
0.0
0.0
0.0
0.0
0.0
0.0
0.0
0.0
0.0
0.0
0.0
0.0
0.0
0.0
0.0
0.0
0.0
0.0
0.0
0.0
0.0
0.0
0.0
0.0
0.0
0.0
0.0
0.0
0.0
0.0
0.0
0.0
0.0
0.0
0.0
0.0
0.0
0.0
0.0
0.0
0.0
0.0
0.0
0.0
