0.0
0.0
0.0
0.0
0.0
0.0
0.0
0.0
0.0
0.0
0.0
0.0
0.0
0.0
0.0
0.0
0.0
0.0
0.0
0.0
0.0
0.0
0.0
0.0
0.0
0.0
0.0
0.0
0.0
0.0
0.0
0.0
0.0
0.0
0.0
0.0
0.0
0.0
0.0
0.0
0.0
0.0
0.0
0.0
0.0
0.0
0.0
0.0
0.0
0.0
0.0
0.0
0.0
0.0
0.0
0.0
0.0
0.0
0.0
0.0
0.0
0.0
0.0
0.0
0.0
0.0
0.0
0.0
0.0
0.0
0.0
0.0
0.0
0.0
0.0
0.0
0.0
0.0
0.0
0.0
0.0
0.0
0.0
0.0
0.0
0.0
0.0
0.0
0.0
0.0
0.0
0.0
0.0
0.0
0.0
0.0
0.0
0.0
0.0
0.0
0.0
0.0
0.0
0.0
0.0
0.0
0.0
0.0
0.0
0.0
0.0
0.0
0.0
0.0
0.0
0.0
0.0
0.0
0.0
0.0
0.0
0.0
0.0
0.0
0.0
0.0
0.0
0.0
0.0
0.0
0.0
0.0
0.0
0.0
0.0
0.0
0.0
0.0
0.0
0.0
0.0
0.0
0.0
0.0
0.0
0.0
0.0
0.0
0.0
0.0
0.0
0.0
0.0
0.0
0.0
0.0
0.0
0.0
0.0
0.0
0.0
0.0
0.0
0.0
0.0
0.0
0.0
0.0
0.0
0.0
0.0
0.0
0.0
0.0
0.0
0.0
0.0
0.0
0.0
0.0
0.0
0.0
0.0
0.0
0.0
0.0
0.0
0.0
0.015686274509803977
0.0862745098039216
0.07843137254901966
0.0
0.0
0.0
0.0
0.0
0.0
0.0
0.0
0.0
0.0
0.0
0.0
0.0
0.0
0.0
0.0
0.0
0.0
0.0
0.0
0.0
0.0
0.0
0.0
0.10588235294117643
0.5450980392156863
0.9882352941176471
0.9607843137254902
0.3254901960784313
0.0
0.0
0.0
0.0
0.0
0.0
0.0
0.0
0.0
0.0
0.0
0.0
0.0
0.0
0.0
0.0
0.0
0.0
0.0
0.0
0.0
0.0
0.38431372549019605
0.8941176470588235
0.9921568627450981
0.9882352941176471
0.9882352941176471
0.9490196078431372
0.4862745098039216
0.0
0.0
0.0
0.0
0.0
0.0
0.0
0.0
0.0
0.0
0.0
0.0
0.0
0.0
0.0
0.0
0.0
0.0
0.0
0.0
0.5686274509803921
0.9921568627450981
0.9921568627450981
0.9686274509803922
0.6549019607843137
0.9803921568627452
0.9921568627450981
0.8196078431372549
0.0
0.0
0.0
0.0
0.0
0.0
0.0
0.0
0.0
0.11372549019607847
0.33333333333333337
0.33333333333333337
0.33333333333333337
0.5725490196078431
0.7450980392156863
0.7450980392156863
0.47058823529411764
0.196078431372549
0.196078431372549
0.4745098039215686
0.9686274509803922
0.9882352941176471
0.7137254901960784
0.207843137254902
0.0
0.9098039215686274
0.9882352941176471
0.9882352941176471
0.0
0.0
0.0
0.0
0.0
0.0
0.0
0.0
0.015686274509803977
0.7333333333333334
0.9882352941176471
0.9882352941176471
0.9882352941176471
0.9921568627450981
0.9882352941176471
0.9882352941176471
0.9882352941176471
0.9568627450980391
0.9607843137254902
0.9882352941176471
0.9843137254901961
0.5254901960784314
0.015686274509803977
0.0
0.0
0.5294117647058824
0.9882352941176471
0.9568627450980391
0.0
0.0
0.0
0.0
0.0
0.0
0.0
0.0
0.1686274509803921
0.9882352941176471
0.9882352941176471
0.9882352941176471
0.9882352941176471
0.9529411764705882
0.7411764705882353
0.8666666666666667
0.9882352941176471
0.9882352941176471
0.9921568627450981
0.9882352941176471
0.6274509803921569
0.0
0.0
0.0
0.0
0.6
0.9882352941176471
0.5764705882352941
0.0
0.0
0.0
0.0
0.0
0.0
0.0
0.0
0.027450980392156876
0.7843137254901961
0.9882352941176471
0.8862745098039215
0.2313725490196078
0.13725490196078427
0.0
0.4980392156862745
0.9882352941176471
0.9882352941176471
0.7490196078431373
0.2666666666666667
0.08235294117647063
0.0
0.0
0.0
0.2784313725490196
0.9764705882352941
0.9882352941176471
0.2313725490196078
0.0
0.0
0.0
0.0
0.0
0.0
0.0
0.0
0.1686274509803921
0.7176470588235294
0.9607843137254902
0.19215686274509802
0.0
0.0
0.196078431372549
0.788235294117647
0.9921568627450981
0.9921568627450981
0.17647058823529416
0.0
0.0
0.0
0.0
0.0
0.33725490196078434
0.9921568627450981
0.8470588235294118
0.07058823529411762
0.0
0.0
0.0
0.0
0.0
0.0
0.0
0.0
0.7176470588235294
0.9882352941176471
0.9882352941176471
0.6392156862745098
0.0
0.0
0.4745098039215686
0.9882352941176471
0.9882352941176471
0.9882352941176471
0.0
0.0
0.0
0.0
0.0
0.05882352941176472
0.7254901960784313
0.9882352941176471
0.6
0.0
0.0
0.0
0.0
0.0
0.0
0.0
0.0
0.0
0.9921568627450981
0.9882352941176471
0.9882352941176471
0.7058823529411764
0.0
0.1215686274509804
0.8666666666666667
0.9882352941176471
0.9882352941176471
0.9882352941176471
0.21176470588235297
0.0
0.0
0.0
0.03529411764705881
0.7529411764705882
0.9882352941176471
0.8784313725490196
0.027450980392156876
0.0
0.0
0.0
0.0
0.0
0.0
0.0
0.0
0.0
0.9921568627450981
0.9882352941176471
0.5529411764705883
0.1098039215686275
0.10588235294117643
0.8549019607843137
0.9882352941176471
0.5529411764705883
0.7686274509803921
0.9882352941176471
0.7333333333333334
0.06274509803921569
0.0
0.06274509803921569
0.5568627450980392
0.9921568627450981
0.9058823529411765
0.19999999999999996
0.0
0.0
0.0
0.0
0.0
0.0
0.0
0.0
0.0
0.0
0.9921568627450981
0.9882352941176471
0.596078431372549
0.2784313725490196
0.8274509803921568
0.9921568627450981
0.3686274509803922
0.015686274509803977
0.3176470588235294
0.9882352941176471
0.9921568627450981
0.8666666666666667
0.4862745098039216
0.8666666666666667
0.9882352941176471
0.9921568627450981
0.3137254901960784
0.0
0.0
0.0
0.0
0.0
0.0
0.0
0.0
0.0
0.0
0.0
0.6862745098039216
0.9921568627450981
0.9921568627450981
0.9921568627450981
0.9254901960784314
0.5176470588235293
0.0
0.0
0.0
0.5176470588235293
1.0
0.9921568627450981
0.9921568627450981
0.9921568627450981
0.9921568627450981
0.5176470588235293
0.0
0.0
0.0
0.0
0.0
0.0
0.0
0.0
0.0
0.0
0.0
0.0
0.04313725490196074
0.38431372549019605
0.6588235294117647
0.6588235294117647
0.21176470588235297
0.0
0.0
0.0
0.0
0.0
0.3176470588235294
0.6588235294117647
0.6588235294117647
0.6588235294117647
0.3137254901960784
0.0
0.0
0.0
0.0
0.0
0.0
0.0
0.0
0.0
0.0
0.0
0.0
0.0
0.0
0.0
0.0
0.0
0.0
0.0
0.0
0.0
0.0
0.0
0.0
0.0
0.0
0.0
0.0
0.0
0.0
0.0
0.0
0.0
0.0
0.0
0.0
0.0
0.0
0.0
0.0
0.0
0.0
0.0
0.0
0.0
0.0
0.0
0.0
0.0
0.0
0.0
0.0
0.0
0.0
0.0
0.0
0.0
0.0
0.0
0.0
0.0
0.0
0.0
0.0
0.0
0.0
0.0
0.0
0.0
0.0
0.0
0.0
0.0
0.0
0.0
0.0
0.0
0.0
0.0
0.0
0.0
0.0
0.0
0.0
0.0
0.0
0.0
0.0
0.0
0.0
0.0
0.0
0.0
0.0
0.0
0.0
0.0
0.0
0.0
0.0
0.0
0.0
0.0
0.0
0.0
0.0
0.0
0.0
0.0
0.0
0.0
0.0
0.0
0.0
0.0
0.0
0.0
0.0
0.0
0.0
0.0
0.0
0.0
0.0
0.0
0.0
0.0
0.0
0.0
0.0
0.0
0.0
0.0
0.0
0.0
0.0
0.0
0.0
0.0
0.0
0.0
0.0
0.0
0.0
0.0
0.0
0.0
0.0
0.0
0.0
0.0
0.0
0.0
0.0
0.0
0.0
0.0
0.0
0.0
0.0
0.0
0.0
0.0
0.0
0.0
0.0
0.0
0.0
0.0
0.0
0.0
0.0
0.0
0.0
0.0
0.0
0.0
0.0
0.0
0.0
0.0
0.0
0.0
0.0
0.0
0.0
0.0
0.0
0.0
0.0
0.0
0.0
0.0
0.0
0.0
0.0
0.0
0.0
0.0
0.0
0.0
0.0
0.0
0.0
