0.0
0.0
0.0
0.0
0.0
0.0
0.0
0.0
0.0
0.0
0.0
0.0
0.0
0.0
0.0
0.0
0.0
0.0
0.0
0.0
0.0
0.0
0.0
0.0
0.0
0.0
0.0
0.0
0.0
0.0
0.0
0.0
0.0
0.0
0.0
0.0
0.0
0.0
0.0
0.0
0.0
0.0
0.0
0.0
0.0
0.0
0.0
0.0
0.0
0.0
0.0
0.0
0.0
0.0
0.0
0.0
0.0
0.0
0.0
0.0
0.0
0.0
0.0
0.0
0.0
0.0
0.0
0.0
0.0
0.0
0.0
0.0
0.0
0.0
0.0
0.0
0.0
0.0
0.0
0.0
0.0
0.0
0.0
0.0
0.0
0.0
0.0
0.0
0.0
0.0
0.0
0.0
0.0
0.0
0.0
0.0
0.0
0.0
0.0
0.0
0.0
0.0
0.0
0.0
0.0
0.0
0.0
0.0
0.0
0.0
0.0
0.0
0.0
0.0
0.0
0.0
0.0
0.0
0.0
0.0
0.0
0.0
0.0
0.0
0.0
0.0
0.0
0.0
0.0
0.0
0.0
0.0
0.0
0.0
0.0
0.0
0.0
0.0
0.0
0.0
0.0
0.0
0.0
0.0
0.0
0.0
0.0
0.0
0.0
0.0
0.0
0.0
0.0
0.0
0.0
0.0
0.0
0.0
0.0
0.0
0.0
0.0
0.0
0.0
0.0
0.0
0.0
0.0
0.0
0.0
0.0
0.0
0.0
0.0
0.0
0.0
0.0
0.0
0.0
0.0
0.0
0.0
0.0
0.0
0.1215686274509804
0.015686274509803977
0.0
0.0
0.0
0.0
0.0
0.0
0.0
0.0
0.0
0.0
0.0
0.0
0.0
0.0
0.0
0.0
0.0
0.0
0.0
0.0
0.0
0.0
0.0
0.0
0.2588235294117647
0.6745098039215687
0.9450980392156862
0.7058823529411764
0.6745098039215687
0.3803921568627451
0.0
0.0
0.0
0.0
0.0
0.0
0.0
0.0
0.0
0.0
0.0
0.0
0.0
0.0
0.0
0.0
0.0
0.0
0.1215686274509804
0.2823529411764706
0.2823529411764706
0.5725490196078431
0.9215686274509804
0.996078431372549
0.996078431372549
0.996078431372549
0.996078431372549
0.9686274509803922
0.7450980392156863
0.6274509803921569
0.19215686274509802
0.0
0.0
0.0
0.0
0.0
0.0
0.0
0.0
0.0
0.0
0.0
0.0
0.0
0.0
0.12549019607843137
0.8392156862745098
0.996078431372549
0.996078431372549
0.996078431372549
0.996078431372549
0.7294117647058824
0.6470588235294117
0.6470588235294117
0.8274509803921568
0.996078431372549
0.996078431372549
0.996078431372549
0.9372549019607843
0.2784313725490196
0.0
0.0
0.0
0.0
0.0
0.0
0.0
0.0
0.0
0.0
0.0
0.0
0.44705882352941173
0.9254901960784314
0.996078431372549
0.996078431372549
0.996078431372549
0.9294117647058824
0.2549019607843137
0.027450980392156876
0.0
0.0
0.05882352941176472
0.1686274509803921
0.8509803921568627
0.996078431372549
0.996078431372549
0.9529411764705882
0.05882352941176472
0.0
0.0
0.0
0.0
0.0
0.0
0.0
0.0
0.0
0.0
0.10588235294117643
0.8705882352941177
0.996078431372549
0.996078431372549
0.9764705882352941
0.4666666666666667
0.03529411764705881
0.0
0.0
0.0
0.0
0.0
0.0
0.11764705882352944
0.8509803921568627
0.996078431372549
0.996078431372549
0.7294117647058824
0.0
0.0
0.0
0.0
0.0
0.0
0.0
0.0
0.0
0.0
0.4745098039215686
0.996078431372549
0.996078431372549
0.9568627450980391
0.24705882352941178
0.0
0.0
0.0
0.0
0.0
0.0
0.0
0.0
0.0
0.11372549019607847
0.8823529411764706
0.996078431372549
0.5294117647058824
0.0
0.0
0.0
0.0
0.0
0.0
0.0
0.0
0.0
0.09019607843137256
0.8784313725490196
0.996078431372549
0.9411764705882353
0.2666666666666667
0.0
0.0
0.0
0.0
0.0
0.0
0.0
0.0
0.0
0.0
0.0
0.5725490196078431
0.996078431372549
0.5294117647058824
0.0
0.0
0.0
0.0
0.0
0.0
0.0
0.0
0.0
0.47058823529411764
0.996078431372549
0.996078431372549
0.6470588235294117
0.0
0.0
0.0
0.0
0.0
0.0
0.0
0.0
0.0
0.0
0.0
0.0
0.792156862745098
0.996078431372549
0.5294117647058824
0.0
0.0
0.0
0.0
0.0
0.0
0.0
0.0
0.02352941176470591
0.7254901960784313
0.996078431372549
0.996078431372549
0.9176470588235295
0.2313725490196078
0.0
0.0
0.0
0.0
0.0
0.0
0.0
0.0
0.0
0.05882352941176472
0.4274509803921569
0.9490196078431372
0.996078431372549
0.1725490196078432
0.0
0.0
0.0
0.0
0.0
0.0
0.0
0.0
0.07058823529411762
0.996078431372549
0.996078431372549
0.996078431372549
0.996078431372549
0.9294117647058824
0.21176470588235297
0.0
0.0
0.0
0.0
0.0
0.0
0.0
0.2196078431372549
0.7058823529411764
0.996078431372549
0.996078431372549
0.8509803921568627
0.04313725490196074
0.0
0.0
0.0
0.0
0.0
0.0
0.0
0.0
0.4980392156862745
0.996078431372549
0.996078431372549
0.996078431372549
0.996078431372549
0.996078431372549
0.9529411764705882
0.8666666666666667
0.44705882352941173
0.44705882352941173
0.44705882352941173
0.44705882352941173
0.6509803921568628
0.9098039215686274
0.9607843137254902
0.996078431372549
0.996078431372549
0.4980392156862745
0.05490196078431375
0.0
0.0
0.0
0.0
0.0
0.0
0.0
0.0
0.0
0.5372549019607843
0.996078431372549
0.8666666666666667
0.4862745098039216
0.8823529411764706
0.996078431372549
0.996078431372549
0.996078431372549
0.996078431372549
1.0
0.996078431372549
1.0
0.996078431372549
0.996078431372549
1.0
0.8784313725490196
0.3686274509803922
0.0039215686274509665
0.0
0.0
0.0
0.0
0.0
0.0
0.0
0.0
0.0
0.0
0.5882352941176471
0.996078431372549
0.3254901960784313
0.0
0.14901960784313728
0.611764705882353
0.8823529411764706
0.8901960784313725
0.996078431372549
0.9176470588235295
0.8823529411764706
0.8823529411764706
0.8823529411764706
0.8823529411764706
0.607843137254902
0.14509803921568631
0.0
0.0
0.0
0.0
0.0
0.0
0.0
0.0
0.0
0.0
0.0
0.0
0.6980392156862745
0.996078431372549
0.3254901960784313
0.0
0.0
0.0
0.0
0.03529411764705881
0.34901960784313724
0.10588235294117643
0.0
0.0
0.0
0.0
0.0
0.0
0.0
0.0
0.0
0.0
0.0
0.0
0.0
0.0
0.0
0.0
0.0
0.0
0.41960784313725485
0.996078431372549
0.3254901960784313
0.0
0.0
0.0
0.0
0.0
0.0
0.0
0.0
0.0
0.0
0.0
0.0
0.0
0.0
0.0
0.0
0.0
0.0
0.0
0.0
0.0
0.0
0.0
0.0
0.0
0.015686274509803977
0.4901960784313726
0.2196078431372549
0.0
0.0
0.0
0.0
0.0
0.0
0.0
0.0
0.0
0.0
0.0
0.0
0.0
0.0
0.0
0.0
0.0
0.0
0.0
0.0
0.0
0.0
0.0
0.0
0.0
0.0
0.0
0.0
0.0
0.0
0.0
0.0
0.0
0.0
0.0
0.0
0.0
0.0
0.0
0.0
0.0
0.0
0.0
0.0
0.0
0.0
0.0
0.0
0.0
0.0
0.0
0.0
0.0
0.0
0.0
0.0
0.0
0.0
0.0
0.0
0.0
0.0
0.0
0.0
0.0
0.0
0.0
0.0
0.0
0.0
0.0
0.0
0.0
0.0
0.0
0.0
0.0
0.0
0.0
0.0
0.0
0.0
0.0
0.0
0.0
0.0
0.0
0.0
0.0
0.0
0.0
0.0
0.0
0.0
0.0
0.0
0.0
0.0
0.0
0.0
0.0
0.0
0.0
0.0
0.0
0.0
0.0
0.0
0.0
0.0
0.0
0.0
0.0
0.0
0.0
0.0
0.0
0.0
0.0
0.0
0.0
0.0
0.0
0.0
0.0
0.0
0.0
0.0
0.0
0.0
0.0
0.0
0.0
0.0
0.0
0.0
0.0
0.0
0.0
0.0
0.0
0.0
0.0
0.0
0.0
0.0
0.0
0.0
0.0
0.0
0.0
0.0
0.0
0.0
0.0
0.0
0.0
0.0
0.0
0.0
