0.0
0.0
0.0
0.0
0.0
0.0
0.0
0.0
0.0
0.0
0.0
0.0
0.0
0.0
0.0
0.0
0.0
0.0
0.0
0.0
0.0
0.0
0.0
0.0
0.0
0.0
0.0
0.0
0.0
0.0
0.0
0.0
0.0
0.0
0.0
0.0
0.0
0.0
0.0
0.0
0.0
0.0
0.0
0.0
0.0
0.0
0.0
0.0
0.0
0.0
0.0
0.0
0.0
0.0
0.0
0.0
0.0
0.0
0.0
0.0
0.0
0.0
0.0
0.0
0.0
0.0
0.0
0.0
0.0
0.0
0.0
0.0
0.0
0.0
0.0
0.0
0.0
0.0
0.0
0.0
0.0
0.0
0.0
0.0
0.0
0.0
0.0
0.0
0.0
0.0
0.0
0.0
0.0
0.0
0.0
0.0
0.0
0.0
0.0
0.0
0.0
0.0
0.0
0.0
0.0
0.0
0.0
0.0
0.0
0.0
0.0
0.0
0.0
0.0
0.0
0.0
0.0
0.0
0.0
0.0
0.0
0.0
0.0
0.0
0.0
0.0
0.0
0.0
0.019607843137254943
0.027450980392156876
0.43137254901960786
0.9294117647058824
0.5686274509803921
0.07058823529411762
0.027450980392156876
0.0039215686274509665
0.0
0.0
0.0
0.0
0.0
0.0
0.0
0.0
0.0
0.0
0.0
0.0
0.0
0.0
0.0
0.0
0.0
0.14509803921568631
0.5333333333333333
0.5333333333333333
0.8941176470588236
0.9921568627450981
0.9921568627450981
0.9921568627450981
0.9921568627450981
0.9921568627450981
0.9921568627450981
0.33333333333333337
0.0039215686274509665
0.0
0.0
0.0
0.0
0.0
0.0
0.0
0.0
0.0
0.0
0.0
0.0
0.0
0.0
0.015686274509803977
0.1725490196078432
0.8666666666666667
0.9921568627450981
0.9921568627450981
0.9921568627450981
0.9921568627450981
0.9921568627450981
0.9921568627450981
0.9921568627450981
0.9921568627450981
0.9921568627450981
0.9921568627450981
0.019607843137254943
0.0
0.0
0.0
0.0
0.0
0.0
0.0
0.0
0.0
0.0
0.0
0.0
0.0
0.015686274509803977
0.2549019607843137
0.9921568627450981
0.9921568627450981
0.9921568627450981
0.9921568627450981
0.9921568627450981
0.9921568627450981
0.9137254901960784
0.8941176470588236
0.9333333333333333
0.9921568627450981
0.9921568627450981
0.9921568627450981
0.07058823529411762
0.0
0.0
0.0
0.0
0.0
0.0
0.0
0.0
0.0
0.0
0.0
0.0
0.0
0.44705882352941173
0.9921568627450981
0.9921568627450981
0.9921568627450981
0.9921568627450981
0.9607843137254902
0.49411764705882355
0.388235294117647
0.06666666666666665
0.0
0.15294117647058825
0.8784313725490196
0.9921568627450981
0.9921568627450981
0.803921568627451
0.0
0.0
0.0
0.0
0.0
0.0
0.0
0.0
0.0
0.0
0.0
0.0862745098039216
0.207843137254902
0.8627450980392157
0.9921568627450981
0.9921568627450981
0.9921568627450981
0.8862745098039215
0.38431372549019605
0.0
0.0
0.0
0.0
0.0
0.4901960784313726
0.9921568627450981
0.9921568627450981
0.9921568627450981
0.0
0.0
0.0
0.0
0.0
0.0
0.0
0.0
0.0
0.0
0.0
0.584313725490196
0.9921568627450981
0.9921568627450981
0.9921568627450981
0.9921568627450981
0.9568627450980393
0.2196078431372549
0.0
0.0
0.0
0.0
0.0
0.07058823529411762
0.9176470588235294
0.9921568627450981
0.9921568627450981
0.9921568627450981
0.0
0.0
0.0
0.0
0.0
0.0
0.0
0.0
0.0
0.0117647058823529
0.47058823529411764
0.8627450980392157
0.9921568627450981
0.9921568627450981
0.9921568627450981
0.9921568627450981
0.9254901960784314
0.2784313725490196
0.0
0.0
0.0
0.0
0.0
0.7215686274509804
0.9921568627450981
0.9921568627450981
0.9921568627450981
0.9921568627450981
0.0
0.0
0.0
0.0
0.0
0.0
0.0
0.0
0.007843137254901933
0.2588235294117647
0.9921568627450981
0.9921568627450981
0.9921568627450981
0.9921568627450981
0.9921568627450981
0.9921568627450981
0.9450980392156862
0.584313725490196
0.0
0.0
0.0
0.0
0.19215686274509802
0.9019607843137255
0.9921568627450981
0.9921568627450981
0.9921568627450981
0.6470588235294117
0.0
0.0
0.0
0.0
0.0
0.0
0.0
0.0
0.027450980392156876
0.9921568627450981
0.9921568627450981
0.9921568627450981
0.9921568627450981
0.9921568627450981
0.9921568627450981
0.9921568627450981
0.7725490196078432
0.18039215686274512
0.24705882352941178
0.24705882352941178
0.24705882352941178
0.4117647058823529
0.9568627450980393
0.9921568627450981
0.9921568627450981
0.9921568627450981
0.9921568627450981
0.388235294117647
0.0
0.0
0.0
0.0
0.0
0.0
0.0
0.0
0.39607843137254906
0.9921568627450981
0.9921568627450981
0.9921568627450981
0.9921568627450981
0.9921568627450981
0.9921568627450981
0.807843137254902
0.803921568627451
0.7254901960784313
0.9921568627450981
0.9921568627450981
0.9921568627450981
0.9921568627450981
0.9921568627450981
0.9921568627450981
0.9921568627450981
0.9921568627450981
0.9921568627450981
0.019607843137254943
0.0
0.0
0.0
0.0
0.0
0.0
0.0
0.0
0.6549019607843137
0.9921568627450981
0.9921568627450981
0.9921568627450981
0.9921568627450981
0.9921568627450981
0.7176470588235294
0.07058823529411762
0.10588235294117643
0.05490196078431375
0.21568627450980393
0.21568627450980393
0.30980392156862746
0.9137254901960784
0.9921568627450981
0.9921568627450981
0.9921568627450981
0.9921568627450981
0.4901960784313726
0.007843137254901933
0.0
0.0
0.0
0.0
0.0
0.0
0.0
0.0
0.603921568627451
0.9921568627450981
0.9921568627450981
0.9921568627450981
0.9921568627450981
0.7176470588235294
0.06666666666666665
0.0
0.0
0.0
0.0
0.09411764705882353
0.7686274509803921
0.9921568627450981
0.9921568627450981
0.9921568627450981
0.9921568627450981
0.6392156862745098
0.0117647058823529
0.0
0.0
0.0
0.0
0.0
0.0
0.0
0.0
0.0
0.5098039215686274
0.9921568627450981
0.9921568627450981
0.9921568627450981
0.8901960784313725
0.06274509803921569
0.0
0.0
0.0
0.0
0.22745098039215683
0.8745098039215686
0.9921568627450981
0.9921568627450981
0.9921568627450981
0.9921568627450981
0.6470588235294117
0.09411764705882353
0.0
0.0
0.0
0.0
0.0
0.0
0.0
0.0
0.0
0.0
0.6901960784313725
0.9921568627450981
0.9921568627450981
0.9921568627450981
0.8705882352941177
0.0
0.0
0.0
0.0
0.2705882352941177
0.7725490196078432
0.9921568627450981
0.9921568627450981
0.9921568627450981
0.9921568627450981
0.8509803921568627
0.12941176470588234
0.0
0.0
0.0
0.0
0.0
0.0
0.0
0.0
0.0
0.0
0.0
1.0
0.9921568627450981
0.9921568627450981
0.9921568627450981
0.8705882352941177
0.0
0.0
0.0
0.388235294117647
0.9607843137254902
0.9921568627450981
0.9921568627450981
0.9921568627450981
0.9921568627450981
0.8509803921568627
0.12941176470588234
0.0
0.0
0.0
0.0
0.0
0.0
0.0
0.0
0.0
0.0
0.0
0.0
0.11764705882352944
0.9921568627450981
0.9921568627450981
0.9921568627450981
0.9215686274509804
0.15294117647058825
0.07450980392156858
0.7490196078431373
0.9647058823529412
0.9921568627450981
0.9921568627450981
0.9921568627450981
0.9921568627450981
0.6823529411764706
0.05882352941176472
0.0
0.0
0.0
0.0
0.0
0.0
0.0
0.0
0.0
0.0
0.0
0.0
0.0
0.015686274509803977
0.5764705882352941
0.9921568627450981
0.9921568627450981
0.9921568627450981
0.9490196078431372
0.9372549019607843
0.9921568627450981
0.9921568627450981
0.9921568627450981
0.9921568627450981
0.8627450980392157
0.403921568627451
0.04705882352941182
0.0
0.0
0.0
0.0
0.0
0.0
0.0
0.0
0.0
0.0
0.0
0.0
0.0
0.0
0.0
0.027450980392156876
0.792156862745098
0.9921568627450981
0.9921568627450981
0.9921568627450981
0.9921568627450981
0.9921568627450981
0.9921568627450981
0.9921568627450981
0.5098039215686274
0.03137254901960784
0.0
0.0
0.0
0.0
0.0
0.0
0.0
0.0
0.0
0.0
0.0
0.0
0.0
0.0
0.0
0.0
0.0
0.0
0.0117647058823529
0.30980392156862746
0.803921568627451
0.9921568627450981
0.9921568627450981
0.6588235294117647
0.4
0.019607843137254943
0.007843137254901933
0.0
0.0
0.0
0.0
0.0
0.0
0.0
0.0
0.0
0.0
0.0
0.0
0.0
0.0
0.0
0.0
0.0
0.0
0.0
0.0
0.0
0.0
0.0
0.0
0.0
0.0
0.0
0.0
0.0
0.0
0.0
0.0
0.0
0.0
0.0
0.0
0.0
0.0
0.0
0.0
0.0
0.0
0.0
0.0
0.0
0.0
0.0
0.0
0.0
0.0
0.0
0.0
0.0
0.0
0.0
0.0
0.0
0.0
0.0
0.0
0.0
0.0
0.0
0.0
0.0
0.0
0.0
0.0
0.0
0.0
0.0
0.0
0.0
0.0
0.0
0.0
0.0
0.0
0.0
0.0
0.0
0.0
0.0
0.0
0.0
0.0
0.0
0.0
0.0
0.0
0.0
0.0
0.0
0.0
0.0
0.0
0.0
0.0
0.0
0.0
0.0
0.0
0.0
0.0
0.0
0.0
0.0
0.0
0.0
0.0
0.0
0.0
0.0
0.0
0.0
0.0
0.0
0.0
0.0
0.0
0.0
0.0
0.0
0.0
