0.0
0.0
0.0
0.0
0.0
0.0
0.0
0.0
0.0
0.0
0.0
0.0
0.0
0.0
0.0
0.0
0.0
0.0
0.0
0.0
0.0
0.0
0.0
0.0
0.0
0.0
0.0
0.0
0.0
0.0
0.0
0.0
0.0
0.0
0.0
0.0
0.0
0.0
0.0
0.0
0.0
0.0
0.0
0.0
0.0
0.0
0.0
0.0
0.0
0.0
0.0
0.0
0.0
0.0
0.0
0.0
0.0
0.0
0.0
0.0
0.0
0.0
0.0
0.0
0.0
0.0
0.0
0.0
0.0
0.0
0.0
0.0
0.0
0.0
0.0
0.0
0.0
0.0
0.0
0.0
0.0
0.0
0.0
0.0
0.0
0.0
0.0
0.0
0.0
0.0
0.0
0.0
0.0
0.0
0.0
0.0
0.0
0.0
0.0
0.0
0.0
0.0
0.0
0.0
0.0
0.0
0.0
0.0
0.0
0.0
0.0
0.0
0.0
0.0
0.0
0.0
0.0
0.0
0.0
0.0
0.0
0.0
0.0
0.0
0.0
0.0
0.0
0.0
0.0
0.0
0.0
0.0
0.0
0.0
0.0
0.0
0.0
0.0
0.0
0.0
0.0
0.0
0.0
0.0
0.0
0.0
0.0
0.0
0.0
0.0
0.0
0.0
0.0
0.0
0.0
0.0
0.0
0.0
0.0
0.0
0.0
0.0
0.0
0.0
0.0
0.0
0.0
0.0
0.0
0.0
0.0
0.0
0.0
0.0
0.0
0.0
0.0
0.0
0.0
0.0
0.0
0.0
0.0
0.0
0.0
0.0
0.0
0.0
0.0
0.0
0.0
0.0
0.0
0.0
0.0
0.0
0.0
0.0
0.0
0.0
0.0
0.0
0.0
0.0
0.0
0.0
0.0
0.0
0.0
0.0
0.0
0.0
0.0
0.0
0.0
0.0
0.0
0.0
0.0
0.0
0.0
0.0
0.0
0.0
0.0
0.0
0.0
0.0
0.0
0.0
0.0
0.0
0.0
0.0
0.0
0.0
0.0
0.0
0.0
0.0
0.0
0.21176470588235297
0.21176470588235297
0.0
0.0
0.0
0.0
0.0
0.0
0.0
0.0
0.0
0.0
0.0
0.0
0.0
0.0
0.0
0.0
0.0
0.0
0.0
0.0
0.0
0.0
0.0
0.0
0.38431372549019605
0.5176470588235293
0.9647058823529412
0.9686274509803922
0.5137254901960784
0.3803921568627451
0.0
0.0
0.0
0.0
0.0
0.0
0.0
0.0
0.0
0.0
0.0
0.0
0.0
0.0
0.0
0.0
0.0
0.015686274509803977
0.2705882352941177
0.23529411764705888
0.6509803921568628
0.9921568627450981
0.9921568627450981
0.9921568627450981
0.9921568627450981
1.0
0.9921568627450981
0.9921568627450981
0.611764705882353
0.027450980392156876
0.0
0.0
0.0
0.0
0.0
0.0
0.0
0.0
0.0
0.0
0.0
0.0
0.0
0.0
0.0
0.5333333333333333
0.9882352941176471
0.9882352941176471
0.9921568627450981
0.9882352941176471
0.9882352941176471
0.9882352941176471
0.5372549019607843
0.5411764705882354
0.9882352941176471
0.9882352941176471
0.9882352941176471
0.3019607843137255
0.0
0.0
0.0
0.0
0.0
0.0
0.0
0.0
0.0
0.0
0.0
0.0
0.0
0.015686274509803977
0.5333333333333333
0.9843137254901961
0.9882352941176471
0.9882352941176471
0.9921568627450981
0.9882352941176471
0.9882352941176471
0.7607843137254902
0.015686274509803977
0.015686274509803977
0.08235294117647063
0.9176470588235294
0.9882352941176471
0.5764705882352941
0.0
0.0
0.0
0.0
0.0
0.0
0.0
0.0
0.0
0.0
0.0
0.0
0.38431372549019605
0.7176470588235294
0.9882352941176471
0.9882352941176471
0.8235294117647058
0.5686274509803921
0.3294117647058824
0.8274509803921568
0.9882352941176471
0.4666666666666667
0.0
0.0
0.0
0.6313725490196078
0.9882352941176471
0.8509803921568627
0.0
0.0
0.0
0.0
0.0
0.0
0.0
0.0
0.0
0.0
0.21176470588235297
0.6901960784313725
0.9647058823529412
0.9921568627450981
0.9882352941176471
0.403921568627451
0.05490196078431375
0.0
0.07058823529411762
0.8470588235294118
0.9882352941176471
0.3294117647058824
0.0
0.0
0.0
0.6705882352941177
0.9882352941176471
0.8156862745098039
0.0
0.0
0.0
0.0
0.0
0.0
0.0
0.0
0.1686274509803921
0.7176470588235294
0.9921568627450981
0.9921568627450981
0.9921568627450981
0.9019607843137255
0.6901960784313725
0.03529411764705881
0.0
0.0
0.1686274509803921
0.9921568627450981
0.9921568627450981
0.3294117647058824
0.0
0.0
0.196078431372549
0.9607843137254902
0.9921568627450981
0.5764705882352941
0.0
0.0
0.0
0.0
0.0
0.0
0.0
0.0
0.580392156862745
0.9882352941176471
0.9882352941176471
0.9882352941176471
0.7137254901960784
0.10588235294117643
0.0
0.0
0.0
0.0
0.1686274509803921
0.9882352941176471
0.9882352941176471
0.3294117647058824
0.0
0.0
0.6431372549019607
0.9882352941176471
0.9882352941176471
0.2666666666666667
0.0
0.0
0.0
0.0
0.0
0.0
0.0
0.0
0.9607843137254902
0.9607843137254902
0.8705882352941177
0.2196078431372549
0.015686274509803977
0.0
0.0
0.0
0.0
0.0
0.1686274509803921
0.9882352941176471
0.9882352941176471
0.8313725490196078
0.15294117647058825
0.3294117647058824
0.8666666666666667
0.9843137254901961
0.5254901960784314
0.015686274509803977
0.0
0.0
0.0
0.0
0.0
0.0
0.0
0.0
0.9921568627450981
0.5529411764705883
0.0
0.0
0.0
0.0
0.0
0.0
0.0
0.0
0.1686274509803921
0.9882352941176471
0.9882352941176471
0.9882352941176471
0.9882352941176471
0.9921568627450981
0.9882352941176471
0.6274509803921569
0.0
0.0
0.0
0.0
0.0
0.0
0.0
0.0
0.0
0.0
0.8549019607843137
0.04313725490196074
0.0
0.0
0.0
0.0
0.0
0.0
0.0
0.0
0.027450980392156876
0.4745098039215686
0.9568627450980393
0.9882352941176471
0.9882352941176471
0.9921568627450981
0.6784313725490196
0.11372549019607847
0.0
0.0
0.0
0.0
0.0
0.0
0.0
0.0
0.0
0.0
0.34901960784313724
0.0
0.0
0.0
0.0
0.0
0.0
0.0
0.0
0.0
0.0
0.0
0.41960784313725485
0.7254901960784313
0.4156862745098039
0.17647058823529416
0.0
0.0
0.0
0.0
0.0
0.0
0.0
0.0
0.0
0.0
0.0
0.0
0.0
0.0
0.0
0.0
0.0
0.0
0.0
0.0
0.0
0.0
0.0
0.0
0.0
0.0
0.0
0.0
0.0
0.0
0.0
0.0
0.0
0.0
0.0
0.0
0.0
0.0
0.0
0.0
0.0
0.0
0.0
0.0
0.0
0.0
0.0
0.0
0.0
0.0
0.0
0.0
0.0
0.0
0.0
0.0
0.0
0.0
0.0
0.0
0.0
0.0
0.0
0.0
0.0
0.0
0.0
0.0
0.0
0.0
0.0
0.0
0.0
0.0
0.0
0.0
0.0
0.0
0.0
0.0
0.0
0.0
0.0
0.0
0.0
0.0
0.0
0.0
0.0
0.0
0.0
0.0
0.0
0.0
0.0
0.0
0.0
0.0
0.0
0.0
0.0
0.0
0.0
0.0
0.0
0.0
0.0
0.0
0.0
0.0
0.0
0.0
0.0
0.0
0.0
0.0
0.0
0.0
0.0
0.0
0.0
0.0
0.0
0.0
0.0
0.0
0.0
0.0
0.0
0.0
0.0
0.0
0.0
0.0
0.0
0.0
0.0
0.0
0.0
0.0
0.0
0.0
0.0
0.0
0.0
0.0
0.0
0.0
0.0
0.0
0.0
0.0
0.0
0.0
0.0
0.0
0.0
0.0
0.0
0.0
0.0
0.0
0.0
0.0
0.0
0.0
0.0
0.0
0.0
0.0
0.0
0.0
0.0
0.0
0.0
0.0
0.0
0.0
0.0
0.0
0.0
0.0
0.0
0.0
0.0
0.0
0.0
0.0
0.0
0.0
0.0
0.0
0.0
0.0
0.0
0.0
0.0
0.0
0.0
0.0
0.0
0.0
0.0
0.0
0.0
