0.0
0.0
0.0
0.0
0.0
0.0
0.0
0.0
0.0
0.0
0.0
0.0
0.0
0.0
0.0
0.0
0.0
0.0
0.0
0.0
0.0
0.0
0.0
0.0
0.0
0.0
0.0
0.0
0.0
0.0
0.0
0.0
0.0
0.0
0.0
0.0
0.0
0.0
0.0
0.0
0.0
0.0
0.0
0.0
0.0
0.0
0.0
0.0
0.0
0.0
0.0
0.0
0.0
0.0
0.0
0.0
0.0
0.0
0.0
0.0
0.0
0.0
0.0
0.0
0.0
0.0
0.0
0.0
0.0
0.0
0.0
0.0
0.0
0.0
0.0
0.0
0.0
0.0
0.0
0.0
0.0
0.0
0.0
0.0
0.0
0.0
0.0
0.0
0.0
0.0
0.0
0.0
0.0
0.0
0.0
0.0
0.0
0.0
0.0
0.0
0.0
0.0
0.0
0.0
0.0
0.0
0.0
0.0
0.0
0.0
0.0
0.0
0.0
0.0
0.0
0.0
0.0
0.0
0.0
0.0
0.0
0.0
0.0
0.0
0.0
0.0
0.0
0.0
0.0
0.0
0.0
0.0
0.0
0.0
0.0
0.0
0.0
0.0
0.0
0.0
0.0
0.0
0.0
0.0
0.0
0.0
0.0
0.0
0.0
0.0
0.0
0.0
0.0
0.0
0.0
0.0
0.0
0.0
0.0
0.0
0.0
0.0
0.0
0.0
0.0
0.0
0.0
0.0
0.0
0.0
0.0
0.0
0.0
0.0
0.0
0.0
0.0
0.0
0.0
0.0
0.0
0.0
0.0
0.0
0.0
0.0
0.0
0.0
0.0
0.0
0.0
0.0
0.0
0.0
0.0
0.0
0.0
0.0
0.0
0.0
0.0
0.0
0.0
0.0
0.0
0.0
0.0
0.0
0.0
0.0
0.0
0.0
0.0
0.0
0.0
0.0
0.0
0.0
0.0
0.0
0.0
0.0
0.0
0.0
0.0
0.0
0.0
0.0
0.0
0.0
0.0
0.0
0.0
0.10196078431372546
0.3647058823529412
0.06666666666666665
0.0
0.0
0.0
0.0
0.0
0.0
0.0
0.0
0.0
0.0
0.0
0.0
0.0
0.0
0.0
0.0
0.0
0.0
0.0
0.0
0.0
0.0
0.0
0.5176470588235293
0.8980392156862745
1.0
0.996078431372549
0.9607843137254902
0.6313725490196078
0.10196078431372546
0.0
0.0
0.0
0.0
0.0
0.0
0.0
0.0
0.0
0.0
0.0
0.0
0.0
0.0
0.0
0.0
0.0
0.0
0.0
0.0
0.43137254901960786
0.9764705882352941
0.9921568627450981
0.9450980392156862
0.9098039215686274
0.9921568627450981
0.9921568627450981
0.8392156862745098
0.11372549019607847
0.0
0.0
0.0
0.0
0.0862745098039216
0.1843137254901961
0.4156862745098039
0.4784313725490196
0.10196078431372546
0.0
0.0
0.0
0.0
0.0
0.0
0.0
0.0
0.0
0.16078431372549018
0.9450980392156862
0.9921568627450981
0.6588235294117647
0.1333333333333333
0.0980392156862745
0.34509803921568627
0.8666666666666667
0.996078431372549
0.6274509803921569
0.019607843137254943
0.0
0.3254901960784313
0.5176470588235293
0.8941176470588236
0.9921568627450981
0.996078431372549
0.9921568627450981
0.8784313725490196
0.1568627450980392
0.0
0.0
0.0
0.0
0.0
0.0
0.0
0.0
0.6313725490196078
0.9921568627450981
0.792156862745098
0.07450980392156858
0.0
0.0
0.0
0.3294117647058824
0.8627450980392157
0.9921568627450981
0.4784313725490196
0.3647058823529412
0.996078431372549
0.9921568627450981
0.9568627450980393
0.6274509803921569
0.5333333333333333
0.7960784313725491
0.9921568627450981
0.7607843137254902
0.0
0.0
0.0
0.0
0.0
0.0
0.0
0.0
0.996078431372549
0.9450980392156862
0.26274509803921564
0.0
0.0
0.0
0.0
0.0
0.40784313725490196
0.996078431372549
0.996078431372549
0.996078431372549
0.6274509803921569
0.16470588235294115
0.0
0.0
0.0
0.11764705882352944
0.9294117647058824
0.996078431372549
0.0
0.0
0.0
0.0
0.0
0.0
0.0
0.0
0.996078431372549
0.807843137254902
0.0
0.0
0.0
0.0
0.0
0.06666666666666665
0.5333333333333333
0.9921568627450981
0.9921568627450981
0.9921568627450981
0.2666666666666667
0.0
0.0
0.0
0.11764705882352944
0.7254901960784313
0.9921568627450981
0.9254901960784314
0.0
0.0
0.0
0.0
0.0
0.0
0.0
0.0
0.996078431372549
0.8274509803921568
0.08235294117647063
0.0
0.0
0.0
0.04313725490196074
0.5490196078431373
0.996078431372549
0.8745098039215686
0.5725490196078431
0.9647058823529412
0.9450980392156862
0.7490196078431373
0.584313725490196
0.7137254901960784
0.9294117647058824
0.9921568627450981
0.9843137254901961
0.44313725490196076
0.0
0.0
0.0
0.0
0.0
0.0
0.0
0.0
0.8627450980392157
0.9921568627450981
0.9647058823529412
0.196078431372549
0.0
0.0
0.584313725490196
0.9921568627450981
0.8941176470588236
0.1568627450980392
0.0
0.196078431372549
0.8627450980392157
0.9921568627450981
0.9921568627450981
0.9921568627450981
0.996078431372549
0.7254901960784313
0.24705882352941178
0.0
0.0
0.0
0.0
0.0
0.0
0.0
0.0
0.0
0.19999999999999996
0.8705882352941177
0.996078431372549
0.6313725490196078
0.0
0.5098039215686274
0.996078431372549
0.996078431372549
0.2666666666666667
0.0
0.0
0.0
0.23529411764705888
0.3647058823529412
0.3647058823529412
0.3647058823529412
0.2666666666666667
0.0
0.0
0.0
0.0
0.0
0.0
0.0
0.0
0.0
0.0
0.0
0.0
0.050980392156862786
0.8274509803921568
0.9607843137254902
0.9058823529411765
0.9843137254901961
0.9921568627450981
0.4666666666666667
0.0
0.0
0.0
0.0
0.0
0.0
0.0
0.0
0.0
0.0
0.0
0.0
0.0
0.0
0.0
0.0
0.0
0.0
0.0
0.0
0.0
0.0
0.3529411764705882
0.9921568627450981
0.996078431372549
0.9921568627450981
0.584313725490196
0.050980392156862786
0.0
0.0
0.0
0.0
0.0
0.0
0.0
0.0
0.0
0.0
0.0
0.0
0.0
0.0
0.0
0.0
0.0
0.0
0.0
0.0
0.0
0.0
0.027450980392156876
0.5294117647058824
0.996078431372549
0.592156862745098
0.050980392156862786
0.0
0.0
0.0
0.0
0.0
0.0
0.0
0.0
0.0
0.0
0.0
0.0
0.0
0.0
0.0
0.0
0.0
0.0
0.0
0.0
0.0
0.0
0.0
0.0
0.0
0.0
0.0
0.0
0.0
0.0
0.0
0.0
0.0
0.0
0.0
0.0
0.0
0.0
0.0
0.0
0.0
0.0
0.0
0.0
0.0
0.0
0.0
0.0
0.0
0.0
0.0
0.0
0.0
0.0
0.0
0.0
0.0
0.0
0.0
0.0
0.0
0.0
0.0
0.0
0.0
0.0
0.0
0.0
0.0
0.0
0.0
0.0
0.0
0.0
0.0
0.0
0.0
0.0
0.0
0.0
0.0
0.0
0.0
0.0
0.0
0.0
0.0
0.0
0.0
0.0
0.0
0.0
0.0
0.0
0.0
0.0
0.0
0.0
0.0
0.0
0.0
0.0
0.0
0.0
0.0
0.0
0.0
0.0
0.0
0.0
0.0
0.0
0.0
0.0
0.0
0.0
0.0
0.0
0.0
0.0
0.0
0.0
0.0
0.0
0.0
0.0
0.0
0.0
0.0
0.0
0.0
0.0
0.0
0.0
0.0
0.0
0.0
0.0
0.0
0.0
0.0
0.0
0.0
0.0
0.0
0.0
0.0
0.0
0.0
0.0
0.0
0.0
0.0
0.0
0.0
0.0
0.0
0.0
0.0
0.0
0.0
0.0
0.0
0.0
0.0
0.0
0.0
0.0
0.0
0.0
0.0
0.0
0.0
0.0
0.0
0.0
0.0
0.0
0.0
0.0
0.0
0.0
0.0
0.0
0.0
0.0
0.0
0.0
0.0
0.0
0.0
0.0
0.0
0.0
0.0
0.0
0.0
0.0
0.0
0.0
0.0
0.0
0.0
0.0
0.0
0.0
0.0
0.0
0.0
0.0
0.0
0.0
