0.0
0.0
0.0
0.0
0.0
0.0
0.0
0.0
0.0
0.0
0.0
0.0
0.0
0.0
0.0
0.0
0.0
0.0
0.0
0.0
0.0
0.0
0.0
0.0
0.0
0.0
0.0
0.0
0.0
0.0
0.0
0.0
0.0
0.0
0.0
0.0
0.0
0.0
0.0
0.0
0.0
0.0
0.0
0.0
0.0
0.0
0.0
0.0
0.0
0.0
0.0
0.0
0.0
0.0
0.0
0.0
0.0
0.0
0.0
0.0
0.0
0.0
0.0
0.0
0.0
0.0
0.0
0.0
0.0
0.0
0.0
0.0
0.0
0.0
0.0
0.0
0.0
0.0
0.0
0.0
0.0
0.0
0.0
0.0
0.0
0.0
0.0
0.0
0.0
0.0
0.0
0.0
0.0
0.0
0.0
0.0
0.0
0.0
0.0
0.0
0.0
0.0
0.0
0.039215686274509776
0.03529411764705881
0.0
0.0
0.0
0.0
0.0
0.0
0.0
0.0
0.0
0.0
0.0
0.0
0.0
0.0
0.0
0.0
0.0
0.0
0.0
0.0
0.0
0.0
0.0
0.0
0.38431372549019605
0.5686274509803921
0.8901960784313725
0.8470588235294118
0.08235294117647063
0.0
0.0
0.0
0.0
0.0
0.0
0.0
0.0
0.0
0.0
0.0
0.0
0.0
0.0
0.0
0.0
0.0
0.0
0.0
0.0
0.0
0.08235294117647063
0.4392156862745098
0.8666666666666667
0.9882352941176471
0.9882352941176471
0.9882352941176471
0.43529411764705883
0.0
0.0
0.0
0.0
0.0
0.0
0.0
0.0
0.0
0.0
0.0
0.0
0.0
0.0
0.0
0.0
0.0
0.0
0.0
0.0
0.0117647058823529
0.6470588235294117
0.9882352941176471
0.9882352941176471
0.9882352941176471
0.9882352941176471
0.9882352941176471
0.5176470588235293
0.0
0.0
0.0
0.0
0.0
0.0
0.0
0.0
0.0
0.0
0.0
0.0
0.0
0.0
0.0
0.0
0.0
0.0
0.0
0.0
0.388235294117647
0.9882352941176471
0.9882352941176471
0.5137254901960784
0.788235294117647
0.9882352941176471
0.9882352941176471
0.14117647058823535
0.0
0.0
0.0
0.0
0.0
0.0
0.0
0.0
0.0
0.0
0.0
0.0
0.0
0.0
0.0
0.0
0.0
0.0
0.0
0.0
0.5176470588235293
0.9882352941176471
0.7450980392156863
0.07843137254901966
0.7098039215686274
0.9882352941176471
0.8941176470588235
0.0980392156862745
0.0
0.0
0.0
0.0
0.0
0.0
0.0
0.0
0.0
0.0
0.0
0.0
0.0
0.0
0.0
0.0
0.0
0.0
0.0
0.0
0.6784313725490196
0.9882352941176471
0.3764705882352941
0.1568627450980392
0.9372549019607843
0.9882352941176471
0.6549019607843137
0.0
0.0
0.0
0.0
0.0
0.0
0.0
0.0
0.0
0.0
0.0
0.0
0.0
0.0
0.0
0.0
0.0
0.0
0.0
0.0
0.0
0.9921568627450981
0.9058823529411765
0.05490196078431375
0.19215686274509802
0.9882352941176471
0.9882352941176471
0.4784313725490196
0.0
0.0
0.0
0.0
0.0
0.0
0.0
0.0
0.0
0.0
0.0
0.0
0.0
0.0
0.0
0.0
0.0
0.0
0.0
0.0
0.22745098039215683
0.9921568627450981
0.6901960784313725
0.0
0.39607843137254906
0.9882352941176471
0.8666666666666667
0.10588235294117643
0.0
0.0
0.0
0.0
0.0
0.0
0.0
0.0
0.0
0.0
0.0
0.02352941176470591
0.7450980392156863
0.8784313725490196
0.1568627450980392
0.0
0.0
0.0
0.0
0.0
0.0
0.9921568627450981
0.42352941176470593
0.07058823529411762
0.8196078431372549
0.9882352941176471
0.7058823529411764
0.0
0.0
0.0
0.0
0.0
0.0
0.0
0.0
0.0
0.0
0.0
0.0
0.5215686274509803
0.9921568627450981
0.9882352941176471
0.3137254901960784
0.0
0.0
0.0
0.0
0.0
0.02352941176470591
1.0
0.4980392156862745
0.8156862745098039
0.9921568627450981
0.9803921568627452
0.22352941176470587
0.0
0.0
0.0
0.0
0.0
0.0
0.0
0.0
0.0
0.0
0.0
0.0
0.5176470588235293
0.9882352941176471
0.8470588235294118
0.0
0.0
0.0
0.0
0.0
0.0
0.4745098039215686
0.9921568627450981
0.9882352941176471
0.9882352941176471
0.9882352941176471
0.7529411764705882
0.0
0.0
0.0
0.0
0.0
0.0
0.0
0.0
0.0
0.0
0.0
0.0
0.0
0.8156862745098039
0.9882352941176471
0.7764705882352941
0.0
0.0
0.0
0.0
0.0
0.0
0.40784313725490196
0.9921568627450981
0.9882352941176471
0.9882352941176471
0.9882352941176471
0.45882352941176474
0.0
0.0
0.0
0.0
0.0
0.0
0.0
0.0
0.0
0.0
0.0
0.0
0.0
0.9921568627450981
0.9882352941176471
0.3764705882352941
0.0
0.0
0.0
0.0
0.0
0.0
0.0
0.9921568627450981
0.9882352941176471
0.9882352941176471
0.8627450980392157
0.09411764705882353
0.0
0.0
0.0
0.0
0.0
0.0
0.0
0.0
0.0
0.0
0.0
0.0
0.0
0.9921568627450981
0.9882352941176471
0.7137254901960784
0.0
0.0
0.0
0.0
0.0
0.0
0.0
0.9921568627450981
0.9882352941176471
0.9882352941176471
0.615686274509804
0.07058823529411762
0.0
0.0
0.0
0.0
0.0
0.0
0.0
0.0
0.0
0.0
0.0
0.0
0.0
0.8588235294117648
0.9882352941176471
0.8862745098039215
0.2313725490196078
0.0
0.0
0.0
0.0
0.12549019607843137
0.5098039215686274
0.9921568627450981
0.9882352941176471
0.9882352941176471
0.9882352941176471
0.7098039215686274
0.28627450980392155
0.05490196078431375
0.0
0.0
0.0
0.0
0.0
0.0
0.0
0.0
0.0
0.0
0.0
0.3647058823529412
0.9882352941176471
0.9882352941176471
0.8627450980392157
0.33333333333333337
0.23921568627450984
0.11372549019607847
0.33333333333333337
0.8392156862745098
0.9882352941176471
0.9921568627450981
0.8
0.7058823529411764
0.9882352941176471
0.9882352941176471
0.9882352941176471
0.8392156862745098
0.803921568627451
0.803921568627451
0.803921568627451
0.0
0.0
0.0
0.0
0.0
0.0
0.0
0.0
0.007843137254901933
0.44705882352941173
0.9882352941176471
0.9882352941176471
0.9882352941176471
0.9490196078431372
0.8980392156862745
0.9882352941176471
0.9882352941176471
0.9882352941176471
0.3686274509803922
0.05882352941176472
0.02352941176470591
0.2313725490196078
0.8823529411764706
0.9882352941176471
0.9882352941176471
0.9882352941176471
0.9882352941176471
0.9882352941176471
0.0
0.0
0.0
0.0
0.0
0.0
0.0
0.0
0.0
0.0117647058823529
0.16078431372549018
0.5607843137254902
0.6627450980392157
0.9882352941176471
0.9882352941176471
0.9882352941176471
0.6
0.33725490196078434
0.0
0.0
0.0
0.0
0.06666666666666665
0.09019607843137256
0.25098039215686274
0.5607843137254902
0.5607843137254902
0.5607843137254902
0.0
0.0
0.0
0.0
0.0
0.0
0.0
0.0
0.0
0.0
0.0
0.0
0.0117647058823529
0.04313725490196074
0.04313725490196074
0.04313725490196074
0.0039215686274509665
0.0
0.0
0.0
0.0
0.0
0.0
0.0
0.0
0.0
0.0
0.0
0.0
0.0
0.0
0.0
0.0
0.0
0.0
0.0
0.0
0.0
0.0
0.0
0.0
0.0
0.0
0.0
0.0
0.0
0.0
0.0
0.0
0.0
0.0
0.0
0.0
0.0
0.0
0.0
0.0
0.0
0.0
0.0
0.0
0.0
0.0
0.0
0.0
0.0
0.0
0.0
0.0
0.0
0.0
0.0
0.0
0.0
0.0
0.0
0.0
0.0
0.0
0.0
0.0
0.0
0.0
0.0
0.0
0.0
0.0
0.0
0.0
0.0
0.0
0.0
0.0
0.0
0.0
0.0
0.0
0.0
0.0
0.0
0.0
0.0
0.0
0.0
0.0
0.0
0.0
0.0
0.0
0.0
0.0
0.0
0.0
0.0
0.0
0.0
0.0
0.0
0.0
0.0
0.0
0.0
0.0
0.0
0.0
0.0
0.0
0.0
0.0
0.0
0.0
0.0
0.0
0.0
0.0
0.0
0.0
0.0
0.0
0.0
0.0
0.0
0.0
0.0
0.0
0.0
0.0
0.0
0.0
0.0
0.0
0.0
0.0
0.0
0.0
0.0
0.0
0.0
0.0
0.0
0.0
0.0
0.0
0.0
0.0
0.0
0.0
0.0
0.0
0.0
0.0
0.0
