0.0
0.0
0.0
0.0
0.0
0.0
0.0
0.0
0.0
0.0
0.0
0.0
0.0
0.0
0.0
0.0
0.0
0.0
0.0
0.0
0.0
0.0
0.0
0.0
0.0
0.0
0.0
0.0
0.0
0.0
0.0
0.0
0.0
0.0
0.0
0.0
0.0
0.0
0.0
0.0
0.0
0.0
0.0
0.0
0.0
0.0
0.0
0.0
0.0
0.0
0.0
0.0
0.0
0.0
0.0
0.0
0.0
0.0
0.0
0.0
0.0
0.0
0.0
0.0
0.0
0.0
0.0
0.0
0.0
0.0
0.0
0.0
0.0
0.0
0.0
0.0
0.0
0.0
0.0
0.0
0.0
0.0
0.0
0.0
0.0
0.0
0.0
0.0
0.0
0.0
0.0
0.0
0.0
0.0
0.0
0.0
0.0
0.0
0.0
0.0
0.0
0.0
0.0
0.0
0.0
0.0
0.0
0.0
0.0
0.0
0.0
0.0
0.0
0.0
0.0
0.0
0.0
0.0
0.0
0.0
0.0
0.0
0.0
0.0
0.0
0.0
0.0
0.0
0.0
0.0
0.0
0.0
0.0
0.0
0.0
0.0
0.0
0.0
0.0
0.0
0.0
0.0
0.0
0.0
0.0
0.0
0.0
0.0
0.0
0.0
0.0
0.0
0.0
0.0
0.0
0.0
0.0
0.0
0.0
0.0
0.0
0.0
0.0
0.0
0.0
0.0
0.0
0.0
0.0
0.0
0.0
0.0
0.0
0.0
0.0
0.0
0.0
0.0
0.0
0.0
0.0
0.0
0.0
0.0
0.0
0.027450980392156876
0.14509803921568631
0.5019607843137255
0.615686274509804
0.615686274509804
0.18823529411764706
0.007843137254901933
0.0
0.0
0.0
0.0
0.0
0.0
0.0
0.0
0.0
0.0
0.0
0.0
0.13725490196078427
0.5490196078431373
0.21568627450980393
0.0
0.0
0.0
0.0
0.019607843137254943
0.4862745098039216
0.7254901960784313
0.9882352941176471
0.9882352941176471
0.9882352941176471
0.9882352941176471
0.9882352941176471
0.36078431372549025
0.0
0.0
0.0
0.0
0.0
0.0
0.0
0.0
0.0
0.0
0.03529411764705881
0.3294117647058824
0.9098039215686274
0.9882352941176471
0.5450980392156863
0.0
0.0
0.0
0.12549019607843137
0.5333333333333333
0.9529411764705882
0.7529411764705882
0.7529411764705882
0.3921568627450981
0.2823529411764706
0.4627450980392157
0.9686274509803922
0.8549019607843137
0.0
0.0
0.0
0.0
0.0
0.0
0.0
0.0
0.0
0.0
0.2784313725490196
0.9882352941176471
0.9215686274509804
0.34509803921568627
0.04705882352941182
0.0
0.0
0.0
0.8823529411764706
0.9882352941176471
0.4862745098039216
0.0
0.0
0.0
0.0
0.0
0.8980392156862745
0.9882352941176471
0.0
0.0
0.0
0.0
0.0
0.0
0.0
0.0
0.0
0.07843137254901966
0.9176470588235294
0.8352941176470589
0.14117647058823535
0.0
0.0
0.0
0.0
0.388235294117647
0.9921568627450981
0.9098039215686274
0.07058823529411762
0.0
0.0
0.0
0.0
0.0
0.8980392156862745
0.9882352941176471
0.0
0.0
0.0
0.0
0.0
0.0
0.0
0.0
0.019607843137254943
0.6627450980392157
0.9882352941176471
0.39607843137254906
0.0
0.0
0.0
0.0
0.0
0.2941176470588235
0.9921568627450981
0.8941176470588236
0.0
0.0
0.0
0.0
0.0
0.3294117647058824
0.9764705882352941
0.9882352941176471
0.0
0.0
0.0
0.0
0.0
0.0
0.0
0.0
0.2549019607843137
0.9882352941176471
0.8588235294117648
0.03137254901960784
0.0
0.0
0.0
0.0
0.0
0.0
0.9921568627450981
0.9803921568627451
0.3411764705882353
0.0
0.0
0.0
0.0
0.580392156862745
0.9882352941176471
0.5568627450980392
0.0
0.0
0.0
0.0
0.0
0.0
0.0
0.0
0.7450980392156863
0.9450980392156862
0.21568627450980393
0.0
0.0
0.0
0.0
0.0
0.0
0.0
0.3176470588235294
0.9882352941176471
0.9607843137254902
0.5372549019607843
0.0
0.0
0.7686274509803921
0.9843137254901961
0.580392156862745
0.02352941176470591
0.0
0.0
0.0
0.0
0.0
0.0
0.0
0.0
1.0
0.8980392156862745
0.0
0.0
0.0
0.0
0.0
0.0
0.0
0.0
0.0
0.27450980392156865
0.7960784313725491
0.9921568627450981
0.6549019607843137
0.6549019607843137
0.9921568627450981
0.792156862745098
0.04313725490196074
0.0
0.0
0.0
0.0
0.0
0.0
0.0
0.0
0.0
0.9921568627450981
0.9019607843137255
0.039215686274509776
0.0
0.0
0.0
0.0
0.0
0.0
0.0
0.0
0.0
0.33333333333333337
0.9568627450980393
0.9882352941176471
0.9882352941176471
0.9882352941176471
0.388235294117647
0.0
0.0
0.0
0.0
0.0
0.0
0.0
0.0
0.0
0.0
0.6980392156862745
0.9882352941176471
0.6862745098039216
0.04705882352941182
0.0
0.0
0.0
0.0
0.0
0.0
0.0
0.0
0.1568627450980392
0.8666666666666667
0.9882352941176471
0.9882352941176471
0.9882352941176471
0.8470588235294118
0.05882352941176472
0.0
0.0
0.0
0.0
0.0
0.0
0.0
0.0
0.0
0.196078431372549
0.9058823529411765
0.9882352941176471
0.7686274509803921
0.18823529411764706
0.0
0.0
0.0
0.0
0.0
0.44313725490196076
0.6627450980392157
0.8666666666666667
0.9882352941176471
0.7372549019607844
0.3294117647058824
0.4862745098039216
0.9607843137254902
0.4901960784313726
0.0117647058823529
0.0
0.0
0.0
0.0
0.0
0.0
0.0
0.0
0.0
0.43529411764705883
0.8980392156862745
0.9882352941176471
0.6745098039215687
0.23921568627450984
0.04705882352941182
0.09411764705882353
0.23921568627450984
0.4666666666666667
0.9921568627450981
0.9882352941176471
0.9529411764705882
0.6627450980392157
0.08235294117647063
0.0
0.0
0.7372549019607844
0.9882352941176471
0.04313725490196074
0.0
0.0
0.0
0.0
0.0
0.0
0.0
0.0
0.0
0.0
0.21568627450980393
0.8941176470588236
0.9882352941176471
0.9882352941176471
0.8
0.8470588235294118
0.9882352941176471
0.9882352941176471
0.9921568627450981
0.8235294117647058
0.3803921568627451
0.0
0.0
0.0
0.0
0.2705882352941177
0.8392156862745098
0.03137254901960784
0.0
0.0
0.0
0.0
0.0
0.0
0.0
0.0
0.0
0.0
0.0
0.12549019607843137
0.5215686274509803
0.9098039215686274
0.9882352941176471
0.9882352941176471
0.9882352941176471
0.8313725490196078
0.18823529411764706
0.08235294117647063
0.0
0.0
0.0
0.0
0.0
0.0
0.4745098039215686
0.0
0.0
0.0
0.0
0.0
0.0
0.0
0.0
0.0
0.0
0.0
0.0
0.0
0.0
0.10588235294117643
0.14117647058823535
0.14117647058823535
0.14117647058823535
0.07450980392156858
0.0
0.0
0.0
0.0
0.0
0.0
0.0
0.0
0.06666666666666665
0.0
0.0
0.0
0.0
0.0
0.0
0.0
0.0
0.0
0.0
0.0
0.0
0.0
0.0
0.0
0.0
0.0
0.0
0.0
0.0
0.0
0.0
0.0
0.0
0.0
0.0
0.0
0.0
0.0
0.0
0.0
0.0
0.0
0.0
0.0
0.0
0.0
0.0
0.0
0.0
0.0
0.0
0.0
0.0
0.0
0.0
0.0
0.0
0.0
0.0
0.0
0.0
0.0
0.0
0.0
0.0
0.0
0.0
0.0
0.0
0.0
0.0
0.0
0.0
0.0
0.0
0.0
0.0
0.0
0.0
0.0
0.0
0.0
0.0
0.0
0.0
0.0
0.0
0.0
0.0
0.0
0.0
0.0
0.0
0.0
0.0
0.0
0.0
0.0
0.0
0.0
0.0
0.0
0.0
0.0
0.0
0.0
0.0
0.0
0.0
0.0
0.0
0.0
0.0
0.0
0.0
0.0
0.0
0.0
0.0
0.0
0.0
0.0
0.0
0.0
0.0
0.0
0.0
0.0
0.0
0.0
0.0
0.0
0.0
0.0
0.0
0.0
0.0
0.0
0.0
0.0
0.0
0.0
0.0
0.0
0.0
0.0
0.0
0.0
0.0
0.0
0.0
0.0
0.0
0.0
0.0
0.0
0.0
0.0
0.0
0.0
0.0
0.0
0.0
0.0
0.0
0.0
0.0
0.0
0.0
0.0
0.0
0.0
0.0
0.0
0.0
0.0
0.0
0.0
0.0
0.0
0.0
0.0
