0.0
0.0
0.0
0.0
0.0
0.0
0.0
0.0
0.0
0.0
0.0
0.0
0.0
0.0
0.0
0.0
0.0
0.0
0.0
0.0
0.0
0.0
0.0
0.0
0.0
0.0
0.0
0.0
0.0
0.0
0.0
0.0
0.0
0.0
0.0
0.0
0.0
0.0
0.0
0.0
0.0
0.0
0.0
0.0
0.0
0.0
0.0
0.0
0.0
0.0
0.0
0.0
0.0
0.0
0.0
0.0
0.0
0.0
0.0
0.0
0.0
0.0
0.0
0.0
0.0
0.0
0.0
0.0
0.0
0.0
0.0
0.0
0.0
0.0
0.0
0.0
0.0
0.0
0.0
0.0
0.0
0.0
0.0
0.0
0.0
0.0
0.0
0.0
0.0
0.0
0.0
0.0
0.0
0.0
0.0
0.0
0.0
0.0
0.0
0.0
0.0
0.0
0.0
0.0
0.0
0.0
0.0
0.0
0.0
0.0
0.0
0.0
0.0
0.0
0.0
0.0
0.0
0.0
0.0
0.0
0.0
0.0
0.0
0.0
0.0
0.0
0.0
0.0
0.0
0.0
0.0
0.0
0.0
0.0
0.0
0.0
0.0
0.0
0.0
0.0
0.0
0.0
0.0
0.0
0.0
0.0
0.0
0.0
0.0
0.0
0.0
0.0
0.0
0.0
0.0
0.0
0.0
0.0
0.0
0.0
0.0
0.0
0.0
0.0
0.0
0.0
0.0
0.0
0.0
0.0
0.0
0.0
0.0
0.0
0.0
0.0
0.0
0.0
0.0
0.0
0.0
0.0
0.0
0.0
0.0
0.0
0.0
0.0
0.0
0.0
0.0
0.0
0.0
0.0
0.0
0.0
0.0
0.0
0.0
0.0
0.0
0.03137254901960784
0.4901960784313726
0.603921568627451
0.603921568627451
0.027450980392156876
0.0
0.0
0.0
0.0
0.0
0.0
0.3764705882352941
0.603921568627451
0.603921568627451
0.2705882352941177
0.03137254901960784
0.0
0.0
0.0
0.0
0.0
0.0
0.0
0.0
0.0
0.0
0.015686274509803977
0.27450980392156865
0.7411764705882353
0.9921568627450981
0.9921568627450981
0.9921568627450981
0.14117647058823535
0.0
0.0
0.0
0.0
0.17647058823529416
0.6313725490196078
0.9882352941176471
0.9921568627450981
0.9921568627450981
0.9921568627450981
0.5882352941176471
0.03137254901960784
0.0
0.0
0.0
0.0
0.0
0.0
0.0
0.0
0.0
0.20392156862745103
0.9921568627450981
0.9921568627450981
0.9921568627450981
0.9921568627450981
0.9921568627450981
0.3803921568627451
0.0
0.0
0.0
0.0862745098039216
0.8784313725490196
0.9921568627450981
0.9921568627450981
0.9921568627450981
0.9921568627450981
0.9921568627450981
0.9921568627450981
0.2666666666666667
0.0
0.0
0.0
0.0
0.0
0.0
0.0
0.0
0.0
0.5333333333333333
0.9921568627450981
0.9921568627450981
0.9921568627450981
0.5450980392156863
0.1843137254901961
0.007843137254901933
0.0
0.0
0.0
0.6823529411764706
0.9921568627450981
0.9921568627450981
0.9921568627450981
0.9921568627450981
0.9921568627450981
0.9921568627450981
0.9921568627450981
0.9215686274509804
0.05490196078431375
0.0
0.0
0.0
0.0
0.0
0.0
0.0
0.0
0.7490196078431373
0.9921568627450981
0.9921568627450981
0.7450980392156863
0.02352941176470591
0.0
0.0
0.0
0.0
0.207843137254902
0.9686274509803922
0.9921568627450981
0.9921568627450981
0.9725490196078431
0.36078431372549025
0.8470588235294118
0.9921568627450981
0.9921568627450981
0.9921568627450981
0.06666666666666665
0.0
0.0
0.0
0.0
0.0
0.0
0.0
0.0
0.5333333333333333
0.9921568627450981
0.9921568627450981
0.27450980392156865
0.0
0.0
0.0
0.0
0.0039215686274509665
0.6823529411764706
0.9921568627450981
0.9921568627450981
0.9921568627450981
0.49411764705882355
0.0
0.6509803921568628
0.9921568627450981
0.9921568627450981
0.9921568627450981
0.2941176470588235
0.0
0.0
0.0
0.0
0.0
0.0
0.0
0.0
0.5764705882352941
0.9921568627450981
0.9921568627450981
0.2549019607843137
0.0
0.0
0.0
0.0
0.207843137254902
0.9921568627450981
0.9921568627450981
0.9921568627450981
0.9921568627450981
0.019607843137254943
0.0
0.6509803921568628
0.9921568627450981
0.9921568627450981
0.9921568627450981
0.5294117647058824
0.0
0.0
0.0
0.0
0.0
0.0
0.0
0.0
0.996078431372549
0.9921568627450981
0.9921568627450981
0.2549019607843137
0.0
0.0
0.0
0.05882352941176472
0.8588235294117648
0.9921568627450981
0.9921568627450981
0.9921568627450981
0.6392156862745098
0.007843137254901933
0.0
0.36078431372549025
0.9921568627450981
0.9921568627450981
0.9921568627450981
0.8235294117647058
0.0
0.0
0.0
0.0
0.0
0.0
0.0
0.0
1.0
0.9921568627450981
0.9921568627450981
0.6392156862745098
0.15294117647058825
0.0
0.007843137254901933
0.5176470588235293
0.9921568627450981
0.9921568627450981
0.9921568627450981
0.9058823529411765
0.07058823529411762
0.0
0.0
0.18823529411764706
0.9921568627450981
0.9921568627450981
0.9921568627450981
0.9921568627450981
0.0
0.0
0.0
0.0
0.0
0.0
0.0
0.0
0.48235294117647054
0.8745098039215686
0.9921568627450981
0.9921568627450981
0.9137254901960784
0.5686274509803921
0.5333333333333333
0.9921568627450981
0.9921568627450981
0.9921568627450981
0.9921568627450981
0.48235294117647054
0.0
0.0
0.0
0.18823529411764706
0.9921568627450981
0.9921568627450981
0.9921568627450981
0.9921568627450981
0.0
0.0
0.0
0.0
0.0
0.0
0.0
0.0
0.0
0.21568627450980393
0.9921568627450981
0.9921568627450981
0.9921568627450981
0.9921568627450981
0.9921568627450981
0.9921568627450981
0.9921568627450981
0.9921568627450981
0.3529411764705882
0.027450980392156876
0.0
0.0
0.0
0.18823529411764706
0.9921568627450981
0.9921568627450981
0.9921568627450981
0.9921568627450981
0.0
0.0
0.0
0.0
0.0
0.0
0.0
0.0
0.0
0.07843137254901966
0.5529411764705883
0.5529411764705883
0.7058823529411764
0.9921568627450981
0.9921568627450981
0.9529411764705882
0.5529411764705883
0.44705882352941173
0.02352941176470591
0.0
0.0
0.0
0.0
0.18823529411764706
0.9921568627450981
0.9921568627450981
0.9921568627450981
0.7764705882352941
0.0
0.0
0.0
0.0
0.0
0.0
0.0
0.0
0.0
0.0
0.0
0.0
0.007843137254901933
0.019607843137254943
0.23921568627450984
0.019607843137254943
0.0
0.0
0.0
0.0
0.0
0.0
0.0
0.18823529411764706
0.9921568627450981
0.9921568627450981
0.9921568627450981
0.9921568627450981
0.0
0.0
0.0
0.0
0.0
0.0
0.0
0.0
0.0
0.0
0.0
0.0
0.0
0.0
0.0
0.0
0.0
0.0
0.0
0.0
0.0
0.0
0.0
0.18823529411764706
0.9921568627450981
0.9921568627450981
0.9921568627450981
0.7215686274509804
0.0
0.0
0.0
0.0
0.0
0.0
0.0
0.0
0.0
0.0
0.0
0.0
0.0
0.0
0.0
0.0
0.0
0.0
0.0
0.0
0.0
0.0
0.0
0.18823529411764706
0.9921568627450981
0.9921568627450981
0.9921568627450981
0.7450980392156863
0.0
0.0
0.0
0.0
0.0
0.0
0.0
0.0
0.0
0.0
0.0
0.0
0.0
0.0
0.0
0.0
0.0
0.0
0.0
0.0
0.0
0.0
0.15294117647058825
0.607843137254902
0.9921568627450981
0.9921568627450981
0.9921568627450981
0.5294117647058824
0.0
0.0
0.0
0.0
0.0
0.0
0.0
0.0
0.0
0.0
0.0
0.0
0.0
0.0
0.0
0.0
0.0
0.0
0.0
0.0
0.0
0.0
0.580392156862745
0.9921568627450981
0.9921568627450981
0.9921568627450981
0.9921568627450981
0.3803921568627451
0.0
0.0
0.0
0.0
0.0
0.0
0.0
0.0
0.0
0.0
0.0
0.0
0.0
0.0
0.0
0.0
0.0
0.0
0.0
0.0
0.0
0.0
0.08235294117647063
0.13725490196078427
0.13725490196078427
0.13725490196078427
0.13725490196078427
0.0117647058823529
0.0
0.0
0.0
0.0
0.0
0.0
0.0
0.0
0.0
0.0
0.0
0.0
0.0
0.0
0.0
0.0
0.0
0.0
0.0
0.0
0.0
0.0
0.0
0.0
0.0
0.0
0.0
0.0
0.0
0.0
0.0
0.0
0.0
0.0
0.0
0.0
0.0
0.0
0.0
0.0
0.0
0.0
0.0
0.0
0.0
0.0
0.0
0.0
0.0
0.0
0.0
0.0
0.0
0.0
0.0
0.0
0.0
0.0
0.0
0.0
0.0
0.0
0.0
0.0
0.0
0.0
0.0
0.0
0.0
0.0
0.0
0.0
0.0
0.0
0.0
0.0
0.0
0.0
0.0
0.0
0.0
0.0
0.0
0.0
0.0
0.0
0.0
0.0
0.0
