0.0
0.0
0.0
0.0
0.0
0.0
0.0
0.0
0.0
0.0
0.0
0.0
0.0
0.0
0.0
0.0
0.0
0.0
0.0
0.0
0.0
0.0
0.0
0.0
0.0
0.0
0.0
0.0
0.0
0.0
0.0
0.0
0.0
0.0
0.0
0.0
0.0
0.0
0.0
0.0
0.0
0.0
0.0
0.0
0.0
0.0
0.0
0.0
0.0
0.0
0.0
0.0
0.0
0.0
0.0
0.0
0.0
0.0
0.0
0.0
0.0
0.0
0.0
0.0
0.0
0.0
0.0
0.0
0.0
0.0
0.0
0.0
0.0
0.0
0.0
0.0
0.0
0.0
0.0
0.0
0.0
0.0
0.0
0.0
0.0
0.0
0.0
0.0
0.0
0.0
0.0
0.0
0.0
0.0
0.0
0.0
0.0
0.0
0.0
0.0
0.0
0.0
0.0
0.0
0.0
0.0
0.0
0.0
0.0
0.0
0.0
0.0
0.0
0.0
0.0
0.0
0.0
0.0
0.0
0.0
0.0
0.0
0.0
0.0
0.0
0.0
0.0
0.0
0.0
0.0
0.0
0.0
0.0
0.0
0.0
0.0
0.0
0.0
0.0
0.0
0.0
0.0
0.0
0.0
0.0
0.0
0.0
0.0
0.0
0.0
0.0
0.0
0.0
0.0
0.0
0.0
0.0
0.0
0.0
0.02352941176470591
0.0
0.0
0.0
0.0
0.0
0.0
0.0
0.0
0.0
0.0
0.0
0.0
0.0
0.0
0.0
0.0
0.0
0.0
0.0
0.0
0.0
0.0
0.0
0.0
0.0
0.07058823529411762
0.2313725490196078
0.7686274509803921
0.388235294117647
0.0117647058823529
0.0
0.0
0.0
0.0
0.0
0.0
0.0
0.0
0.0
0.0
0.0
0.0
0.0
0.0
0.1098039215686275
0.5254901960784314
0.1568627450980392
0.0
0.0
0.0
0.0
0.0
0.1215686274509804
0.8823529411764706
0.9882352941176471
0.9882352941176471
0.9882352941176471
0.09019607843137256
0.0
0.0
0.0
0.0
0.0
0.0
0.0
0.0
0.0
0.0
0.0
0.0
0.039215686274509776
0.5294117647058824
0.9137254901960784
0.9882352941176471
0.8627450980392157
0.06274509803921569
0.0
0.0
0.0
0.0
0.5058823529411764
0.9882352941176471
0.9882352941176471
0.9882352941176471
0.9882352941176471
0.40784313725490196
0.0
0.0
0.0
0.0
0.0
0.0
0.0
0.0
0.0
0.0
0.0
0.21568627450980393
0.7607843137254902
0.9882352941176471
0.9882352941176471
0.9882352941176471
0.7843137254901961
0.07058823529411762
0.0
0.0
0.0
0.10588235294117643
0.8980392156862745
0.9882352941176471
0.9882352941176471
0.9882352941176471
0.9882352941176471
0.5607843137254902
0.0
0.0
0.0
0.0
0.0
0.0
0.0
0.0
0.0
0.0
0.027450980392156876
0.7215686274509804
0.9882352941176471
0.9882352941176471
0.9882352941176471
0.6
0.03529411764705881
0.0
0.0
0.0
0.0
0.5019607843137255
0.9882352941176471
0.9882352941176471
0.9882352941176471
0.9882352941176471
0.9882352941176471
0.8901960784313725
0.03529411764705881
0.0
0.0
0.0
0.0
0.0
0.0
0.0
0.0
0.0
0.48235294117647054
0.9882352941176471
0.9882352941176471
0.9098039215686274
0.29803921568627456
0.03529411764705881
0.0
0.0
0.0
0.0
0.23921568627450984
0.9176470588235295
0.9882352941176471
0.9882352941176471
0.8313725490196078
0.9882352941176471
0.9882352941176471
0.9882352941176471
0.04313725490196074
0.0
0.0
0.0
0.0
0.0
0.0
0.0
0.0
0.04313725490196074
0.9294117647058824
0.9882352941176471
0.9176470588235295
0.4666666666666667
0.0
0.0
0.0
0.0
0.0
0.019607843137254943
0.7294117647058824
0.9882352941176471
0.9882352941176471
0.8980392156862745
0.2941176470588235
0.9019607843137255
0.9882352941176471
0.9882352941176471
0.4509803921568627
0.0
0.0
0.0
0.0
0.0
0.0
0.0
0.0
0.2549019607843137
0.9882352941176471
0.9882352941176471
0.8
0.0
0.0
0.0
0.0
0.0
0.0
0.4784313725490196
0.9882352941176471
0.9882352941176471
0.9058823529411765
0.20392156862745103
0.16470588235294115
0.9098039215686274
0.9882352941176471
0.9882352941176471
0.5137254901960784
0.0
0.0
0.0
0.0
0.0
0.0
0.0
0.0
0.5176470588235293
0.9882352941176471
0.9882352941176471
0.5725490196078431
0.0
0.0
0.0
0.0
0.0
0.0
0.9725490196078431
0.9882352941176471
0.9882352941176471
0.34901960784313724
0.0
0.0
0.803921568627451
0.9882352941176471
0.9882352941176471
0.5137254901960784
0.0
0.0
0.0
0.0
0.0
0.0
0.0
0.0
0.7725490196078432
0.9921568627450981
0.9921568627450981
0.3294117647058824
0.0
0.0
0.0
0.0
0.02352941176470591
0.7254901960784313
1.0
0.9921568627450981
0.8941176470588235
0.1568627450980392
0.0
0.0
0.807843137254902
0.9921568627450981
0.9921568627450981
0.5411764705882354
0.0
0.0
0.0
0.0
0.0
0.0
0.0
0.0
0.9921568627450981
0.9882352941176471
0.9764705882352941
0.29803921568627456
0.0
0.0
0.0
0.039215686274509776
0.48235294117647054
0.9882352941176471
0.9921568627450981
0.9803921568627452
0.3411764705882353
0.0
0.0
0.0
0.7568627450980392
0.9882352941176471
0.9882352941176471
0.9882352941176471
0.0
0.0
0.0
0.0
0.0
0.0
0.0
0.0
0.9921568627450981
0.9882352941176471
0.8666666666666667
0.04705882352941182
0.0
0.0
0.050980392156862786
0.6901960784313725
0.9882352941176471
0.9882352941176471
0.9882352941176471
0.5372549019607843
0.0
0.0
0.0
0.0
0.33333333333333337
0.9882352941176471
0.9882352941176471
0.9882352941176471
0.0
0.0
0.0
0.0
0.0
0.0
0.0
0.0
0.9921568627450981
0.9882352941176471
0.9882352941176471
0.7686274509803921
0.6627450980392157
0.6627450980392157
0.7725490196078432
0.9882352941176471
0.9882352941176471
0.9882352941176471
0.5372549019607843
0.0
0.0
0.0
0.0
0.0
0.33333333333333337
0.9882352941176471
0.9882352941176471
0.9882352941176471
0.0
0.0
0.0
0.0
0.0
0.0
0.0
0.0
0.5294117647058824
0.8862745098039215
0.9882352941176471
0.9882352941176471
0.9882352941176471
0.9882352941176471
0.9882352941176471
0.9882352941176471
0.8862745098039215
0.5254901960784314
0.0
0.0
0.0
0.0
0.0
0.0
0.33333333333333337
0.9882352941176471
0.9882352941176471
0.9882352941176471
0.0
0.0
0.0
0.0
0.0
0.0
0.0
0.0
0.0
0.18039215686274512
0.7450980392156863
0.9882352941176471
0.9882352941176471
0.9882352941176471
0.9882352941176471
0.5607843137254902
0.1333333333333333
0.0
0.0
0.0
0.0
0.0
0.0
0.0
0.47058823529411764
0.9882352941176471
0.9882352941176471
0.9882352941176471
0.0
0.0
0.0
0.0
0.0
0.0
0.0
0.0
0.0
0.0
0.027450980392156876
0.18823529411764706
0.18823529411764706
0.18823529411764706
0.18823529411764706
0.027450980392156876
0.0
0.0
0.0
0.0
0.0
0.0
0.0
0.2549019607843137
0.8666666666666667
0.9882352941176471
0.9882352941176471
0.9882352941176471
0.0
0.0
0.0
0.0
0.0
0.0
0.0
0.0
0.0
0.0
0.0
0.0
0.0
0.0
0.0
0.0
0.0
0.0
0.0
0.0
0.0
0.0
0.0
0.2431372549019608
0.607843137254902
0.9372549019607843
0.9882352941176471
0.9882352941176471
0.0
0.0
0.0
0.0
0.0
0.0
0.0
0.0
0.0
0.0
0.0
0.0
0.0
0.0
0.0
0.0
0.0
0.0
0.0
0.0
0.0
0.0
0.0
0.0
0.0
0.26274509803921564
0.7450980392156863
0.7843137254901961
0.0
0.0
0.0
0.0
0.0
0.0
0.0
0.0
0.0
0.0
0.0
0.0
0.0
0.0
0.0
0.0
0.0
0.0
0.0
0.0
0.0
0.0
0.0
0.0
0.0
0.0
0.019607843137254943
0.02352941176470591
0.0
0.0
0.0
0.0
0.0
0.0
0.0
0.0
0.0
0.0
0.0
0.0
0.0
0.0
0.0
0.0
0.0
0.0
0.0
0.0
0.0
0.0
0.0
0.0
0.0
0.0
0.0
0.0
0.0
0.0
0.0
0.0
0.0
0.0
0.0
0.0
0.0
0.0
0.0
0.0
0.0
0.0
0.0
0.0
0.0
0.0
0.0
0.0
0.0
0.0
0.0
0.0
0.0
0.0
0.0
0.0
0.0
0.0
0.0
0.0
0.0
0.0
0.0
0.0
0.0
0.0
0.0
0.0
0.0
0.0
0.0
0.0
0.0
0.0
0.0
0.0
0.0
0.0
0.0
0.0
0.0
0.0
0.0
0.0
0.0
0.0
0.0
0.0
0.0
