0.0
0.0
0.0
0.0
0.0
0.0
0.0
0.0
0.0
0.0
0.0
0.0
0.0
0.0
0.0
0.0
0.0
0.0
0.0
0.0
0.0
0.0
0.0
0.0
0.0
0.0
0.0
0.0
0.0
0.0
0.0
0.0
0.0
0.0
0.0
0.0
0.0
0.0
0.0
0.0
0.0
0.0
0.0
0.0
0.0
0.0
0.0
0.0
0.0
0.0
0.0
0.0
0.0
0.0
0.0
0.0
0.0
0.0
0.0
0.0
0.0
0.0
0.0
0.0
0.0
0.0
0.0
0.0
0.0
0.0
0.0
0.0
0.0
0.0
0.0
0.0
0.0
0.0
0.0
0.0
0.0
0.0
0.0
0.0
0.0
0.0
0.0
0.0
0.0
0.0
0.0
0.0
0.0
0.0
0.0
0.0
0.0
0.0
0.0
0.0
0.0
0.0
0.0
0.0
0.0
0.0
0.0
0.0
0.0
0.0
0.0
0.0
0.0
0.0
0.0
0.0
0.0
0.0
0.0
0.0
0.0
0.0
0.0
0.0
0.0
0.0
0.0
0.0
0.0
0.0
0.0
0.0
0.0
0.0
0.0
0.0
0.0
0.0
0.0
0.0
0.0
0.0
0.0
0.0
0.0
0.0
0.0
0.0
0.0
0.0
0.0
0.0
0.0
0.0
0.0
0.0
0.0
0.0
0.0
0.0
0.0
0.0
0.0
0.0
0.0
0.0
0.0
0.0
0.0
0.0
0.0
0.0
0.0
0.0
0.0
0.0
0.0
0.0
0.0
0.0
0.0
0.0
0.0
0.0
0.0
0.0
0.0
0.0
0.3019607843137255
0.7568627450980392
0.580392156862745
0.17647058823529416
0.0
0.0
0.0
0.0
0.0
0.0
0.0
0.0
0.0
0.0
0.25098039215686274
0.29803921568627456
0.2588235294117647
0.0
0.0
0.0
0.0
0.0
0.0
0.0
0.0
0.0
0.0
0.43529411764705883
0.9607843137254902
0.9921568627450981
0.9921568627450981
0.611764705882353
0.0
0.0
0.0
0.0
0.0
0.0
0.0
0.0
0.0
0.2901960784313725
0.9568627450980393
0.9921568627450981
0.9607843137254902
0.3058823529411765
0.0
0.0
0.0
0.0
0.0
0.0
0.0
0.0
0.30980392156862746
0.9607843137254902
0.9921568627450981
0.9921568627450981
0.9921568627450981
0.9921568627450981
0.0
0.0
0.0
0.0
0.0
0.0
0.0
0.0
0.0
0.7450980392156863
0.9921568627450981
0.9647058823529412
0.49411764705882355
0.12941176470588234
0.0
0.0
0.0
0.0
0.0
0.0
0.0
0.33333333333333337
0.803921568627451
0.9921568627450981
0.9921568627450981
0.9921568627450981
0.9921568627450981
0.9921568627450981
0.0
0.0
0.0
0.0
0.0
0.0
0.0
0.0
0.0
0.9176470588235294
0.9921568627450981
0.7764705882352941
0.0
0.0
0.0
0.0
0.0
0.0
0.0
0.0
0.04705882352941182
0.788235294117647
0.9921568627450981
0.9921568627450981
0.9921568627450981
0.9921568627450981
0.9921568627450981
0.9921568627450981
0.0
0.0
0.0
0.0
0.0
0.0
0.0
0.0
0.0
0.9176470588235294
0.9921568627450981
0.7764705882352941
0.0
0.0
0.0
0.0
0.0
0.0
0.0
0.05882352941176472
0.7843137254901961
0.9921568627450981
0.9921568627450981
0.9921568627450981
0.9921568627450981
0.9921568627450981
0.9921568627450981
0.9921568627450981
0.0
0.0
0.0
0.0
0.0
0.0
0.0
0.0
0.19999999999999996
0.9490196078431372
0.9921568627450981
0.7764705882352941
0.0
0.0
0.0
0.0
0.0
0.0
0.08235294117647063
0.7843137254901961
0.9921568627450981
0.9921568627450981
0.8156862745098039
0.388235294117647
0.788235294117647
0.9921568627450981
0.9921568627450981
0.9921568627450981
0.0
0.0
0.0
0.0
0.0
0.0
0.0
0.0
0.4627450980392157
0.9921568627450981
0.9921568627450981
0.7764705882352941
0.0
0.0
0.0
0.0
0.0
0.0980392156862745
0.7647058823529411
0.9921568627450981
0.9921568627450981
0.9921568627450981
0.4
0.0
0.7803921568627451
0.9921568627450981
0.9921568627450981
0.9921568627450981
0.0
0.0
0.0
0.0
0.0
0.0
0.0
0.0
0.4627450980392157
0.9921568627450981
0.9921568627450981
0.6313725490196078
0.0
0.0
0.0
0.0
0.2901960784313725
0.8588235294117648
0.9921568627450981
0.9921568627450981
0.9921568627450981
0.596078431372549
0.0117647058823529
0.0
0.7803921568627451
0.9921568627450981
0.9921568627450981
0.5529411764705883
0.0
0.0
0.0
0.0
0.0
0.0
0.0
0.0
0.4627450980392157
0.9921568627450981
0.9921568627450981
0.3411764705882353
0.0
0.0
0.0
0.08235294117647063
0.7647058823529411
0.9921568627450981
0.9921568627450981
0.9725490196078431
0.4980392156862745
0.13725490196078427
0.0
0.0
0.7803921568627451
0.9921568627450981
0.9764705882352941
0.3686274509803922
0.0
0.0
0.0
0.0
0.0
0.0
0.0
0.0
0.5176470588235293
0.9921568627450981
0.9921568627450981
0.4274509803921569
0.0
0.0
0.05882352941176472
0.7843137254901961
0.9921568627450981
0.9921568627450981
0.9921568627450981
0.5333333333333333
0.0
0.0
0.0
0.03529411764705881
0.803921568627451
0.9921568627450981
0.9568627450980393
0.24705882352941178
0.0
0.0
0.0
0.0
0.0
0.0
0.0
0.0
0.996078431372549
0.9921568627450981
0.8235294117647058
0.10588235294117643
0.0
0.04705882352941182
0.7843137254901961
0.9921568627450981
0.9921568627450981
0.9921568627450981
0.8705882352941177
0.14901960784313728
0.0
0.0
0.0
0.3411764705882353
0.9921568627450981
0.9921568627450981
0.9098039215686274
0.0
0.0
0.0
0.0
0.0
0.0
0.0
0.0
0.0
0.996078431372549
0.9921568627450981
0.6941176470588235
0.0
0.06666666666666665
0.788235294117647
0.9921568627450981
0.9921568627450981
0.9921568627450981
0.8588235294117648
0.13725490196078427
0.0
0.0
0.0
0.0
0.8627450980392157
0.9921568627450981
0.9921568627450981
0.6470588235294117
0.0
0.0
0.0
0.0
0.0
0.0
0.0
0.0
0.0
0.996078431372549
0.9921568627450981
0.9764705882352941
0.6509803921568628
0.9490196078431372
0.9921568627450981
0.9921568627450981
0.9921568627450981
0.8509803921568627
0.13725490196078427
0.0
0.0
0.0
0.0
0.0
0.8627450980392157
0.9921568627450981
0.9254901960784314
0.22352941176470587
0.0
0.0
0.0
0.0
0.0
0.0
0.0
0.0
0.0
0.8235294117647058
0.9921568627450981
0.9921568627450981
0.9921568627450981
0.9921568627450981
0.9921568627450981
0.9921568627450981
0.6745098039215687
0.14117647058823535
0.0
0.0
0.0
0.0
0.0
0.0
0.8627450980392157
0.9137254901960784
0.5607843137254902
0.0
0.0
0.0
0.0
0.0
0.0
0.0
0.0
0.0
0.0
0.4627450980392157
0.9921568627450981
0.9921568627450981
0.9921568627450981
0.9921568627450981
0.9921568627450981
0.8666666666666667
0.019607843137254943
0.0
0.0
0.0
0.0
0.0
0.0
0.32156862745098036
0.8862745098039215
0.27450980392156865
0.0
0.0
0.0
0.0
0.0
0.0
0.0
0.0
0.0
0.0
0.0
0.13725490196078427
0.2941176470588235
0.792156862745098
0.9568627450980393
0.7568627450980392
0.2941176470588235
0.14509803921568631
0.0
0.0
0.0
0.0
0.0
0.0
0.0
0.18823529411764706
0.48235294117647054
0.11764705882352944
0.0
0.0
0.0
0.0
0.0
0.0
0.0
0.0
0.0
0.0
0.0
0.0
0.0
0.11372549019607847
0.2941176470588235
0.0
0.0
0.0
0.0
0.0
0.0
0.0
0.0
0.0
0.0
0.37254901960784315
0.3254901960784313
0.0
0.0
0.0
0.0
0.0
0.0
0.0
0.0
0.0
0.0
0.0
0.0
0.0
0.0
0.0
0.0
0.0
0.0
0.0
0.0
0.0
0.0
0.0
0.0
0.0
0.0
0.0
0.0
0.0
0.0
0.0
0.0
0.0
0.0
0.0
0.0
0.0
0.0
0.0
0.0
0.0
0.0
0.0
0.0
0.0
0.0
0.0
0.0
0.0
0.0
0.0
0.0
0.0
0.0
0.0
0.0
0.0
0.0
0.0
0.0
0.0
0.0
0.0
0.0
0.0
0.0
0.0
0.0
0.0
0.0
0.0
0.0
0.0
0.0
0.0
0.0
0.0
0.0
0.0
0.0
0.0
0.0
0.0
0.0
0.0
0.0
0.0
0.0
0.0
0.0
0.0
0.0
0.0
0.0
0.0
0.0
0.0
0.0
0.0
0.0
0.0
0.0
0.0
0.0
0.0
0.0
0.0
0.0
0.0
0.0
0.0
0.0
0.0
0.0
0.0
0.0
0.0
0.0
0.0
0.0
