0.0
0.0
0.0
0.0
0.0
0.0
0.0
0.0
0.0
0.0
0.0
0.0
0.0
0.0
0.0
0.0
0.0
0.0
0.0
0.0
0.0
0.0
0.0
0.0
0.0
0.0
0.0
0.0
0.0
0.0
0.0
0.0
0.0
0.0
0.0
0.0
0.0
0.0
0.0
0.0
0.0
0.0
0.0
0.0
0.0
0.0
0.0
0.0
0.0
0.0
0.0
0.0
0.0
0.0
0.0
0.0
0.0
0.0
0.0
0.0
0.0
0.0
0.0
0.0
0.0
0.0
0.0
0.0
0.0
0.0
0.0
0.0
0.0
0.0
0.0
0.0
0.0
0.0
0.0
0.0
0.0
0.0
0.0
0.0
0.0
0.0
0.0
0.0
0.0
0.0
0.0
0.0
0.0
0.0
0.0
0.0
0.0
0.0
0.0
0.0
0.0
0.0
0.0
0.0
0.0
0.0
0.0
0.0
0.0
0.0
0.0
0.0
0.0
0.0
0.0
0.0
0.0
0.0
0.0
0.0
0.0
0.0
0.0
0.0
0.0
0.0
0.0
0.0
0.0
0.0
0.0
0.0
0.0
0.0
0.0
0.0
0.0
0.0
0.0
0.0
0.0
0.0
0.0
0.0
0.0
0.0
0.0
0.0
0.0
0.0
0.0
0.0
0.0
0.0
0.0
0.0
0.0
0.0
0.0
0.0
0.0
0.0
0.0
0.0
0.0
0.0
0.0
0.0
0.0
0.0
0.0
0.0
0.0
0.0
0.0
0.0
0.0
0.0
0.0
0.0
0.0
0.0
0.0
0.0
0.0
0.0
0.0
0.0
0.0
0.0
0.0
0.0
0.0
0.0
0.0
0.0
0.0
0.0
0.0
0.0
0.0
0.0
0.0
0.0
0.0
0.0
0.0
0.0
0.0
0.0
0.0
0.0
0.0
0.0
0.0
0.0
0.0
0.0
0.0
0.0
0.0
0.0
0.0
0.0
0.0
0.0
0.0
0.0
0.0
0.0
0.0
0.0
0.0
0.0
0.0
0.0
0.0
0.0
0.0
0.0
0.13725490196078427
0.3176470588235294
0.7607843137254902
0.8392156862745098
0.4549019607843138
0.3176470588235294
0.11764705882352944
0.0
0.0
0.0
0.0
0.0
0.0
0.0
0.0
0.0
0.0
0.0
0.0
0.0
0.0
0.0
0.0
0.0
0.0
0.0
0.0
0.2666666666666667
0.8509803921568627
0.9921568627450981
0.9921568627450981
0.9921568627450981
0.9921568627450981
0.9921568627450981
0.807843137254902
0.11372549019607847
0.0
0.0
0.0
0.0
0.0
0.0
0.0
0.0
0.0
0.0
0.0
0.0
0.6235294117647059
0.7333333333333334
0.7333333333333334
0.7333333333333334
0.38431372549019605
0.0
0.3921568627450981
1.0
0.9921568627450981
0.9921568627450981
0.9921568627450981
0.8274509803921568
0.7803921568627451
0.9254901960784314
0.9921568627450981
0.8156862745098039
0.10196078431372546
0.0
0.0
0.0
0.0
0.0
0.0
0.0
0.0
0.0
0.0
0.5568627450980392
0.9215686274509804
0.9921568627450981
0.9921568627450981
0.9921568627450981
0.9607843137254902
0.6823529411764706
0.8470588235294118
1.0
0.9921568627450981
0.9921568627450981
0.6901960784313725
0.06666666666666665
0.0
0.6
0.9921568627450981
0.9921568627450981
0.5490196078431373
0.0
0.0
0.0
0.0
0.0
0.0
0.0
0.0
0.0
0.0
0.19215686274509802
0.8392156862745098
0.9647058823529412
0.8862745098039215
0.8862745098039215
0.9529411764705882
0.9921568627450981
0.9921568627450981
0.996078431372549
0.9490196078431372
0.6941176470588235
0.05882352941176472
0.0
0.0
0.16078431372549018
0.9921568627450981
0.9921568627450981
0.9921568627450981
0.0
0.0
0.0
0.0
0.0
0.0
0.0
0.0
0.0
0.30980392156862746
0.49411764705882355
0.9294117647058824
0.7019607843137254
0.0
0.09411764705882353
0.7803921568627451
0.7490196078431373
0.9921568627450981
0.996078431372549
0.5725490196078431
0.0
0.0
0.0
0.0
0.07450980392156858
0.8
0.9921568627450981
0.9921568627450981
0.0
0.0
0.0
0.0
0.0
0.0
0.0
0.0
0.25098039215686274
0.7725490196078432
0.6980392156862745
0.9921568627450981
0.207843137254902
0.11372549019607847
0.5137254901960784
0.41960784313725485
0.5764705882352941
0.9921568627450981
0.996078431372549
0.7960784313725491
0.33333333333333337
0.0
0.0
0.0
0.4392156862745098
0.9921568627450981
0.9921568627450981
0.9921568627450981
0.0
0.0
0.0
0.0
0.0
0.0
0.0
0.0
0.4784313725490196
0.996078431372549
0.996078431372549
0.996078431372549
0.207843137254902
0.11372549019607847
0.16470588235294115
0.6313725490196078
0.9725490196078431
0.25098039215686274
0.5254901960784314
0.9764705882352941
0.996078431372549
0.1568627450980392
0.0
0.0
0.6862745098039216
0.6431372549019607
0.30980392156862746
0.25098039215686274
0.0
0.0
0.0
0.0
0.0
0.0
0.0
0.0
0.4745098039215686
0.9921568627450981
0.9921568627450981
0.8588235294117648
0.1215686274509804
0.0
0.0
0.30980392156862746
0.04705882352941182
0.0
0.0
0.7215686274509804
0.9921568627450981
0.7843137254901961
0.42352941176470593
0.5294117647058824
0.8274509803921568
0.06274509803921569
0.6745098039215687
0.0
0.0
0.0
0.0
0.0
0.0
0.0
0.0
0.0
0.6666666666666667
0.9921568627450981
0.9921568627450981
0.9607843137254902
0.6549019607843137
0.0
0.0
0.0
0.0
0.0
0.0
0.04313725490196074
0.7098039215686274
0.9921568627450981
0.9921568627450981
0.9921568627450981
0.9764705882352941
0.8470588235294118
0.25098039215686274
0.0
0.0
0.0
0.0
0.0
0.0
0.0
0.0
0.0
0.5529411764705883
0.9921568627450981
0.9921568627450981
0.8941176470588235
0.22352941176470587
0.0
0.0
0.0
0.0
0.0
0.0
0.0
0.05882352941176472
0.32156862745098036
0.5372549019607843
0.2666666666666667
0.3176470588235294
0.15294117647058825
0.06666666666666665
0.0
0.0
0.0
0.0
0.0
0.0
0.0
0.0
0.0
0.0980392156862745
0.8156862745098039
0.9921568627450981
0.9294117647058824
0.16470588235294115
0.0
0.0
0.0
0.0
0.0
0.0
0.0
0.0
0.0
0.0
0.0
0.0
0.0
0.0
0.0
0.0
0.0
0.0
0.0
0.0
0.0
0.0
0.0
0.0
0.33333333333333337
0.9725490196078431
0.9921568627450981
0.37254901960784315
0.1686274509803921
0.0
0.0
0.0
0.0
0.0
0.0
0.0
0.0
0.0
0.0
0.0
0.0
0.0
0.0
0.0
0.0
0.0
0.0
0.0
0.0
0.0
0.0
0.0
0.0
0.2823529411764706
0.4784313725490196
0.8352941176470589
0.6588235294117647
0.0
0.0
0.0
0.0
0.0
0.0
0.0
0.0
0.0
0.0
0.0
0.0
0.0
0.0
0.0
0.0
0.0
0.0
0.0
0.0
0.0
0.0
0.0
0.0
0.0
0.0
0.0
0.0
0.0
0.0
0.0
0.0
0.0
0.0
0.0
0.0
0.0
0.0
0.0
0.0
0.0
0.0
0.0
0.0
0.0
0.0
0.0
0.0
0.0
0.0
0.0
0.0
0.0
0.0
0.0
0.0
0.0
0.0
0.0
0.0
0.0
0.0
0.0
0.0
0.0
0.0
0.0
0.0
0.0
0.0
0.0
0.0
0.0
0.0
0.0
0.0
0.0
0.0
0.0
0.0
0.0
0.0
0.0
0.0
0.0
0.0
0.0
0.0
0.0
0.0
0.0
0.0
0.0
0.0
0.0
0.0
0.0
0.0
0.0
0.0
0.0
0.0
0.0
0.0
0.0
0.0
0.0
0.0
0.0
0.0
0.0
0.0
0.0
0.0
0.0
0.0
0.0
0.0
0.0
0.0
0.0
0.0
0.0
0.0
0.0
0.0
0.0
0.0
0.0
0.0
0.0
0.0
0.0
0.0
0.0
0.0
0.0
0.0
0.0
0.0
0.0
0.0
0.0
0.0
0.0
0.0
0.0
0.0
0.0
0.0
0.0
0.0
0.0
0.0
0.0
0.0
0.0
0.0
0.0
0.0
0.0
0.0
0.0
0.0
0.0
0.0
0.0
0.0
0.0
0.0
0.0
0.0
0.0
0.0
0.0
0.0
0.0
0.0
0.0
0.0
0.0
0.0
0.0
0.0
0.0
