0.0
0.0
0.0
0.0
0.0
0.0
0.0
0.0
0.0
0.0
0.0
0.0
0.0
0.0
0.0
0.0
0.0
0.0
0.0
0.0
0.0
0.0
0.0
0.0
0.0
0.0
0.0
0.0
0.0
0.0
0.0
0.0
0.0
0.0
0.0
0.0
0.0
0.0
0.0
0.0
0.0
0.0
0.0
0.0
0.0
0.0
0.0
0.0
0.0
0.0
0.0
0.0
0.0
0.0
0.0
0.0
0.0
0.0
0.0
0.0
0.0
0.0
0.0
0.0
0.0
0.0
0.0
0.0
0.0
0.0
0.0
0.0
0.0
0.0
0.0
0.0
0.0
0.0
0.0
0.0
0.0
0.0
0.0
0.0
0.0
0.0
0.0
0.0
0.0
0.0
0.0
0.0
0.0
0.0
0.0
0.0
0.0
0.0
0.0
0.0
0.0
0.0
0.0
0.0
0.0
0.0
0.0
0.0
0.0
0.0
0.0
0.0
0.0
0.0
0.0
0.0
0.0
0.0
0.0
0.0
0.0
0.0
0.0
0.0
0.0
0.0
0.0
0.0
0.0
0.0
0.0
0.0
0.0
0.0
0.0
0.0
0.0
0.0
0.0
0.0
0.0
0.0
0.0
0.0
0.0
0.0
0.0
0.0
0.0
0.0
0.0
0.0
0.0
0.0
0.0
0.0
0.0
0.0
0.0117647058823529
0.015686274509803977
0.0
0.0
0.0
0.0
0.0
0.0
0.0
0.0
0.0
0.0
0.0
0.0
0.0
0.0
0.0
0.0
0.0
0.0
0.0
0.0
0.0
0.039215686274509776
0.050980392156862786
0.196078431372549
0.5372549019607843
0.5372549019607843
0.7058823529411764
0.8156862745098039
0.5372549019607843
0.0862745098039216
0.027450980392156876
0.0
0.0
0.0
0.0
0.0
0.0
0.0
0.0
0.0
0.0
0.0
0.0
0.0
0.0
0.0
0.0
0.0
0.16078431372549018
0.8823529411764706
0.996078431372549
0.996078431372549
0.996078431372549
0.996078431372549
0.996078431372549
0.996078431372549
0.996078431372549
0.996078431372549
0.5647058823529412
0.0039215686274509665
0.0
0.0
0.0
0.0
0.0
0.0
0.0
0.0
0.0
0.0
0.0
0.0
0.0
0.0
0.14901960784313728
0.584313725490196
0.8784313725490196
0.996078431372549
0.996078431372549
0.996078431372549
0.996078431372549
0.996078431372549
0.996078431372549
0.996078431372549
0.996078431372549
0.996078431372549
0.996078431372549
0.30980392156862746
0.0
0.0
0.0
0.0
0.0
0.0
0.0
0.0
0.0
0.0
0.0
0.015686274509803977
0.12549019607843137
0.43529411764705883
0.8666666666666667
0.996078431372549
0.996078431372549
0.9686274509803922
0.8745098039215686
0.8745098039215686
0.7176470588235294
0.388235294117647
0.388235294117647
0.5764705882352941
0.9254901960784314
0.996078431372549
0.996078431372549
0.5686274509803921
0.0
0.0
0.0
0.0
0.0
0.0
0.0
0.0
0.0
0.0
0.0
0.1725490196078432
0.996078431372549
0.996078431372549
0.996078431372549
0.996078431372549
0.9647058823529412
0.403921568627451
0.0
0.0
0.0
0.0
0.0
0.0
0.41960784313725485
0.996078431372549
0.996078431372549
1.0
0.0
0.0
0.0
0.0
0.0
0.0
0.0
0.0
0.0
0.0
0.3764705882352941
0.8588235294117648
0.996078431372549
0.996078431372549
0.9686274509803922
0.49411764705882355
0.2666666666666667
0.0
0.0
0.0
0.0
0.0
0.0
0.0
0.41960784313725485
0.996078431372549
0.996078431372549
1.0
0.0
0.0
0.0
0.0
0.0
0.0
0.0
0.0
0.007843137254901933
0.4627450980392157
0.8627450980392157
0.996078431372549
0.996078431372549
0.9686274509803922
0.4274509803921569
0.0
0.0
0.0
0.0
0.0
0.0
0.0
0.0
0.0
0.5098039215686274
0.996078431372549
0.996078431372549
1.0
0.0
0.0
0.0
0.0
0.0
0.0
0.0
0.0
0.1333333333333333
0.996078431372549
0.996078431372549
0.996078431372549
0.9725490196078431
0.4274509803921569
0.0
0.0
0.0
0.0
0.0
0.0
0.0
0.0
0.0
0.09019607843137256
0.9254901960784314
0.996078431372549
0.996078431372549
0.6509803921568628
0.0
0.0
0.0
0.0
0.0
0.0
0.0
0.0
0.5137254901960784
0.996078431372549
0.996078431372549
0.996078431372549
0.5137254901960784
0.0
0.0
0.0
0.0
0.0
0.0
0.0
0.0
0.0
0.0
0.5098039215686274
0.996078431372549
0.996078431372549
0.996078431372549
0.15294117647058825
0.0
0.0
0.0
0.0
0.0
0.0
0.0
0.0
0.5137254901960784
0.996078431372549
0.996078431372549
0.996078431372549
0.5176470588235293
0.0
0.0
0.0
0.0
0.0
0.0
0.0
0.0
0.0
0.10196078431372546
0.9137254901960784
0.996078431372549
0.996078431372549
0.5137254901960784
0.007843137254901933
0.0
0.0
0.0
0.0
0.0
0.0
0.0
0.0
0.5137254901960784
0.996078431372549
0.996078431372549
0.996078431372549
0.9098039215686274
0.2941176470588235
0.10196078431372546
0.0
0.0
0.0
0.0
0.0
0.0
0.10196078431372546
0.792156862745098
0.996078431372549
0.996078431372549
0.996078431372549
0.04705882352941182
0.0
0.0
0.0
0.0
0.0
0.0
0.0
0.0
0.0
0.7529411764705882
0.996078431372549
0.996078431372549
0.5215686274509803
0.19215686274509802
0.19215686274509802
0.06666666666666665
0.0
0.0
0.0
0.0
0.0
0.10196078431372546
0.792156862745098
0.996078431372549
0.996078431372549
0.996078431372549
0.24705882352941178
0.0117647058823529
0.0
0.0
0.0
0.0
0.0
0.0
0.0
0.0
0.0
0.5137254901960784
0.996078431372549
0.996078431372549
0.611764705882353
0.1333333333333333
0.0
0.0
0.0
0.0
0.0
0.0
0.10196078431372546
0.792156862745098
0.996078431372549
0.996078431372549
0.996078431372549
0.4862745098039216
0.0117647058823529
0.0
0.0
0.0
0.0
0.0
0.0
0.0
0.0
0.0
0.0
0.33725490196078434
0.996078431372549
0.996078431372549
0.996078431372549
0.5647058823529412
0.0
0.0
0.0
0.0
0.0
0.10196078431372546
0.792156862745098
0.996078431372549
0.996078431372549
0.996078431372549
0.6627450980392157
0.015686274509803977
0.0
0.0
0.0
0.0
0.0
0.0
0.0
0.0
0.0
0.0
0.0
0.015686274509803977
0.8156862745098039
0.996078431372549
0.996078431372549
0.9843137254901961
0.807843137254902
0.3921568627450981
0.3921568627450981
0.3921568627450981
0.5098039215686274
0.9137254901960784
0.996078431372549
0.996078431372549
0.996078431372549
0.4862745098039216
0.07450980392156858
0.0
0.0
0.0
0.0
0.0
0.0
0.0
0.0
0.0
0.0
0.0
0.0
0.0
0.33725490196078434
0.996078431372549
0.996078431372549
0.996078431372549
0.996078431372549
0.996078431372549
0.996078431372549
0.996078431372549
0.996078431372549
0.996078431372549
0.996078431372549
0.996078431372549
0.6509803921568628
0.0862745098039216
0.0
0.0
0.0
0.0
0.0
0.0
0.0
0.0
0.0
0.0
0.0
0.0
0.0
0.0
0.0039215686274509665
0.34509803921568627
0.8156862745098039
0.996078431372549
0.996078431372549
0.996078431372549
0.996078431372549
0.996078431372549
0.996078431372549
0.996078431372549
0.8666666666666667
0.403921568627451
0.0117647058823529
0.0
0.0
0.0
0.0
0.0
0.0
0.0
0.0
0.0
0.0
0.0
0.0
0.0
0.0
0.0
0.0
0.0
0.027450980392156876
0.04705882352941182
0.35686274509803917
0.8392156862745098
0.996078431372549
0.996078431372549
0.8823529411764706
0.403921568627451
0.03137254901960784
0.0
0.0
0.0
0.0
0.0
0.0
0.0
0.0
0.0
0.0
0.0
0.0
0.0
0.0
0.0
0.0
0.0
0.0
0.0
0.0
0.0
0.0
0.015686274509803977
0.02352941176470591
0.02352941176470591
0.015686274509803977
0.0
0.0
0.0
0.0
0.0
0.0
0.0
0.0
0.0
0.0
0.0
0.0
0.0
0.0
0.0
0.0
0.0
0.0
0.0
0.0
0.0
0.0
0.0
0.0
0.0
0.0
0.0
0.0
0.0
0.0
0.0
0.0
0.0
0.0
0.0
0.0
0.0
0.0
0.0
0.0
0.0
0.0
0.0
0.0
0.0
0.0
0.0
0.0
0.0
0.0
0.0
0.0
0.0
0.0
0.0
0.0
0.0
0.0
0.0
0.0
0.0
0.0
0.0
0.0
0.0
0.0
0.0
0.0
0.0
0.0
0.0
0.0
0.0
0.0
0.0
0.0
0.0
0.0
0.0
0.0
0.0
0.0
0.0
0.0
0.0
0.0
0.0
0.0
0.0
0.0
0.0
0.0
0.0
0.0
0.0
0.0
0.0
0.0
