0.0
0.0
0.0
0.0
0.0
0.0
0.0
0.0
0.0
0.0
0.0
0.0
0.0
0.0
0.0
0.0
0.0
0.0
0.0
0.0
0.0
0.0
0.0
0.0
0.0
0.0
0.0
0.0
0.0
0.0
0.0
0.0
0.0
0.0
0.0
0.0
0.0
0.0
0.0
0.0
0.0
0.0
0.0
0.0
0.0
0.0
0.0
0.0
0.0
0.0
0.0
0.0
0.0
0.0
0.0
0.0
0.0
0.0
0.0
0.0
0.0
0.0
0.0
0.0
0.0
0.0
0.0
0.0
0.0
0.0
0.0
0.0
0.0
0.0
0.0
0.0
0.0
0.0
0.0
0.0
0.0
0.0
0.0
0.0
0.0
0.0
0.0
0.0
0.0
0.0
0.0
0.0
0.0
0.0
0.0
0.0
0.0
0.0
0.0
0.0
0.0
0.0
0.0
0.0
0.0
0.0
0.0
0.0
0.0
0.0
0.0
0.0
0.0
0.0
0.0
0.0
0.0
0.0
0.0
0.0
0.0
0.0
0.0
0.0
0.0
0.0
0.0
0.0
0.0
0.0
0.0
0.0
0.0
0.0
0.0
0.0
0.0
0.0
0.0
0.0
0.0
0.0
0.0
0.0
0.0
0.0
0.0
0.0
0.0
0.0
0.0
0.0
0.0
0.0
0.0
0.0
0.0
0.0
0.0
0.0
0.0
0.0
0.0
0.0
0.0
0.0
0.0
0.0
0.0
0.0
0.0
0.0
0.0
0.0
0.0
0.0
0.0
0.0
0.0
0.0
0.0
0.0
0.0
0.0
0.0
0.0
0.0
0.0
0.0
0.0
0.0
0.0
0.0
0.0
0.0
0.0
0.0
0.0
0.0
0.0
0.0
0.0
0.0
0.0
0.0
0.0
0.0
0.0
0.0
0.0
0.0
0.0
0.0
0.0
0.0
0.0
0.0
0.0
0.0
0.0
0.0
0.0
0.0
0.0
0.0
0.0
0.0
0.0
0.0
0.0
0.0
0.0
0.0
0.2705882352941177
0.2901960784313725
0.2901960784313725
0.03529411764705881
0.0
0.0
0.0
0.0
0.0
0.0
0.0
0.0
0.0
0.0
0.0
0.0
0.0
0.0
0.0
0.0
0.0
0.0
0.0
0.0
0.0
0.0
0.1725490196078432
0.6823529411764706
0.9921568627450981
0.996078431372549
0.996078431372549
0.8823529411764706
0.2666666666666667
0.0
0.0
0.0
0.0
0.0
0.0
0.11372549019607847
0.27450980392156865
0.27450980392156865
0.17647058823529416
0.0
0.0
0.0
0.0
0.0
0.0
0.0
0.0
0.0
0.0
0.16470588235294115
0.8352941176470589
0.996078431372549
0.996078431372549
0.996078431372549
0.996078431372549
0.996078431372549
0.9843137254901961
0.4745098039215686
0.04313725490196074
0.03529411764705881
0.5215686274509803
0.592156862745098
0.6196078431372549
0.9568627450980393
0.996078431372549
0.996078431372549
0.9647058823529412
0.2784313725490196
0.0
0.0
0.0
0.0
0.0
0.0
0.0
0.0
0.07843137254901966
0.8431372549019608
0.996078431372549
0.9294117647058824
0.4745098039215686
0.08235294117647063
0.4627450980392157
0.803921568627451
0.996078431372549
0.996078431372549
0.48235294117647054
0.5686274509803921
0.996078431372549
0.996078431372549
0.996078431372549
0.996078431372549
0.9843137254901961
0.9254901960784314
0.996078431372549
0.8509803921568627
0.0
0.0
0.0
0.0
0.0
0.0
0.0
0.0
0.5098039215686274
0.996078431372549
0.996078431372549
0.4627450980392157
0.0
0.0
0.0
0.02352941176470591
0.611764705882353
0.996078431372549
0.996078431372549
0.996078431372549
0.996078431372549
0.9725490196078431
0.7450980392156863
0.3019607843137255
0.09411764705882353
0.2196078431372549
0.996078431372549
0.9215686274509804
0.0
0.0
0.0
0.0
0.0
0.0
0.0
0.0
0.8431372549019608
0.996078431372549
0.6705882352941177
0.007843137254901933
0.0
0.0
0.0
0.11372549019607847
0.6941176470588235
0.996078431372549
0.996078431372549
0.996078431372549
0.9686274509803922
0.596078431372549
0.0
0.0
0.0
0.33725490196078434
0.996078431372549
0.6549019607843137
0.0
0.0
0.0
0.0
0.0
0.0
0.0
0.0
1.0
0.996078431372549
0.37254901960784315
0.0
0.0
0.0
0.2431372549019608
0.8941176470588236
0.996078431372549
0.9647058823529412
0.9647058823529412
0.996078431372549
0.9803921568627451
0.2549019607843137
0.0
0.0
0.0
0.5490196078431373
0.996078431372549
0.3647058823529412
0.0
0.0
0.0
0.0
0.0
0.0
0.0
0.0
0.9411764705882353
0.996078431372549
0.4274509803921569
0.04705882352941182
0.1725490196078432
0.5607843137254902
0.9803921568627451
0.996078431372549
0.7843137254901961
0.2901960784313725
0.37254901960784315
0.996078431372549
0.996078431372549
0.8431372549019608
0.0
0.0
0.10196078431372546
0.9529411764705882
0.9921568627450981
0.2666666666666667
0.0
0.0
0.0
0.0
0.0
0.0
0.0
0.0
0.607843137254902
0.996078431372549
0.8470588235294118
0.4
0.996078431372549
0.996078431372549
0.9607843137254902
0.7725490196078432
0.07058823529411762
0.0
0.027450980392156876
0.792156862745098
0.996078431372549
0.9411764705882353
0.23529411764705888
0.15294117647058825
0.596078431372549
0.996078431372549
0.8117647058823529
0.0
0.0
0.0
0.0
0.0
0.0
0.0
0.0
0.0
0.1725490196078432
0.9411764705882353
0.996078431372549
0.996078431372549
0.996078431372549
0.996078431372549
0.5686274509803921
0.0
0.0
0.0
0.0
0.29803921568627456
0.9686274509803922
0.996078431372549
0.996078431372549
0.996078431372549
0.996078431372549
0.9882352941176471
0.3254901960784313
0.0
0.0
0.0
0.0
0.0
0.0
0.0
0.0
0.0
0.0
0.4901960784313726
0.996078431372549
0.996078431372549
0.5647058823529412
0.45882352941176474
0.02352941176470591
0.0
0.0
0.0
0.0
0.0
0.4745098039215686
0.8745098039215686
0.9254901960784314
0.996078431372549
0.9098039215686274
0.5019607843137255
0.0
0.0
0.0
0.0
0.0
0.0
0.0
0.0
0.0
0.0
0.0
0.06666666666666665
0.9372549019607843
0.996078431372549
0.3647058823529412
0.0
0.0
0.0
0.0
0.0
0.0
0.0
0.0
0.0
0.1215686274509804
0.5294117647058824
0.05882352941176472
0.0
0.0
0.0
0.0
0.0
0.0
0.0
0.0
0.0
0.0
0.0
0.0
0.0
0.596078431372549
0.996078431372549
0.7411764705882353
0.0
0.0
0.0
0.0
0.0
0.0
0.0
0.0
0.0
0.0
0.0
0.0
0.0
0.0
0.0
0.0
0.0
0.0
0.0
0.0
0.0
0.0
0.0
0.0
0.0
0.1725490196078432
0.9529411764705882
0.9294117647058824
0.06274509803921569
0.0
0.0
0.0
0.0
0.0
0.0
0.0
0.0
0.0
0.0
0.0
0.0
0.0
0.0
0.0
0.0
0.0
0.0
0.0
0.0
0.0
0.0
0.0
0.0
0.0
0.592156862745098
0.9803921568627451
0.07843137254901966
0.0
0.0
0.0
0.0
0.0
0.0
0.0
0.0
0.0
0.0
0.0
0.0
0.0
0.0
0.0
0.0
0.0
0.0
0.0
0.0
0.0
0.0
0.0
0.0
0.0
0.07843137254901966
0.21568627450980393
0.0
0.0
0.0
0.0
0.0
0.0
0.0
0.0
0.0
0.0
0.0
0.0
0.0
0.0
0.0
0.0
0.0
0.0
0.0
0.0
0.0
0.0
0.0
0.0
0.0
0.0
0.0
0.0
0.0
0.0
0.0
0.0
0.0
0.0
0.0
0.0
0.0
0.0
0.0
0.0
0.0
0.0
0.0
0.0
0.0
0.0
0.0
0.0
0.0
0.0
0.0
0.0
0.0
0.0
0.0
0.0
0.0
0.0
0.0
0.0
0.0
0.0
0.0
0.0
0.0
0.0
0.0
0.0
0.0
0.0
0.0
0.0
0.0
0.0
0.0
0.0
0.0
0.0
0.0
0.0
0.0
0.0
0.0
0.0
0.0
0.0
0.0
0.0
0.0
0.0
0.0
0.0
0.0
0.0
0.0
0.0
0.0
0.0
0.0
0.0
0.0
0.0
0.0
0.0
0.0
0.0
0.0
0.0
0.0
0.0
0.0
0.0
0.0
0.0
0.0
0.0
0.0
0.0
0.0
0.0
0.0
0.0
0.0
0.0
0.0
0.0
0.0
0.0
0.0
0.0
