0.0
0.0
0.0
0.0
0.0
0.0
0.0
0.0
0.0
0.0
0.0
0.0
0.0
0.0
0.0
0.0
0.0
0.0
0.0
0.0
0.0
0.0
0.0
0.0
0.0
0.0
0.0
0.0
0.0
0.0
0.0
0.0
0.0
0.0
0.0
0.0
0.0
0.0
0.0
0.0
0.0
0.0
0.0
0.0
0.0
0.0
0.0
0.0
0.0
0.0
0.0
0.0
0.0
0.0
0.0
0.0
0.0
0.0
0.0
0.0
0.0
0.0
0.0
0.0
0.0
0.0
0.0
0.0
0.0
0.0
0.0
0.0
0.0
0.0
0.0
0.0
0.0
0.0
0.0
0.0
0.0
0.0
0.0
0.0
0.0
0.0
0.0
0.0
0.0
0.0
0.0
0.0
0.0
0.0
0.0
0.0
0.0
0.0
0.0
0.0
0.0
0.0
0.0
0.0
0.0
0.0
0.0
0.0
0.0
0.0
0.0
0.0
0.0
0.0
0.0
0.0
0.0
0.0
0.0
0.0
0.0
0.0
0.0
0.0
0.0
0.0
0.0
0.0
0.0
0.0
0.0
0.0
0.0
0.0
0.0
0.0
0.0
0.0
0.0
0.0
0.0
0.0
0.0
0.0
0.0
0.0
0.0
0.0
0.0
0.0
0.0
0.0
0.0
0.0
0.0
0.0
0.0
0.05882352941176472
0.43529411764705883
0.43529411764705883
0.43529411764705883
0.43529411764705883
0.26274509803921564
0.0
0.0
0.0
0.0
0.0
0.0
0.0
0.0
0.0
0.0
0.0
0.0
0.0
0.0
0.0
0.0
0.0
0.0
0.0
0.0
0.015686274509803977
0.3647058823529412
0.8196078431372549
0.996078431372549
0.996078431372549
0.996078431372549
0.996078431372549
0.8588235294117648
0.0
0.0
0.0
0.0
0.0
0.0
0.0
0.0
0.0
0.0
0.0
0.0
0.0
0.0
0.0
0.0
0.0
0.0
0.0
0.0
0.09019607843137256
0.996078431372549
0.996078431372549
0.996078431372549
0.9372549019607843
0.996078431372549
0.996078431372549
0.996078431372549
0.0
0.0
0.0
0.0
0.0
0.0
0.0
0.0
0.0
0.0
0.0
0.0
0.0
0.0
0.0
0.0
0.0
0.0
0.0
0.0
0.5686274509803921
0.996078431372549
0.996078431372549
0.6666666666666667
0.2784313725490196
0.996078431372549
0.996078431372549
0.8823529411764706
0.0
0.0
0.0
0.0
0.0
0.0
0.0
0.0
0.0
0.0
0.0
0.0
0.0
0.0
0.0
0.0
0.0
0.0
0.0
0.0
0.8431372549019608
0.996078431372549
0.9215686274509804
0.10196078431372546
0.8941176470588235
0.996078431372549
0.996078431372549
0.25098039215686274
0.0
0.0
0.0
0.0
0.0
0.0
0.0
0.0
0.0
0.0
0.0
0.0
0.0
0.6588235294117647
0.7254901960784313
0.611764705882353
0.0
0.0
0.0
0.0
0.7137254901960784
0.996078431372549
0.996078431372549
0.8901960784313725
0.996078431372549
0.996078431372549
0.7372549019607844
0.05882352941176472
0.0
0.0
0.0
0.0
0.0
0.0
0.0
0.0
0.0
0.0
0.0
0.10588235294117643
0.8196078431372549
0.9921568627450981
0.996078431372549
0.9882352941176471
0.2196078431372549
0.0
0.0
0.0
0.23921568627450984
0.996078431372549
0.996078431372549
0.996078431372549
0.996078431372549
0.9411764705882353
0.207843137254902
0.0
0.0
0.0
0.0
0.0
0.0
0.0
0.0
0.0
0.0
0.015686274509803977
0.3764705882352941
0.8235294117647058
0.996078431372549
0.996078431372549
0.996078431372549
0.792156862745098
0.14901960784313728
0.0
0.0
0.0
0.015686274509803977
0.7450980392156863
0.996078431372549
0.996078431372549
0.996078431372549
0.7764705882352941
0.16078431372549018
0.0
0.0
0.0
0.0
0.0
0.0
0.0
0.0
0.0
0.12941176470588234
0.7607843137254902
0.996078431372549
0.996078431372549
0.996078431372549
0.9764705882352941
0.8
0.050980392156862786
0.0
0.0
0.0
0.0
0.11372549019607847
0.8627450980392157
0.996078431372549
0.996078431372549
0.996078431372549
0.996078431372549
0.6941176470588235
0.04313725490196074
0.0
0.0
0.0
0.0
0.0
0.0
0.0
0.0
0.2196078431372549
0.996078431372549
0.996078431372549
0.996078431372549
0.996078431372549
0.7098039215686274
0.0
0.0
0.0
0.0
0.0039215686274509665
0.11372549019607847
0.8313725490196078
0.996078431372549
0.996078431372549
0.9764705882352941
0.9882352941176471
0.996078431372549
0.996078431372549
0.3764705882352941
0.0
0.0
0.0
0.0
0.0
0.0
0.0
0.0
0.08235294117647063
0.8901960784313725
0.996078431372549
0.996078431372549
0.8117647058823529
0.03529411764705881
0.0
0.0
0.0
0.0
0.207843137254902
0.996078431372549
0.996078431372549
0.996078431372549
0.807843137254902
0.0
0.4392156862745098
0.996078431372549
0.996078431372549
0.603921568627451
0.0
0.0
0.0
0.0
0.0
0.0
0.0
0.0
0.015686274509803977
0.8352941176470589
0.996078431372549
0.9607843137254902
0.2313725490196078
0.0
0.0
0.0
0.0
0.5215686274509803
0.9686274509803922
0.996078431372549
0.996078431372549
0.8509803921568627
0.12549019607843137
0.0
0.14117647058823535
0.996078431372549
0.996078431372549
0.9372549019607843
0.0
0.0
0.0
0.0
0.0
0.0
0.0
0.0
0.2196078431372549
0.996078431372549
0.996078431372549
0.6549019607843137
0.0
0.0
0.0
0.21568627450980393
0.6666666666666667
0.9921568627450981
0.996078431372549
0.996078431372549
0.5882352941176471
0.1098039215686275
0.0
0.0
0.04705882352941182
0.8274509803921568
0.996078431372549
0.996078431372549
0.0
0.0
0.0
0.0
0.0
0.0
0.0
0.0
0.7568627450980392
0.996078431372549
0.996078431372549
0.7568627450980392
0.49411764705882355
0.49411764705882355
0.49411764705882355
0.9254901960784314
0.996078431372549
0.996078431372549
0.996078431372549
0.6509803921568628
0.07843137254901966
0.0
0.0
0.0
0.0
0.7450980392156863
1.0
0.996078431372549
0.0
0.0
0.0
0.0
0.0
0.0
0.0
0.0
0.8784313725490196
0.996078431372549
0.996078431372549
0.996078431372549
0.996078431372549
0.996078431372549
0.996078431372549
0.996078431372549
0.996078431372549
0.9372549019607843
0.5137254901960784
0.0
0.0
0.0
0.0
0.0
0.0
0.7450980392156863
0.996078431372549
0.7176470588235294
0.0
0.0
0.0
0.0
0.0
0.0
0.0
0.0
0.1333333333333333
0.7960784313725491
0.996078431372549
0.996078431372549
0.996078431372549
0.996078431372549
0.996078431372549
0.9215686274509804
0.7137254901960784
0.22352941176470587
0.0
0.0
0.0
0.0
0.0
0.0
0.0
0.4901960784313726
0.792156862745098
0.12941176470588234
0.0
0.0
0.0
0.0
0.0
0.0
0.0
0.0
0.0
0.0117647058823529
0.3529411764705882
0.7843137254901961
0.8862745098039215
0.8156862745098039
0.6431372549019607
0.13725490196078427
0.0
0.0
0.0
0.0
0.0
0.0
0.0
0.0
0.0
0.0
0.0
0.0
0.0
0.0
0.0
0.0
0.0
0.0
0.0
0.0
0.0
0.0
0.0
0.015686274509803977
0.027450980392156876
0.019607843137254943
0.0
0.0
0.0
0.0
0.0
0.0
0.0
0.0
0.0
0.0
0.0
0.0
0.0
0.0
0.0
0.0
0.0
0.0
0.0
0.0
0.0
0.0
0.0
0.0
0.0
0.0
0.0
0.0
0.0
0.0
0.0
0.0
0.0
0.0
0.0
0.0
0.0
0.0
0.0
0.0
0.0
0.0
0.0
0.0
0.0
0.0
0.0
0.0
0.0
0.0
0.0
0.0
0.0
0.0
0.0
0.0
0.0
0.0
0.0
0.0
0.0
0.0
0.0
0.0
0.0
0.0
0.0
0.0
0.0
0.0
0.0
0.0
0.0
0.0
0.0
0.0
0.0
0.0
0.0
0.0
0.0
0.0
0.0
0.0
0.0
0.0
0.0
0.0
0.0
0.0
0.0
0.0
0.0
0.0
0.0
0.0
0.0
0.0
0.0
0.0
0.0
0.0
0.0
0.0
0.0
0.0
0.0
0.0
0.0
0.0
0.0
0.0
0.0
0.0
0.0
0.0
0.0
0.0
0.0
0.0
0.0
0.0
0.0
0.0
0.0
0.0
0.0
0.0
0.0
0.0
0.0
0.0
0.0
0.0
0.0
0.0
0.0
0.0
0.0
0.0
0.0
0.0
0.0
0.0
0.0
0.0
0.0
0.0
0.0
0.0
0.0
0.0
0.0
0.0
0.0
0.0
0.0
0.0
0.0
