0.0
0.0
0.0
0.0
0.0
0.0
0.0
0.0
0.0
0.0
0.0
0.0
0.0
0.0
0.0
0.0
0.0
0.0
0.0
0.0
0.0
0.0
0.0
0.0
0.0
0.0
0.0
0.0
0.0
0.0
0.0
0.0
0.0
0.0
0.0
0.0
0.0
0.0
0.0
0.0
0.0
0.0
0.0
0.0
0.0
0.0
0.0
0.0
0.0
0.0
0.0
0.0
0.0
0.0
0.0
0.0
0.0
0.0
0.0
0.0
0.0
0.0
0.0
0.0
0.0
0.0
0.0
0.0
0.0
0.0
0.0
0.0
0.0
0.0
0.0
0.0
0.0
0.0
0.0
0.0
0.0
0.0
0.0
0.0
0.0
0.0
0.0
0.0
0.0
0.0
0.0
0.0
0.0
0.0
0.0
0.0
0.0
0.0
0.0
0.0
0.0
0.0
0.0
0.0
0.0
0.0
0.0
0.0
0.0
0.0
0.0
0.0
0.0
0.0
0.0
0.0
0.0
0.0
0.0
0.0
0.0
0.0
0.0
0.0
0.0
0.0
0.0
0.0
0.0
0.0
0.0
0.0
0.0
0.0
0.0
0.0
0.0
0.0
0.0
0.0
0.0
0.0
0.0
0.0
0.0
0.0
0.0
0.0
0.0
0.0
0.0
0.0
0.0
0.0
0.0
0.0
0.0
0.0
0.0
0.0
0.0
0.0
0.0
0.0
0.0
0.0
0.0
0.0
0.0
0.0
0.0
0.0
0.0
0.0
0.0
0.0
0.0
0.0
0.0
0.0
0.0
0.0
0.0
0.0
0.0
0.0
0.0
0.0
0.0
0.0
0.0
0.0
0.0
0.0
0.0
0.0
0.0
0.0
0.0
0.0
0.0
0.0
0.6627450980392157
0.9725490196078431
0.33333333333333337
0.0
0.0
0.0
0.0
0.0
0.0
0.0
0.0
0.0
0.0
0.0
0.0
0.0
0.0
0.0
0.0
0.0
0.0
0.0
0.0
0.0
0.0
0.0
0.0
0.20392156862745103
0.9686274509803922
0.9921568627450981
0.7764705882352941
0.05490196078431375
0.0
0.0
0.0
0.0
0.0
0.0
0.0
0.2941176470588235
0.6980392156862745
0.7529411764705882
0.9058823529411765
0.19215686274509802
0.0
0.0
0.0
0.0
0.0
0.0
0.0
0.0
0.0
0.0
0.20392156862745103
0.9450980392156862
0.9921568627450981
0.9921568627450981
0.8352941176470589
0.07450980392156858
0.0
0.0
0.0
0.0
0.0
0.0
0.0
0.6627450980392157
0.9921568627450981
0.9921568627450981
0.9921568627450981
0.43137254901960786
0.0
0.0
0.0
0.0
0.0
0.0
0.0
0.0
0.0
0.0
0.6823529411764706
0.9921568627450981
0.9921568627450981
0.8352941176470589
0.3764705882352941
0.0
0.0
0.0
0.0
0.0
0.0
0.38431372549019605
0.6313725490196078
0.9607843137254902
0.9921568627450981
0.9921568627450981
0.9921568627450981
0.8901960784313725
0.0
0.0
0.0
0.0
0.0
0.0
0.0
0.0
0.0
0.0
0.996078431372549
0.9921568627450981
0.9921568627450981
0.4
0.0
0.0
0.0
0.0
0.0
0.0
0.20392156862745103
0.9568627450980391
0.9921568627450981
0.9921568627450981
0.9921568627450981
0.9921568627450981
0.9921568627450981
0.9411764705882353
0.0
0.0
0.0
0.0
0.0
0.0
0.0
0.0
0.0
0.0
1.0
0.9921568627450981
0.9921568627450981
0.07450980392156858
0.0
0.0
0.0
0.0
0.4117647058823529
0.8431372549019608
0.8784313725490196
0.9921568627450981
0.9921568627450981
0.9921568627450981
0.8196078431372549
0.9921568627450981
0.9921568627450981
0.9411764705882353
0.0
0.0
0.0
0.0
0.0
0.0
0.0
0.0
0.0
0.0
1.0
0.9921568627450981
0.9921568627450981
0.8313725490196078
0.08235294117647063
0.7176470588235294
0.6470588235294117
0.4666666666666667
0.9568627450980391
0.9921568627450981
0.9921568627450981
0.9921568627450981
0.9921568627450981
0.44705882352941173
0.15294117647058825
0.8745098039215686
0.9921568627450981
0.9568627450980391
0.14117647058823535
0.0
0.0
0.0
0.0
0.0
0.0
0.0
0.0
0.0
0.996078431372549
0.9921568627450981
0.9921568627450981
0.9921568627450981
0.8117647058823529
0.9686274509803922
0.9921568627450981
0.9921568627450981
0.9921568627450981
0.9921568627450981
0.9921568627450981
0.788235294117647
0.6196078431372549
0.06666666666666665
0.0
0.611764705882353
0.9921568627450981
0.9529411764705882
0.09411764705882353
0.0
0.0
0.0
0.0
0.0
0.0
0.0
0.0
0.0
0.4784313725490196
0.9882352941176471
0.9921568627450981
0.9921568627450981
0.9921568627450981
0.9921568627450981
0.9921568627450981
0.9921568627450981
0.9921568627450981
0.9921568627450981
0.8156862745098039
0.06666666666666665
0.0
0.0
0.0
0.611764705882353
0.9921568627450981
0.9803921568627452
0.3529411764705882
0.0
0.0
0.0
0.0
0.0
0.0
0.0
0.0
0.0
0.0
0.7450980392156863
0.7607843137254902
0.8588235294117648
0.9921568627450981
0.9921568627450981
0.9921568627450981
0.9921568627450981
0.403921568627451
0.5137254901960784
0.196078431372549
0.0
0.0
0.0
0.0
0.611764705882353
0.9921568627450981
0.9921568627450981
0.45882352941176474
0.0
0.0
0.0
0.0
0.0
0.0
0.0
0.0
0.0
0.0
0.0
0.0
0.11764705882352944
0.7372549019607844
0.3411764705882353
0.2784313725490196
0.2784313725490196
0.05882352941176472
0.0
0.0
0.0
0.0
0.0
0.0
0.611764705882353
0.9921568627450981
0.9921568627450981
0.45882352941176474
0.0
0.0
0.0
0.0
0.0
0.0
0.0
0.0
0.0
0.0
0.0
0.0
0.0
0.0
0.0
0.0
0.0
0.0
0.0
0.0
0.0
0.0
0.0
0.0
0.611764705882353
0.9921568627450981
0.9921568627450981
0.45882352941176474
0.0
0.0
0.0
0.0
0.0
0.0
0.0
0.0
0.0
0.0
0.0
0.0
0.0
0.0
0.0
0.0
0.0
0.0
0.0
0.0
0.0
0.0
0.0
0.0
0.611764705882353
0.9921568627450981
0.9921568627450981
0.45882352941176474
0.0
0.0
0.0
0.0
0.0
0.0
0.0
0.0
0.0
0.0
0.0
0.0
0.0
0.0
0.0
0.0
0.0
0.0
0.0
0.0
0.0
0.0
0.0
0.0
0.611764705882353
0.9921568627450981
0.9921568627450981
0.45882352941176474
0.0
0.0
0.0
0.0
0.0
0.0
0.0
0.0
0.0
0.0
0.0
0.0
0.0
0.0
0.0
0.0
0.0
0.0
0.0
0.0
0.0
0.0
0.0
0.0
0.611764705882353
0.9921568627450981
0.9921568627450981
0.45882352941176474
0.0
0.0
0.0
0.0
0.0
0.0
0.0
0.0
0.0
0.0
0.0
0.0
0.0
0.0
0.0
0.0
0.0
0.0
0.0
0.0
0.0
0.0
0.0
0.0
0.611764705882353
0.9921568627450981
0.9921568627450981
0.7725490196078432
0.5882352941176471
0.0
0.0
0.0
0.0
0.0
0.0
0.0
0.0
0.0
0.0
0.0
0.0
0.0
0.0
0.0
0.0
0.0
0.0
0.0
0.0
0.0
0.0
0.0
0.5882352941176471
0.9647058823529412
0.9921568627450981
0.9921568627450981
0.9921568627450981
0.0
0.0
0.0
0.0
0.0
0.0
0.0
0.0
0.0
0.0
0.0
0.0
0.0
0.0
0.0
0.0
0.0
0.0
0.0
0.0
0.0
0.0
0.0
0.04705882352941182
0.22352941176470587
0.7450980392156863
0.9686274509803922
0.7019607843137254
0.0
0.0
0.0
0.0
0.0
0.0
0.0
0.0
0.0
0.0
0.0
0.0
0.0
0.0
0.0
0.0
0.0
0.0
0.0
0.0
0.0
0.0
0.0
0.0
0.0
0.0
0.0
0.0
0.0
0.0
0.0
0.0
0.0
0.0
0.0
0.0
0.0
0.0
0.0
0.0
0.0
0.0
0.0
0.0
0.0
0.0
0.0
0.0
0.0
0.0
0.0
0.0
0.0
0.0
0.0
0.0
0.0
0.0
0.0
0.0
0.0
0.0
0.0
0.0
0.0
0.0
0.0
0.0
0.0
0.0
0.0
0.0
0.0
0.0
0.0
0.0
0.0
0.0
0.0
0.0
0.0
0.0
0.0
0.0
0.0
0.0
0.0
0.0
