0.0
0.0
0.0
0.0
0.0
0.0
0.0
0.0
0.0
0.0
0.0
0.0
0.0
0.0
0.0
0.0
0.0
0.0
0.0
0.0
0.0
0.0
0.0
0.0
0.0
0.0
0.0
0.0
0.0
0.0
0.0
0.0
0.0
0.0
0.0
0.0
0.0
0.0
0.0
0.0
0.0
0.0
0.0
0.0
0.0
0.0
0.0
0.0
0.0
0.0
0.0
0.0
0.0
0.0
0.0
0.0
0.0
0.0
0.0
0.0
0.0
0.0
0.0
0.0
0.0
0.0
0.0
0.0
0.0
0.0
0.0
0.0
0.0
0.0
0.0
0.0
0.0
0.0
0.0
0.0
0.0
0.0
0.0
0.0
0.0
0.0
0.0
0.0
0.0
0.0
0.0
0.0
0.0
0.0
0.0
0.0
0.0
0.0
0.0
0.0
0.0
0.0
0.0
0.0
0.0
0.0
0.0
0.0
0.0
0.0
0.0
0.0
0.0
0.0
0.0
0.0
0.0
0.0
0.0
0.0
0.0
0.0
0.0
0.0
0.0
0.0
0.0
0.0
0.0
0.0
0.0
0.0
0.0
0.0
0.0
0.0
0.0
0.0
0.0
0.0
0.0
0.0
0.0
0.0
0.0
0.0
0.0
0.0
0.0
0.0
0.0
0.0
0.0
0.0
0.0
0.0
0.0
0.0
0.0
0.0
0.0
0.0
0.0
0.0
0.0
0.0
0.0
0.0
0.0
0.0
0.0
0.0
0.0
0.0
0.0
0.0
0.0
0.0
0.0
0.0
0.0
0.0
0.0
0.0
0.0
0.0
0.0
0.0
0.0
0.0
0.0
0.0
0.0
0.0
0.0
0.0
0.0
0.0
0.0
0.0
0.0
0.0
0.0
0.0
0.0
0.0
0.0
0.0
0.0
0.0
0.0
0.0
0.0
0.0
0.04705882352941182
0.17647058823529416
0.44313725490196076
0.13725490196078427
0.0
0.0
0.0
0.0
0.0
0.0
0.0
0.0
0.0
0.0
0.0
0.1215686274509804
0.7176470588235294
0.7333333333333334
0.6901960784313725
0.10196078431372546
0.0
0.0
0.0
0.0
0.0
0.0
0.0
0.3921568627450981
0.8117647058823529
0.9921568627450981
0.9921568627450981
0.9843137254901961
0.2705882352941177
0.0
0.0
0.0
0.0
0.0
0.0
0.0
0.0
0.0
0.019607843137254943
0.7647058823529411
0.9921568627450981
0.9921568627450981
0.9921568627450981
0.8235294117647058
0.2705882352941177
0.0
0.0
0.0
0.0
0.0
0.5254901960784314
0.9568627450980391
0.9921568627450981
0.9921568627450981
0.9921568627450981
0.9921568627450981
0.8509803921568627
0.13725490196078427
0.0
0.0
0.0
0.0
0.0
0.0
0.0
0.0
0.3019607843137255
0.9921568627450981
0.9529411764705882
0.7098039215686274
0.9725490196078431
0.9921568627450981
0.8274509803921568
0.10196078431372546
0.0
0.0
0.0
0.2313725490196078
0.9215686274509804
0.9921568627450981
0.9058823529411765
0.5058823529411764
0.3058823529411765
0.7803921568627451
0.9921568627450981
0.584313725490196
0.0
0.0
0.0
0.0
0.0
0.0
0.0
0.0
0.615686274509804
0.9921568627450981
0.3019607843137255
0.0
0.36078431372549025
0.9490196078431372
0.9921568627450981
0.7137254901960784
0.0117647058823529
0.0
0.027450980392156876
0.7647058823529411
0.9921568627450981
0.8862745098039215
0.19999999999999996
0.0
0.0
0.4274509803921569
0.9921568627450981
0.9450980392156862
0.0
0.0
0.0
0.0
0.0
0.0
0.0
0.0
0.996078431372549
0.9921568627450981
0.039215686274509776
0.0
0.0
0.21568627450980393
0.9647058823529412
0.9921568627450981
0.4274509803921569
0.0
0.4901960784313726
0.9921568627450981
0.9098039215686274
0.04313725490196074
0.0
0.0
0.0
0.04313725490196074
0.9921568627450981
0.9921568627450981
0.0
0.0
0.0
0.0
0.0
0.0
0.0
0.0
1.0
0.9921568627450981
0.039215686274509776
0.0
0.0117647058823529
0.0
0.5254901960784314
0.9921568627450981
0.9098039215686274
0.10588235294117643
0.8784313725490196
0.9921568627450981
0.4745098039215686
0.0
0.0
0.0
0.0
0.04313725490196074
0.9921568627450981
0.9921568627450981
0.0
0.0
0.0
0.0
0.0
0.0
0.0
0.0
0.6274509803921569
0.8666666666666667
0.6235294117647059
0.3294117647058824
0.16078431372549018
0.0
0.027450980392156876
0.7843137254901961
0.9921568627450981
0.9921568627450981
0.9921568627450981
0.8117647058823529
0.09411764705882353
0.0
0.0
0.0
0.0
0.2941176470588235
0.9921568627450981
0.9921568627450981
0.0
0.0
0.0
0.0
0.0
0.0
0.0
0.0
0.0
0.07450980392156858
0.4156862745098039
0.3137254901960784
0.0
0.0
0.0
0.23529411764705888
0.9333333333333333
0.9921568627450981
0.9921568627450981
0.2666666666666667
0.0
0.0
0.0
0.0
0.0
0.607843137254902
0.9921568627450981
0.8352941176470589
0.0
0.0
0.0
0.0
0.0
0.0
0.0
0.0
0.0
0.06274509803921569
0.9568627450980391
0.6666666666666667
0.0
0.0
0.0
0.04313725490196074
0.8627450980392157
0.9921568627450981
0.9921568627450981
0.5098039215686274
0.04313725490196074
0.0
0.0
0.0
0.2196078431372549
0.9333333333333333
0.9921568627450981
0.5176470588235293
0.0
0.0
0.0
0.0
0.0
0.0
0.0
0.0
0.0
0.3686274509803922
0.9921568627450981
0.36078431372549025
0.0
0.0
0.0
0.5529411764705883
0.9921568627450981
0.9921568627450981
0.9921568627450981
0.9921568627450981
0.6705882352941177
0.3058823529411765
0.0
0.34901960784313724
0.9176470588235295
0.9921568627450981
0.9921568627450981
0.18039215686274512
0.0
0.0
0.0
0.0
0.0
0.0
0.0
0.0
0.0
0.7490196078431373
0.9372549019607843
0.1568627450980392
0.0
0.03529411764705881
0.6705882352941177
0.9725490196078431
0.9921568627450981
0.8352941176470589
0.8352941176470589
0.9921568627450981
0.9921568627450981
0.9882352941176471
0.9372549019607843
0.9882352941176471
0.9921568627450981
0.9882352941176471
0.35686274509803917
0.0117647058823529
0.0
0.0
0.0
0.0
0.0
0.0
0.0
0.0
0.0
0.7725490196078432
0.9921568627450981
0.6509803921568628
0.34901960784313724
0.792156862745098
0.9921568627450981
0.9921568627450981
0.5607843137254902
0.1098039215686275
0.1098039215686275
0.34901960784313724
0.9215686274509804
0.9921568627450981
0.9921568627450981
0.9921568627450981
0.9137254901960784
0.3294117647058824
0.0
0.0
0.0
0.0
0.0
0.0
0.0
0.0
0.0
0.0
0.0
0.7411764705882353
0.9921568627450981
0.9921568627450981
0.9921568627450981
0.9921568627450981
0.9882352941176471
0.6431372549019607
0.08235294117647063
0.0
0.0
0.0
0.07450980392156858
0.4862745098039216
0.5058823529411764
0.4745098039215686
0.07450980392156858
0.0
0.0
0.0
0.0
0.0
0.0
0.0
0.0
0.0
0.0
0.0
0.0
0.2705882352941177
0.7294117647058824
0.9254901960784314
0.8588235294117648
0.7294117647058824
0.5176470588235293
0.0
0.0
0.0
0.0
0.0
0.0
0.0
0.0
0.0
0.0
0.0
0.0
0.0
0.0
0.0
0.0
0.0
0.0
0.0
0.0
0.0
0.0
0.0
0.0
0.10588235294117643
0.07058823529411762
0.0
0.0
0.0
0.0
0.0
0.0
0.0
0.0
0.0
0.0
0.0
0.0
0.0
0.0
0.0
0.0
0.0
0.0
0.0
0.0
0.0
0.0
0.0
0.0
0.0
0.0
0.0
0.0
0.0
0.0
0.0
0.0
0.0
0.0
0.0
0.0
0.0
0.0
0.0
0.0
0.0
0.0
0.0
0.0
0.0
0.0
0.0
0.0
0.0
0.0
0.0
0.0
0.0
0.0
0.0
0.0
0.0
0.0
0.0
0.0
0.0
0.0
0.0
0.0
0.0
0.0
0.0
0.0
0.0
0.0
0.0
0.0
0.0
0.0
0.0
0.0
0.0
0.0
0.0
0.0
0.0
0.0
0.0
0.0
0.0
0.0
0.0
0.0
0.0
0.0
0.0
0.0
0.0
0.0
0.0
0.0
0.0
0.0
0.0
0.0
0.0
0.0
0.0
0.0
0.0
0.0
0.0
0.0
0.0
0.0
0.0
0.0
0.0
0.0
0.0
0.0
0.0
0.0
0.0
0.0
0.0
0.0
0.0
0.0
0.0
0.0
0.0
0.0
0.0
0.0
0.0
0.0
0.0
0.0
0.0
0.0
0.0
0.0
0.0
0.0
0.0
0.0
0.0
0.0
0.0
0.0
0.0
0.0
0.0
0.0
0.0
0.0
0.0
0.0
0.0
0.0
0.0
0.0
0.0
