0.0
0.0
0.0
0.0
0.0
0.0
0.0
0.0
0.0
0.0
0.0
0.0
0.0
0.0
0.0
0.0
0.0
0.0
0.0
0.0
0.0
0.0
0.0
0.0
0.0
0.0
0.0
0.0
0.0
0.0
0.0
0.0
0.0
0.0
0.0
0.0
0.0
0.0
0.0
0.0
0.0
0.0
0.0
0.0
0.0
0.0
0.0
0.0
0.0
0.0
0.0
0.0
0.0
0.0
0.0
0.0
0.0
0.0
0.0
0.0
0.0
0.0
0.0
0.0
0.0
0.0
0.0
0.0
0.0
0.0
0.0
0.0
0.0
0.0
0.0
0.0
0.0
0.0
0.0
0.0
0.0
0.0
0.0
0.0
0.0
0.0
0.0
0.0
0.0
0.0
0.0
0.0
0.0
0.0
0.0
0.0
0.0
0.0
0.0
0.0
0.0
0.0
0.0
0.0
0.0
0.0
0.0
0.0
0.0
0.0
0.0
0.0
0.0
0.0
0.0
0.0
0.0
0.0
0.0
0.0
0.0
0.0
0.0
0.0
0.0
0.0
0.0
0.0
0.0
0.0
0.40784313725490196
0.996078431372549
0.9450980392156862
0.4509803921568627
0.0
0.0
0.0
0.0
0.0
0.0
0.0
0.0
0.0
0.0
0.0
0.0
0.0
0.0
0.0
0.0
0.0
0.0
0.0
0.0
0.0
0.1098039215686275
0.4627450980392157
0.8156862745098039
0.9843137254901961
0.9921568627450981
0.9921568627450981
0.9921568627450981
0.6823529411764706
0.21176470588235297
0.0
0.0
0.0
0.0
0.0
0.0
0.0
0.0
0.0
0.0
0.0
0.0
0.0
0.0
0.0
0.0
0.0
0.0
0.33725490196078434
0.8274509803921568
0.9921568627450981
0.9921568627450981
0.9921568627450981
0.6470588235294117
0.04705882352941182
0.34509803921568627
0.9921568627450981
0.6784313725490196
0.0
0.0
0.0
0.0
0.0
0.0
0.0
0.0
0.0
0.0
0.0
0.0
0.0
0.0
0.0
0.0
0.0
0.4745098039215686
0.9764705882352941
0.9921568627450981
0.9921568627450981
0.615686274509804
0.07450980392156858
0.027450980392156876
0.0
0.08235294117647063
0.8156862745098039
0.9921568627450981
0.4509803921568627
0.0
0.0
0.0
0.0
0.0
0.0
0.0
0.0
0.0
0.0
0.0
0.0
0.0
0.0
0.0
0.4784313725490196
0.9725490196078431
0.9921568627450981
0.9019607843137255
0.5019607843137255
0.03137254901960784
0.0
0.0
0.0
0.0
0.5607843137254902
0.9921568627450981
0.48235294117647054
0.0
0.0
0.0
0.0
0.0
0.0
0.0
0.0
0.0
0.0
0.0
0.0
0.0
0.0
0.4784313725490196
0.9725490196078431
0.9921568627450981
0.9019607843137255
0.22745098039215683
0.0
0.0
0.0
0.0
0.0
0.0
0.5607843137254902
0.9921568627450981
0.48235294117647054
0.0
0.0
0.0
0.0
0.0
0.0
0.0
0.0
0.0
0.0
0.0
0.0
0.0
0.7411764705882353
0.9725490196078431
0.9921568627450981
0.8980392156862745
0.22745098039215683
0.0
0.0
0.0
0.0
0.0
0.0
0.0
0.5607843137254902
0.9921568627450981
0.48235294117647054
0.0
0.0
0.0
0.0
0.0
0.0
0.0
0.0
0.0
0.0
0.0
0.0
0.4784313725490196
0.9725490196078431
0.9921568627450981
0.8980392156862745
0.2313725490196078
0.0
0.0
0.0
0.0
0.0
0.0
0.0
0.06666666666666665
0.9176470588235294
0.9843137254901961
0.33333333333333337
0.0
0.0
0.0
0.0
0.0
0.0
0.0
0.0
0.0
0.0
0.0
0.11764705882352944
0.9215686274509804
0.9921568627450981
0.9921568627450981
0.5411764705882354
0.0
0.0
0.0
0.0
0.0
0.0
0.0
0.0
0.22352941176470587
0.9921568627450981
0.9686274509803922
0.0
0.0
0.0
0.0
0.0
0.0
0.0
0.0
0.0
0.0
0.0
0.0
0.803921568627451
0.9921568627450981
0.9921568627450981
0.603921568627451
0.04313725490196074
0.0
0.0
0.0
0.0
0.0
0.0
0.0
0.0
0.5882352941176471
0.9921568627450981
0.5725490196078431
0.0
0.0
0.0
0.0
0.0
0.0
0.0
0.0
0.0
0.0
0.0
0.44705882352941173
0.9764705882352941
0.9921568627450981
0.9098039215686274
0.11764705882352944
0.0
0.0
0.0
0.0
0.0
0.0
0.0
0.0
0.027450980392156876
0.6823529411764706
0.8352941176470589
0.11764705882352944
0.0
0.0
0.0
0.0
0.0
0.0
0.0
0.0
0.0
0.0
0.0980392156862745
0.9568627450980393
0.9921568627450981
0.9921568627450981
0.2666666666666667
0.0
0.0
0.0
0.0
0.0
0.0
0.0
0.0
0.0
0.4745098039215686
0.9921568627450981
0.6941176470588235
0.0
0.0
0.0
0.0
0.0
0.0
0.0
0.0
0.0
0.0
0.0
0.8156862745098039
0.9921568627450981
0.9921568627450981
0.7254901960784313
0.039215686274509776
0.0
0.0
0.0
0.0
0.0
0.0
0.0
0.0
0.1843137254901961
0.8784313725490196
0.8470588235294118
0.1333333333333333
0.0
0.0
0.0
0.0
0.0
0.0
0.0
0.0
0.0
0.0
0.3294117647058824
0.9843137254901961
0.9921568627450981
0.9294117647058824
0.2549019607843137
0.0
0.0
0.0
0.0
0.0
0.0
0.0
0.0
0.1843137254901961
0.8745098039215686
0.9764705882352941
0.34509803921568627
0.0
0.0
0.0
0.0
0.0
0.0
0.0
0.0
0.0
0.0
0.0
0.8156862745098039
0.9921568627450981
0.9921568627450981
0.584313725490196
0.0
0.0
0.0
0.0
0.0
0.0
0.0
0.0
0.02352941176470591
0.44705882352941173
0.9921568627450981
0.8901960784313725
0.0
0.0
0.0
0.0
0.0
0.0
0.0
0.0
0.0
0.0
0.0
0.0
0.996078431372549
0.9921568627450981
0.9921568627450981
0.584313725490196
0.0
0.0
0.0
0.0
0.0
0.0
0.0
0.44705882352941173
0.6823529411764706
0.9921568627450981
0.9803921568627451
0.5333333333333333
0.0
0.0
0.0
0.0
0.0
0.0
0.0
0.0
0.0
0.0
0.0
0.0
0.6549019607843137
0.9176470588235294
0.9176470588235294
0.2784313725490196
0.0
0.0
0.0
0.0
0.02352941176470591
0.07843137254901966
0.196078431372549
0.8784313725490196
0.9921568627450981
0.8627450980392157
0.3529411764705882
0.0
0.0
0.0
0.0
0.0
0.0
0.0
0.0
0.0
0.0
0.0
0.0
0.0
0.0
0.027450980392156876
0.05490196078431375
0.05490196078431375
0.05490196078431375
0.05490196078431375
0.05490196078431375
0.21176470588235297
0.6823529411764706
0.9921568627450981
0.9921568627450981
0.9568627450980393
0.584313725490196
0.14509803921568631
0.0
0.0
0.0
0.0
0.0
0.0
0.0
0.0
0.0
0.0
0.0
0.0
0.0
0.0
0.0
0.4509803921568627
0.9921568627450981
0.9921568627450981
0.9921568627450981
0.9921568627450981
0.9921568627450981
0.9921568627450981
0.9921568627450981
0.8392156862745098
0.45882352941176474
0.12941176470588234
0.0
0.0
0.0
0.0
0.0
0.0
0.0
0.0
0.0
0.0
0.0
0.0
0.0
0.0
0.0
0.0
0.0
0.0
0.9450980392156862
0.9921568627450981
0.9921568627450981
0.9921568627450981
0.9921568627450981
0.5686274509803921
0.48235294117647054
0.1098039215686275
0.0
0.0
0.0
0.0
0.0
0.0
0.0
0.0
0.0
0.0
0.0
0.0
0.0
0.0
0.0
0.0
0.0
0.0
0.0
0.0
0.0
0.0
0.0
0.0
0.0
0.0
0.0
0.0
0.0
0.0
0.0
0.0
0.0
0.0
0.0
0.0
0.0
0.0
0.0
0.0
0.0
0.0
0.0
0.0
0.0
0.0
0.0
0.0
0.0
0.0
0.0
0.0
0.0
0.0
0.0
0.0
0.0
0.0
0.0
0.0
0.0
0.0
0.0
0.0
0.0
0.0
0.0
0.0
0.0
0.0
0.0
0.0
0.0
0.0
0.0
0.0
0.0
0.0
0.0
0.0
0.0
0.0
0.0
0.0
0.0
0.0
0.0
0.0
0.0
0.0
0.0
0.0
0.0
0.0
0.0
0.0
0.0
0.0
0.0
0.0
0.0
0.0
0.0
0.0
0.0
0.0
0.0
0.0
0.0
0.0
0.0
0.0
0.0
0.0
0.0
0.0
0.0
0.0
0.0
0.0
0.0
0.0
0.0
0.0
0.0
