0.0
0.0
0.0
0.0
0.0
0.0
0.0
0.0
0.0
0.0
0.0
0.0
0.0
0.0
0.0
0.0
0.0
0.0
0.0
0.0
0.0
0.0
0.0
0.0
0.0
0.0
0.0
0.0
0.0
0.0
0.0
0.0
0.0
0.0
0.0
0.0
0.0
0.0
0.0
0.0
0.0
0.0
0.0
0.0
0.0
0.0
0.0
0.0
0.0
0.0
0.0
0.0
0.0
0.0
0.0
0.0
0.0
0.0
0.0
0.0
0.0
0.0
0.0
0.0
0.0
0.0
0.0
0.0
0.0
0.0
0.0
0.0
0.0
0.0
0.0
0.0
0.0
0.0
0.0
0.0
0.0
0.0
0.0
0.0
0.0
0.0
0.0
0.0
0.0
0.0
0.0
0.0
0.0
0.0
0.0
0.0
0.0
0.0
0.0
0.0
0.0
0.0
0.0
0.0
0.0
0.0
0.0
0.0
0.0
0.0
0.0
0.0
0.0
0.0
0.0
0.0
0.0
0.0
0.0
0.0
0.0
0.0
0.0
0.0
0.0
0.0
0.0
0.0
0.0
0.0
0.0
0.0
0.0
0.0
0.0
0.0
0.0
0.0
0.0
0.0
0.0
0.0
0.0
0.0
0.0
0.0
0.0
0.0
0.0
0.0
0.0
0.0
0.0
0.0
0.0
0.0
0.0
0.0
0.38431372549019605
0.6
0.30980392156862746
0.28627450980392155
0.0
0.0
0.0
0.0
0.0
0.0
0.0
0.0
0.0
0.0
0.0
0.0
0.0
0.0
0.0
0.0
0.0
0.0
0.0
0.0
0.0
0.0
0.0
0.050980392156862786
0.8196078431372549
0.9882352941176471
0.9921568627450981
0.9176470588235294
0.24705882352941178
0.0
0.0
0.0
0.0
0.0
0.0
0.0
0.0
0.0
0.0
0.0
0.0
0.0
0.0
0.0
0.0
0.0
0.0
0.0
0.0
0.0
0.0
0.22352941176470587
0.9882352941176471
0.9882352941176471
0.9921568627450981
0.9882352941176471
0.7686274509803921
0.039215686274509776
0.0
0.0
0.0
0.0
0.0
0.0
0.0
0.0
0.0
0.0
0.0
0.0
0.0
0.0
0.0
0.0
0.0
0.0
0.0
0.0
0.0
0.41960784313725485
0.9882352941176471
0.9882352941176471
0.7960784313725491
0.9882352941176471
0.9882352941176471
0.3058823529411765
0.0
0.0
0.0
0.0
0.0
0.0
0.0
0.0
0.0
0.0
0.0
0.0
0.0
0.0
0.0
0.050980392156862786
0.0
0.0
0.0
0.0
0.11372549019607847
0.9921568627450981
0.9921568627450981
0.5019607843137255
0.11372549019607847
0.9921568627450981
0.9921568627450981
0.6
0.0
0.0
0.0
0.0
0.0
0.0
0.0
0.0
0.0
0.0
0.0
0.10196078431372546
0.12549019607843137
0.32156862745098036
0.6627450980392157
0.807843137254902
0.592156862745098
0.10196078431372546
0.0
0.0
0.7019607843137254
0.9882352941176471
0.7686274509803921
0.03529411764705881
0.039215686274509776
0.7686274509803921
0.9882352941176471
0.9882352941176471
0.0
0.0
0.0
0.0
0.0
0.0
0.0
0.0
0.0
0.07450980392156858
0.5254901960784314
0.8235294117647058
0.8980392156862745
0.9882352941176471
0.8784313725490196
0.6588235294117647
0.9686274509803922
0.7686274509803921
0.5254901960784314
0.33333333333333337
0.9921568627450981
0.9882352941176471
0.3137254901960784
0.0
0.0
0.5137254901960784
0.9882352941176471
0.9882352941176471
0.0
0.0
0.0
0.0
0.0
0.0
0.0
0.0
0.0
0.41960784313725485
0.9882352941176471
0.9882352941176471
0.7450980392156863
0.6470588235294117
0.07450980392156858
0.0
0.6
0.9882352941176471
0.9882352941176471
0.9882352941176471
0.9921568627450981
0.8901960784313725
0.1215686274509804
0.0
0.0
0.41960784313725485
0.9882352941176471
0.9882352941176471
0.0
0.0
0.0
0.0
0.0
0.0
0.0
0.0
0.16078431372549018
0.9921568627450981
0.9921568627450981
0.1098039215686275
0.0
0.0
0.0
0.0
0.050980392156862786
0.34509803921568627
0.9686274509803922
0.9921568627450981
1.0
0.9921568627450981
0.7960784313725491
0.6
0.36078431372549025
0.8470588235294118
0.9921568627450981
0.5019607843137255
0.0
0.0
0.0
0.0
0.0
0.0
0.0
0.0
0.5529411764705883
0.9882352941176471
0.7686274509803921
0.03529411764705881
0.0
0.0
0.0
0.0
0.0
0.050980392156862786
0.8196078431372549
0.9882352941176471
0.9921568627450981
0.9882352941176471
0.9137254901960784
0.9647058823529412
0.9921568627450981
0.9882352941176471
0.8901960784313725
0.1098039215686275
0.0
0.0
0.0
0.0
0.0
0.0
0.0
0.0
0.8980392156862745
0.9882352941176471
0.3137254901960784
0.0
0.0
0.0
0.0
0.0
0.0
0.5647058823529412
0.9882352941176471
0.9882352941176471
0.4156862745098039
0.4156862745098039
0.14509803921568631
0.3921568627450981
0.8470588235294118
0.5686274509803921
0.2196078431372549
0.02352941176470591
0.0
0.0
0.0
0.0
0.0
0.0
0.0
0.0
0.9921568627450981
0.9882352941176471
0.2196078431372549
0.0
0.0
0.0
0.0
0.0
0.49411764705882355
0.9529411764705882
0.9882352941176471
0.592156862745098
0.0
0.0
0.0
0.0
0.06274509803921569
0.03529411764705881
0.0
0.0
0.0
0.0
0.0
0.0
0.0
0.0
0.0
0.0
0.9490196078431372
0.9921568627450981
0.2196078431372549
0.0
0.0
0.0
0.0
0.24705882352941178
1.0
0.9921568627450981
0.7607843137254902
0.050980392156862786
0.0
0.0
0.0
0.0
0.0
0.0
0.0
0.0
0.0
0.0
0.0
0.0
0.0
0.0
0.0
0.0
0.2588235294117647
0.8392156862745098
0.07450980392156858
0.0
0.0
0.0
0.07450980392156858
0.7607843137254902
0.9921568627450981
0.7411764705882353
0.07450980392156858
0.0
0.0
0.0
0.0
0.0
0.0
0.0
0.0
0.0
0.0
0.0
0.0
0.0
0.0
0.0
0.0
0.0
0.027450980392156876
0.5372549019607843
0.1725490196078432
0.29803921568627456
0.34901960784313724
0.07450980392156858
0.5490196078431373
0.9882352941176471
0.9921568627450981
0.3294117647058824
0.0
0.0
0.0
0.0
0.0
0.0
0.0
0.0
0.0
0.0
0.0
0.0
0.0
0.0
0.0
0.0
0.0
0.0
0.0
0.12549019607843137
0.6627450980392157
0.9294117647058824
0.29803921568627456
0.3686274509803922
0.9882352941176471
0.792156862745098
0.5490196078431373
0.1843137254901961
0.0
0.0
0.0
0.0
0.0
0.0
0.0
0.0
0.0
0.0
0.0
0.0
0.0
0.0
0.0
0.0
0.0
0.0
0.015686274509803977
0.5019607843137255
0.9921568627450981
0.9921568627450981
0.603921568627451
0.9921568627450981
0.9568627450980393
0.4901960784313726
0.0
0.0
0.0
0.0
0.0
0.0
0.0
0.0
0.0
0.0
0.0
0.0
0.0
0.0
0.0
0.0
0.0
0.0
0.0
0.0
0.11372549019607847
0.9882352941176471
0.9882352941176471
0.9882352941176471
0.9921568627450981
0.9411764705882353
0.5098039215686274
0.0
0.0
0.0
0.0
0.0
0.0
0.0
0.0
0.0
0.0
0.0
0.0
0.0
0.0
0.0
0.0
0.0
0.0
0.0
0.0
0.0
0.11372549019607847
0.9882352941176471
0.9882352941176471
0.9882352941176471
0.611764705882353
0.3686274509803922
0.0
0.0
0.0
0.0
0.0
0.0
0.0
0.0
0.0
0.0
0.0
0.0
0.0
0.0
0.0
0.0
0.0
0.0
0.0
0.0
0.0
0.0
0.015686274509803977
0.5019607843137255
0.6431372549019607
0.1568627450980392
0.0
0.0
0.0
0.0
0.0
0.0
0.0
0.0
0.0
0.0
0.0
0.0
0.0
0.0
0.0
0.0
0.0
0.0
0.0
0.0
0.0
0.0
0.0
0.0
0.0
0.0
0.0
0.0
0.0
0.0
0.0
0.0
0.0
0.0
0.0
0.0
0.0
0.0
0.0
0.0
0.0
0.0
0.0
0.0
0.0
0.0
0.0
0.0
0.0
0.0
0.0
0.0
0.0
0.0
0.0
0.0
0.0
0.0
0.0
0.0
0.0
0.0
0.0
0.0
0.0
0.0
0.0
0.0
0.0
0.0
0.0
0.0
0.0
0.0
0.0
0.0
0.0
0.0
0.0
0.0
0.0
0.0
0.0
0.0
0.0
0.0
0.0
0.0
0.0
0.0
0.0
0.0
0.0
0.0
0.0
0.0
0.0
0.0
0.0
0.0
0.0
0.0
0.0
0.0
