0.0
0.0
0.0
0.0
0.0
0.0
0.0
0.0
0.0
0.0
0.0
0.0
0.0
0.0
0.0
0.0
0.0
0.0
0.0
0.0
0.0
0.0
0.0
0.0
0.0
0.0
0.0
0.0
0.0
0.0
0.0
0.0
0.0
0.0
0.0
0.0
0.0
0.0
0.0
0.0
0.0
0.0
0.0
0.0
0.0
0.0
0.0
0.0
0.0
0.0
0.0
0.0
0.0
0.0
0.0
0.0
0.0
0.0
0.0
0.0
0.0
0.0
0.0
0.0
0.0
0.0
0.0
0.0
0.0
0.0
0.0
0.0
0.0
0.0
0.0
0.0
0.0
0.0
0.0
0.0
0.0
0.0
0.0
0.0
0.0
0.0
0.0
0.0
0.0
0.0
0.0
0.0
0.0
0.0
0.0
0.0
0.0
0.0
0.0
0.0
0.0
0.0
0.0
0.0
0.0
0.0
0.0
0.0
0.0
0.0
0.0
0.0
0.0
0.0
0.0
0.0
0.0
0.0
0.0
0.0
0.0
0.0
0.0
0.0
0.0
0.0
0.0
0.0
0.0
0.0
0.0
0.0
0.0
0.0
0.0
0.0
0.0
0.0
0.0
0.0
0.0
0.0
0.0
0.0
0.0
0.0
0.0
0.0
0.0
0.0
0.0
0.0
0.0
0.0
0.0
0.0
0.0
0.0
0.0
0.0
0.0
0.0
0.0
0.0
0.0
0.0
0.0
0.0
0.0
0.0
0.0
0.0
0.0
0.0
0.0
0.0
0.0
0.0
0.0
0.0
0.0
0.0
0.0
0.0
0.0
0.0
0.0
0.0
0.0
0.0
0.0
0.0
0.0
0.0
0.0
0.0
0.0
0.0
0.0
0.0
0.0
0.0
0.0
0.0
0.0
0.0
0.0
0.0
0.0
0.0
0.0
0.0
0.0
0.1215686274509804
0.30980392156862746
0.30980392156862746
0.21568627450980393
0.0
0.0
0.0
0.0
0.0
0.0
0.0
0.0
0.0
0.0
0.0
0.0
0.0
0.0
0.0
0.0
0.0
0.0
0.0
0.0
0.0
0.0
0.1686274509803921
0.7411764705882353
0.9450980392156862
0.996078431372549
0.9921568627450981
0.9686274509803922
0.9176470588235295
0.41960784313725485
0.0
0.0
0.0
0.0
0.0
0.0
0.0
0.0
0.4745098039215686
0.7647058823529411
0.7647058823529411
0.3529411764705882
0.0
0.0
0.0
0.0
0.0
0.0
0.0
0.06274509803921569
0.8352941176470589
0.9921568627450981
0.9921568627450981
0.996078431372549
0.9921568627450981
0.9921568627450981
0.9921568627450981
0.9019607843137255
0.0
0.0
0.0
0.0
0.0
0.0
0.0
0.0
1.0
0.996078431372549
0.996078431372549
0.8392156862745098
0.0
0.0
0.0
0.0
0.0
0.0
0.0
0.4627450980392157
0.996078431372549
0.996078431372549
0.996078431372549
0.7686274509803921
0.8117647058823529
0.996078431372549
0.996078431372549
0.996078431372549
0.0
0.0
0.0
0.0
0.0
0.0
0.0
0.0
0.8156862745098039
0.9921568627450981
0.9921568627450981
0.8352941176470589
0.0
0.0
0.0
0.0
0.0
0.0
0.0
0.6352941176470588
0.9921568627450981
0.9921568627450981
0.9607843137254902
0.05882352941176472
0.13725490196078427
0.9921568627450981
0.9921568627450981
0.9921568627450981
0.0
0.0
0.0
0.0
0.0
0.0
0.0
0.0
0.611764705882353
0.9921568627450981
0.9921568627450981
0.9450980392156862
0.16078431372549018
0.0
0.0
0.0
0.0
0.0
0.0
0.8392156862745098
0.9921568627450981
0.9921568627450981
0.607843137254902
0.0
0.07843137254901966
0.9921568627450981
0.9921568627450981
0.9921568627450981
0.0
0.0
0.0
0.0
0.0
0.0
0.0
0.0
0.40784313725490196
0.9921568627450981
0.9921568627450981
0.9921568627450981
0.28627450980392155
0.0
0.0
0.0
0.0
0.0
0.0
0.8392156862745098
0.9921568627450981
0.9921568627450981
0.607843137254902
0.0
0.43529411764705883
0.9921568627450981
0.9921568627450981
0.9294117647058824
0.0
0.0
0.0
0.0
0.0
0.0
0.0
0.0
0.14117647058823535
0.9333333333333333
0.9921568627450981
0.9921568627450981
0.7568627450980392
0.0
0.0
0.0
0.0
0.0
0.0
0.6941176470588235
0.9921568627450981
0.9921568627450981
0.9019607843137255
0.0
0.4627450980392157
0.9921568627450981
0.9921568627450981
0.607843137254902
0.0
0.0
0.0
0.0
0.0
0.0
0.0
0.0
0.0
0.3764705882352941
0.996078431372549
0.996078431372549
0.996078431372549
0.9098039215686274
0.1843137254901961
0.0
0.0
0.0
0.0
0.4627450980392157
0.996078431372549
0.996078431372549
0.996078431372549
0.14509803921568631
0.9372549019607843
0.996078431372549
0.996078431372549
0.22745098039215683
0.0
0.0
0.0
0.0
0.0
0.0
0.0
0.0
0.0
0.0117647058823529
0.5568627450980392
0.9921568627450981
0.9921568627450981
0.996078431372549
0.8901960784313725
0.1725490196078432
0.0
0.0
0.0
0.13725490196078427
0.9921568627450981
0.9921568627450981
0.9921568627450981
0.8784313725490196
0.9921568627450981
0.9921568627450981
0.8313725490196078
0.03529411764705881
0.0
0.0
0.0
0.0
0.0
0.0
0.0
0.0
0.0
0.0
0.09411764705882353
0.4117647058823529
0.9921568627450981
0.996078431372549
0.9921568627450981
0.8980392156862745
0.6274509803921569
0.30980392156862746
0.0
0.02352941176470591
0.7803921568627451
0.9921568627450981
0.9921568627450981
0.996078431372549
0.9921568627450981
0.9921568627450981
0.45882352941176474
0.0
0.0
0.0
0.0
0.0
0.0
0.0
0.0
0.0
0.0
0.0
0.0
0.0117647058823529
0.37254901960784315
0.9333333333333333
0.9921568627450981
0.9921568627450981
0.9921568627450981
0.9921568627450981
0.8313725490196078
0.5333333333333333
0.8509803921568627
0.9921568627450981
0.9921568627450981
0.996078431372549
0.9921568627450981
0.8235294117647058
0.06274509803921569
0.0
0.0
0.0
0.0
0.0
0.0
0.0
0.0
0.0
0.0
0.0
0.0
0.0
0.0
0.14117647058823535
0.580392156862745
0.9921568627450981
0.9921568627450981
0.9921568627450981
0.996078431372549
0.9921568627450981
0.9921568627450981
0.9921568627450981
0.9921568627450981
0.996078431372549
0.9921568627450981
0.803921568627451
0.03137254901960784
0.0
0.0
0.0
0.0
0.0
0.0
0.0
0.0
0.0
0.0
0.0
0.0
0.0
0.0
0.0
0.0
0.2666666666666667
0.7372549019607844
0.7647058823529411
0.9098039215686274
0.996078431372549
0.996078431372549
0.996078431372549
0.996078431372549
1.0
0.996078431372549
0.996078431372549
0.07450980392156858
0.0
0.0
0.0
0.0
0.0
0.0
0.0
0.0
0.0
0.0
0.0
0.0
0.0
0.0
0.0
0.0
0.0
0.0
0.0
0.1843137254901961
0.5294117647058824
0.5294117647058824
0.3254901960784313
0.29803921568627456
0.7686274509803921
0.9137254901960784
0.9137254901960784
0.07058823529411762
0.0
0.0
0.0
0.0
0.0
0.0
0.0
0.0
0.0
0.0
0.0
0.0
0.0
0.0
0.0
0.0
0.0
0.0
0.0
0.0
0.0
0.0
0.0
0.0
0.0
0.0
0.0
0.0
0.0
0.0
0.0
0.0
0.0
0.0
0.0
0.0
0.0
0.0
0.0
0.0
0.0
0.0
0.0
0.0
0.0
0.0
0.0
0.0
0.0
0.0
0.0
0.0
0.0
0.0
0.0
0.0
0.0
0.0
0.0
0.0
0.0
0.0
0.0
0.0
0.0
0.0
0.0
0.0
0.0
0.0
0.0
0.0
0.0
0.0
0.0
0.0
0.0
0.0
0.0
0.0
0.0
0.0
0.0
0.0
0.0
0.0
0.0
0.0
0.0
0.0
0.0
0.0
0.0
0.0
0.0
0.0
0.0
0.0
0.0
0.0
0.0
0.0
0.0
0.0
0.0
0.0
0.0
0.0
0.0
0.0
0.0
0.0
0.0
0.0
0.0
0.0
0.0
0.0
0.0
0.0
0.0
0.0
0.0
0.0
0.0
0.0
0.0
0.0
0.0
0.0
0.0
0.0
0.0
0.0
0.0
0.0
0.0
0.0
0.0
0.0
0.0
0.0
0.0
0.0
0.0
0.0
0.0
0.0
0.0
0.0
0.0
0.0
0.0
0.0
0.0
0.0
0.0
0.0
0.0
0.0
0.0
0.0
0.0
0.0
0.0
0.0
0.0
0.0
0.0
0.0
0.0
0.0
0.0
0.0
