0.0
0.0
0.0
0.0
0.0
0.0
0.0
0.0
0.0
0.0
0.0
0.0
0.0
0.0
0.0
0.0
0.0
0.0
0.0
0.0
0.0
0.0
0.0
0.0
0.0
0.0
0.0
0.0
0.0
0.0
0.0
0.0
0.0
0.0
0.0
0.0
0.0
0.0
0.0
0.0
0.0
0.0
0.0
0.0
0.0
0.0
0.0
0.0
0.0
0.0
0.0
0.0
0.0
0.0
0.0
0.0
0.0
0.0
0.0
0.0
0.0
0.0
0.0
0.0
0.0
0.0
0.0
0.0
0.0
0.0
0.0
0.0
0.0
0.0
0.0
0.0
0.0
0.0
0.0
0.0
0.0
0.0
0.0
0.0
0.0
0.0
0.0
0.0
0.0
0.0
0.0
0.0
0.0
0.0
0.0
0.0
0.0
0.0
0.0
0.0
0.0
0.0
0.0
0.0
0.0
0.0
0.0
0.0
0.0
0.0
0.0
0.0
0.0
0.0
0.0
0.0
0.0
0.0
0.0
0.0
0.0
0.0
0.0
0.0
0.0
0.0
0.0
0.0
0.0
0.0
0.0
0.0
0.0
0.0
0.0
0.0
0.0
0.0
0.0
0.0
0.0
0.0
0.0
0.0
0.0
0.0
0.0
0.0
0.0
0.0
0.0
0.0
0.0
0.0
0.0
0.0
0.0
0.0
0.0
0.0
0.0
0.0
0.0
0.0
0.0
0.0
0.0
0.0
0.0
0.0
0.0
0.0
0.0
0.0
0.0
0.0
0.0
0.0
0.0
0.0
0.0
0.0
0.0
0.0
0.0
0.0
0.0
0.0
0.0
0.0
0.17647058823529416
0.7098039215686274
0.02352941176470591
0.0
0.0
0.0
0.0
0.0
0.0
0.0
0.0
0.0
0.0
0.18823529411764706
0.196078431372549
0.0
0.0
0.0
0.0
0.0
0.0
0.0
0.0
0.0
0.0
0.0
0.0
0.0
0.611764705882353
0.996078431372549
0.3254901960784313
0.0
0.0
0.0
0.0
0.0
0.0
0.0
0.0
0.03137254901960784
0.6313725490196078
0.9764705882352941
0.803921568627451
0.0
0.0
0.0
0.0
0.0
0.0
0.0
0.0
0.0
0.0
0.0
0.0
0.14117647058823535
0.7411764705882353
0.9686274509803922
0.3647058823529412
0.0
0.0
0.0
0.0
0.0
0.0
0.0
0.0
0.47058823529411764
0.996078431372549
0.996078431372549
0.803921568627451
0.0
0.0
0.0
0.0
0.0
0.0
0.015686274509803977
0.0039215686274509665
0.0
0.0
0.0
0.0
0.1725490196078432
0.05882352941176472
0.8
0.3647058823529412
0.0
0.0
0.0
0.0
0.0
0.0
0.0
0.0
1.0
0.9568627450980391
0.47058823529411764
0.4627450980392157
0.0
0.0
0.0
0.0
0.0
0.11372549019607847
0.9490196078431372
0.4549019607843138
0.0
0.0
0.0
0.0
0.0
0.0
0.9019607843137255
0.4862745098039216
0.0
0.0
0.0
0.0
0.0
0.0
0.0
0.0
0.996078431372549
0.8980392156862745
0.1843137254901961
0.0980392156862745
0.0
0.0
0.0
0.0
0.015686274509803977
0.5529411764705883
0.996078431372549
0.47058823529411764
0.0
0.0
0.0
0.0
0.0
0.0
0.9019607843137255
0.6784313725490196
0.0
0.0
0.0
0.0
0.0
0.0
0.0
0.0
0.9490196078431372
0.9450980392156862
0.10588235294117643
0.0
0.0
0.0
0.0
0.0117647058823529
0.5529411764705883
0.996078431372549
0.8470588235294118
0.05882352941176472
0.0
0.0
0.0
0.0
0.0
0.0
0.8509803921568627
0.6784313725490196
0.0
0.0
0.0
0.0
0.0
0.0
0.0
0.0
0.7803921568627451
0.996078431372549
0.2196078431372549
0.0
0.0
0.0
0.17647058823529416
0.6549019607843137
0.996078431372549
0.9098039215686274
0.22745098039215683
0.0
0.0
0.0
0.0
0.0
0.0
0.0
0.7529411764705882
0.9450980392156862
0.0
0.0
0.0
0.0
0.0
0.0
0.0
0.0
0.6
0.996078431372549
0.5019607843137255
0.0
0.06274509803921569
0.5450980392156863
0.9137254901960784
0.996078431372549
0.996078431372549
0.6549019607843137
0.0
0.0
0.0
0.0
0.0
0.0
0.0
0.0
0.9019607843137255
0.8117647058823529
0.0
0.0
0.0
0.0
0.0
0.0
0.0
0.0
0.2705882352941177
0.996078431372549
0.9215686274509804
0.6784313725490196
0.9490196078431372
0.996078431372549
0.9882352941176471
0.49411764705882355
0.9137254901960784
0.5176470588235293
0.0
0.0
0.0
0.0
0.0
0.0
0.0
0.40784313725490196
0.9882352941176471
0.48235294117647054
0.0
0.0
0.0
0.0
0.0
0.0
0.0
0.0
0.0039215686274509665
0.30980392156862746
0.9882352941176471
0.996078431372549
0.9764705882352941
0.6784313725490196
0.12549019607843137
0.02352941176470591
0.8274509803921568
0.5176470588235293
0.0
0.0
0.0
0.0
0.0
0.06666666666666665
0.6588235294117647
0.9882352941176471
0.803921568627451
0.019607843137254943
0.0
0.0
0.0
0.0
0.0
0.0
0.0
0.0
0.0
0.0
0.22352941176470587
0.28627450980392155
0.12549019607843137
0.0
0.0
0.0
0.7450980392156863
0.6431372549019607
0.0
0.0
0.050980392156862786
0.3019607843137255
0.7137254901960784
0.9294117647058824
0.996078431372549
0.8823529411764706
0.14901960784313728
0.0
0.0
0.0
0.0
0.0
0.0
0.0
0.0
0.0
0.0
0.0
0.0
0.0
0.0
0.0
0.0
0.0
0.3647058823529412
0.9568627450980391
0.7607843137254902
0.7607843137254902
0.9058823529411765
0.996078431372549
0.996078431372549
0.9803921568627452
0.6549019607843137
0.1098039215686275
0.0
0.0
0.0
0.0
0.0
0.0
0.0
0.0
0.0
0.0
0.0
0.0
0.0
0.0
0.0
0.0
0.0
0.0
0.02352941176470591
0.3411764705882353
0.7725490196078432
0.8196078431372549
0.8196078431372549
0.7098039215686274
0.48235294117647054
0.16470588235294115
0.0
0.0
0.0
0.0
0.0
0.0
0.0
0.0
0.0
0.0
0.0
0.0
0.0
0.0
0.0
0.0
0.0
0.0
0.0
0.0
0.0
0.0
0.0
0.0
0.0
0.0
0.0
0.0
0.0
0.0
0.0
0.0
0.0
0.0
0.0
0.0
0.0
0.0
0.0
0.0
0.0
0.0
0.0
0.0
0.0
0.0
0.0
0.0
0.0
0.0
0.0
0.0
0.0
0.0
0.0
0.0
0.0
0.0
0.0
0.0
0.0
0.0
0.0
0.0
0.0
0.0
0.0
0.0
0.0
0.0
0.0
0.0
0.0
0.0
0.0
0.0
0.0
0.0
0.0
0.0
0.0
0.0
0.0
0.0
0.0
0.0
0.0
0.0
0.0
0.0
0.0
0.0
0.0
0.0
0.0
0.0
0.0
0.0
0.0
0.0
0.0
0.0
0.0
0.0
0.0
0.0
0.0
0.0
0.0
0.0
0.0
0.0
0.0
0.0
0.0
0.0
0.0
0.0
0.0
0.0
0.0
0.0
0.0
0.0
0.0
0.0
0.0
0.0
0.0
0.0
0.0
0.0
0.0
0.0
0.0
0.0
0.0
0.0
0.0
0.0
0.0
0.0
0.0
0.0
0.0
0.0
0.0
0.0
0.0
0.0
0.0
0.0
0.0
0.0
0.0
0.0
0.0
0.0
0.0
0.0
0.0
0.0
0.0
0.0
0.0
0.0
0.0
0.0
0.0
0.0
0.0
0.0
0.0
0.0
0.0
0.0
0.0
0.0
0.0
0.0
0.0
0.0
0.0
0.0
0.0
0.0
0.0
0.0
0.0
0.0
0.0
0.0
0.0
0.0
0.0
0.0
0.0
0.0
0.0
0.0
0.0
0.0
0.0
0.0
0.0
0.0
0.0
0.0
0.0
0.0
0.0
0.0
0.0
0.0
0.0
0.0
0.0
0.0
0.0
0.0
0.0
0.0
0.0
0.0
0.0
0.0
0.0
0.0
0.0
0.0
0.0
