0.0
0.0
0.0
0.0
0.0
0.0
0.0
0.0
0.0
0.0
0.0
0.0
0.0
0.0
0.0
0.0
0.0
0.0
0.0
0.0
0.0
0.0
0.0
0.0
0.0
0.0
0.0
0.0
0.0
0.0
0.0
0.0
0.0
0.0
0.0
0.0
0.0
0.0
0.0
0.0
0.0
0.0
0.0
0.0
0.0
0.0
0.0
0.0
0.0
0.0
0.0
0.0
0.0
0.0
0.0
0.0
0.0
0.0
0.0
0.0
0.0
0.0
0.0
0.0
0.0
0.0
0.0
0.0
0.0
0.0
0.0
0.0
0.0
0.0
0.0
0.0
0.0
0.0
0.0
0.0
0.0
0.0
0.0
0.0
0.0
0.0
0.0
0.0
0.0
0.0
0.0
0.0
0.0
0.0
0.0
0.0
0.0
0.0
0.0
0.0
0.0
0.0
0.0
0.0
0.0
0.0
0.0
0.0
0.0
0.0
0.0
0.0
0.0
0.0
0.0
0.0
0.0
0.0
0.0
0.0
0.0
0.0
0.0
0.0
0.0
0.0
0.0
0.0
0.0
0.0
0.0
0.0
0.0
0.0
0.0
0.0
0.0
0.0
0.0
0.0
0.0
0.0
0.0
0.0
0.0
0.0
0.0
0.0
0.0
0.0
0.0
0.0
0.0
0.0
0.0
0.0
0.0
0.0
0.0
0.0
0.0
0.0
0.0
0.0
0.0
0.0
0.0
0.0
0.0
0.0
0.0
0.0
0.0
0.0
0.0
0.0
0.0
0.0
0.0
0.0
0.0
0.0
0.0
0.0
0.0
0.0
0.0
0.0
0.0
0.0
0.0
0.0
0.0
0.0
0.0
0.0
0.0
0.0
0.0
0.0
0.0
0.0
0.0
0.0
0.0
0.05882352941176472
0.5411764705882354
0.7686274509803921
0.7686274509803921
0.7686274509803921
0.7686274509803921
0.7686274509803921
0.44313725490196076
0.039215686274509776
0.0
0.0
0.0
0.0
0.0
0.0
0.0
0.0
0.0
0.0
0.0
0.0
0.0
0.0
0.0
0.0
0.0
0.0
0.28627450980392155
0.8862745098039215
0.9921568627450981
0.9921568627450981
0.8509803921568627
0.8313725490196078
0.8784313725490196
0.9921568627450981
0.996078431372549
0.7098039215686274
0.04313725490196074
0.0
0.0
0.0
0.0
0.0
0.0
0.0
0.0
0.0
0.0
0.0
0.0
0.0
0.0
0.0
0.0
0.388235294117647
0.9529411764705882
0.9647058823529412
0.4901960784313726
0.16078431372549018
0.02352941176470591
0.0
0.04705882352941182
0.16078431372549018
0.7647058823529411
0.9921568627450981
0.8117647058823529
0.04313725490196074
0.0
0.0
0.0
0.0
0.0
0.0
0.0
0.0
0.0
0.0
0.0
0.0
0.0
0.0
0.03137254901960784
0.9568627450980391
0.9686274509803922
0.2549019607843137
0.0
0.0
0.0
0.0
0.0
0.0
0.04705882352941182
0.4627450980392157
0.9921568627450981
0.29803921568627456
0.0
0.0
0.0
0.0
0.0
0.0
0.0
0.0
0.0
0.0
0.0
0.0
0.0
0.0
0.40784313725490196
0.9921568627450981
0.3176470588235294
0.0
0.0
0.0
0.0
0.0
0.0
0.0
0.0
0.0980392156862745
0.9921568627450981
0.5411764705882354
0.0
0.0
0.0
0.0
0.0
0.0
0.0
0.0
0.0
0.0
0.0
0.0
0.0
0.0
0.6745098039215687
0.9529411764705882
0.0980392156862745
0.0
0.0
0.0
0.0
0.0
0.0
0.0
0.0
0.06666666666666665
0.9921568627450981
0.2431372549019608
0.0
0.0
0.0
0.0
0.0
0.0
0.0
0.0
0.0
0.0
0.0
0.0
0.0
0.0
0.9843137254901961
0.8235294117647058
0.0
0.0
0.0
0.0
0.0
0.0
0.0
0.0
0.0
0.27450980392156865
0.9921568627450981
0.22352941176470587
0.0
0.0
0.0
0.0
0.0
0.0
0.0
0.0
0.0
0.0
0.0
0.0
0.0
0.0
1.0
0.607843137254902
0.0
0.0
0.0
0.0
0.0
0.0
0.0
0.0
0.14901960784313728
0.9019607843137255
0.7843137254901961
0.0
0.0
0.0
0.0
0.0
0.0
0.0
0.0
0.0
0.0
0.0
0.0
0.0
0.0
0.0
0.996078431372549
0.603921568627451
0.0
0.0
0.0
0.0
0.0
0.039215686274509776
0.06666666666666665
0.27450980392156865
0.9019607843137255
0.9254901960784314
0.25098039215686274
0.0
0.05490196078431375
0.06666666666666665
0.2431372549019608
0.47058823529411764
0.7058823529411764
0.39607843137254906
0.0
0.0
0.0
0.0
0.0
0.0
0.0
0.0
0.996078431372549
0.603921568627451
0.0
0.0
0.04705882352941182
0.16078431372549018
0.41960784313725485
0.8549019607843137
0.9921568627450981
0.9921568627450981
0.9725490196078431
0.1725490196078432
0.33725490196078434
0.5607843137254902
0.9411764705882353
0.9921568627450981
0.9921568627450981
0.9921568627450981
0.9921568627450981
0.9607843137254902
0.0
0.0
0.0
0.0
0.0
0.0
0.0
0.0
0.996078431372549
0.603921568627451
0.0
0.05882352941176472
0.8156862745098039
0.9921568627450981
0.9921568627450981
0.9921568627450981
0.9921568627450981
0.9921568627450981
0.996078431372549
0.9921568627450981
0.9921568627450981
0.9921568627450981
0.9725490196078431
0.8627450980392157
0.8627450980392157
0.5725490196078431
0.5411764705882354
0.16078431372549018
0.0
0.0
0.0
0.0
0.0
0.0
0.0
0.0
0.8392156862745098
0.8745098039215686
0.29803921568627456
0.5450980392156863
0.9921568627450981
0.9921568627450981
0.9019607843137255
0.8313725490196078
0.8313725490196078
0.8313725490196078
0.8352941176470589
0.8117647058823529
0.5098039215686274
0.5098039215686274
0.22352941176470587
0.0
0.0
0.0
0.0
0.0
0.0
0.0
0.0
0.0
0.0
0.0
0.0
0.0
0.44705882352941173
0.9921568627450981
0.9921568627450981
0.9647058823529412
0.8
0.47058823529411764
0.07450980392156858
0.0
0.0
0.0
0.0
0.0
0.0
0.0
0.0
0.0
0.0
0.0
0.0
0.0
0.0
0.0
0.0
0.0
0.0
0.0
0.0
0.0
0.007843137254901933
0.35686274509803917
0.41960784313725485
0.1098039215686275
0.0
0.0
0.0
0.0
0.0
0.0
0.0
0.0
0.0
0.0
0.0
0.0
0.0
0.0
0.0
0.0
0.0
0.0
0.0
0.0
0.0
0.0
0.0
0.0
0.0
0.0
0.0
0.0
0.0
0.0
0.0
0.0
0.0
0.0
0.0
0.0
0.0
0.0
0.0
0.0
0.0
0.0
0.0
0.0
0.0
0.0
0.0
0.0
0.0
0.0
0.0
0.0
0.0
0.0
0.0
0.0
0.0
0.0
0.0
0.0
0.0
0.0
0.0
0.0
0.0
0.0
0.0
0.0
0.0
0.0
0.0
0.0
0.0
0.0
0.0
0.0
0.0
0.0
0.0
0.0
0.0
0.0
0.0
0.0
0.0
0.0
0.0
0.0
0.0
0.0
0.0
0.0
0.0
0.0
0.0
0.0
0.0
0.0
0.0
0.0
0.0
0.0
0.0
0.0
0.0
0.0
0.0
0.0
0.0
0.0
0.0
0.0
0.0
0.0
0.0
0.0
0.0
0.0
0.0
0.0
0.0
0.0
0.0
0.0
0.0
0.0
0.0
0.0
0.0
0.0
0.0
0.0
0.0
0.0
0.0
0.0
0.0
0.0
0.0
0.0
0.0
0.0
0.0
0.0
0.0
0.0
0.0
0.0
0.0
0.0
0.0
0.0
0.0
0.0
0.0
0.0
0.0
0.0
0.0
0.0
0.0
0.0
0.0
0.0
0.0
0.0
0.0
0.0
0.0
0.0
0.0
0.0
0.0
0.0
0.0
0.0
0.0
0.0
0.0
0.0
0.0
0.0
0.0
0.0
0.0
0.0
0.0
0.0
0.0
0.0
0.0
0.0
0.0
0.0
0.0
0.0
0.0
0.0
0.0
0.0
0.0
0.0
0.0
0.0
0.0
0.0
0.0
0.0
0.0
0.0
0.0
0.0
0.0
0.0
