0.0
0.0
0.0
0.0
0.0
0.0
0.0
0.0
0.0
0.0
0.0
0.0
0.0
0.0
0.0
0.0
0.0
0.0
0.0
0.0
0.0
0.0
0.0
0.0
0.0
0.0
0.0
0.0
0.0
0.0
0.0
0.0
0.0
0.0
0.0
0.0
0.0
0.0
0.0
0.0
0.0
0.0
0.0
0.0
0.0
0.0
0.0
0.0
0.0
0.0
0.0
0.0
0.0
0.0
0.0
0.0
0.0
0.0
0.0
0.0
0.0
0.0
0.0
0.0
0.0
0.0
0.0
0.0
0.0
0.0
0.0
0.0
0.0
0.0
0.0
0.0
0.0
0.0
0.0
0.0
0.0
0.0
0.0
0.0
0.0
0.0
0.0
0.0
0.0
0.0
0.0
0.0
0.0
0.0
0.0
0.0
0.0
0.0
0.0
0.0
0.0
0.0
0.0
0.0
0.0
0.0
0.0
0.0
0.0
0.0
0.0
0.0
0.0
0.0
0.0
0.0
0.0
0.0
0.0
0.0
0.0
0.0
0.0
0.0
0.0
0.0
0.0
0.0
0.0
0.0
0.0
0.0
0.0
0.0
0.0
0.0
0.0
0.0
0.0
0.0
0.0
0.0
0.0
0.0
0.0
0.0
0.0
0.0
0.0
0.0
0.0
0.0
0.0
0.0
0.0
0.0
0.0
0.0
0.0
0.0
0.0
0.0
0.0
0.0
0.0
0.0
0.0
0.0
0.0
0.0
0.0
0.0
0.0
0.0
0.0
0.0
0.0
0.0
0.0
0.0
0.0
0.0
0.0
0.0
0.0
0.0
0.0
0.0
0.0
0.0
0.0
0.0
0.0
0.0
0.0
0.0
0.0
0.0
0.0
0.0
0.0
0.0
0.0
0.0
0.0
0.0
0.0
0.0
0.0
0.0
0.0
0.0
0.0
0.0
0.0
0.0
0.0
0.0
0.0
0.0
0.0
0.0
0.0
0.0
0.0
0.0
0.0
0.0
0.0
0.0
0.0
0.0
0.0
0.0
0.0
0.0
0.2313725490196078
0.6823529411764706
0.5529411764705883
0.0
0.0
0.0
0.0
0.0
0.0
0.0
0.0
0.0
0.0
0.0
0.0
0.0
0.0
0.0
0.0
0.0
0.0
0.0
0.0
0.0
0.0
0.0
0.21176470588235297
0.7176470588235294
0.9411764705882353
0.8980392156862745
0.9764705882352941
0.19215686274509802
0.0
0.0
0.0
0.0
0.0
0.0
0.0
0.027450980392156876
0.4549019607843138
0.5098039215686274
0.5098039215686274
0.0
0.0
0.0
0.0
0.0
0.0
0.0
0.0
0.0
0.0
0.16078431372549018
0.807843137254902
0.803921568627451
0.21568627450980393
0.019607843137254943
0.7568627450980392
0.6823529411764706
0.0
0.0
0.0
0.0
0.0
0.0
0.14117647058823535
0.6392156862745098
0.9921568627450981
0.9921568627450981
0.8784313725490196
0.0
0.0
0.0
0.0
0.0
0.0
0.0
0.0
0.0
0.02352941176470591
0.7450980392156863
0.8156862745098039
0.09019607843137256
0.0
0.0
0.6509803921568628
0.9490196078431372
0.0
0.0
0.0
0.0
0.03529411764705881
0.35686274509803917
0.8941176470588236
0.9764705882352941
0.7490196078431373
0.5254901960784314
0.14509803921568631
0.0
0.0
0.0
0.0
0.0
0.0
0.0
0.0
0.0
0.6313725490196078
0.9607843137254902
0.19999999999999996
0.0
0.0
0.0
0.6509803921568628
0.7333333333333334
0.0
0.0
0.04313725490196074
0.388235294117647
0.8352941176470589
0.9921568627450981
0.9725490196078431
0.38431372549019605
0.0
0.0
0.0
0.0
0.0
0.0
0.0
0.0
0.0
0.0
0.0
0.16470588235294115
0.9568627450980393
0.6745098039215687
0.0
0.0
0.0
0.0039215686274509665
0.6588235294117647
0.5568627450980392
0.0
0.17647058823529416
0.8549019607843137
0.9921568627450981
0.9333333333333333
0.44313725490196076
0.14901960784313728
0.0
0.0
0.0
0.0
0.0
0.0
0.0
0.0
0.0
0.0
0.0
0.0
0.6745098039215687
0.9921568627450981
0.3647058823529412
0.0
0.0
0.0
0.14509803921568631
0.9921568627450981
0.16470588235294115
0.45882352941176474
0.9176470588235294
0.9607843137254902
0.4862745098039216
0.18039215686274512
0.0
0.0
0.0
0.019607843137254943
0.14901960784313728
0.0
0.0
0.0
0.0
0.0
0.0
0.0
0.0
0.0
1.0
0.9921568627450981
0.039215686274509776
0.0
0.0
0.0
0.6274509803921569
0.9921568627450981
0.6627450980392157
0.9921568627450981
0.8431372549019608
0.34509803921568627
0.0
0.0
0.0
0.0
0.0
0.0
0.0
0.0
0.0
0.0
0.0
0.0
0.0
0.0
0.0
0.0
0.996078431372549
0.6313725490196078
0.0039215686274509665
0.0
0.0
0.2313725490196078
0.9450980392156862
0.9921568627450981
0.9921568627450981
0.7450980392156863
0.09411764705882353
0.0
0.0
0.0
0.0
0.0
0.0
0.0
0.0
0.0
0.0
0.0
0.0
0.0
0.0
0.0
0.0
0.0
1.0
0.6274509803921569
0.0
0.0
0.039215686274509776
0.7960784313725491
0.9921568627450981
0.9098039215686274
0.3019607843137255
0.0
0.0
0.0
0.0
0.0
0.0
0.0
0.0
0.0
0.0
0.0
0.0
0.0
0.0
0.0
0.0
0.0
0.0
0.0
0.5647058823529412
0.9725490196078431
0.37254901960784315
0.22745098039215683
0.9098039215686274
0.9921568627450981
0.7176470588235294
0.04313725490196074
0.0
0.0
0.0
0.0
0.0
0.0
0.0
0.0
0.0
0.0
0.0
0.0
0.0
0.0
0.0
0.0
0.0
0.0
0.0
0.0
0.05490196078431375
0.2823529411764706
0.11372549019607847
0.9215686274509804
0.9921568627450981
0.788235294117647
0.14901960784313728
0.0
0.0
0.0
0.0
0.0
0.0
0.0
0.0
0.0
0.0
0.0
0.0
0.0
0.0
0.0
0.0
0.0
0.0
0.0
0.0
0.0
0.0
0.0
0.5098039215686274
0.9921568627450981
0.9843137254901961
0.4862745098039216
0.0
0.0
0.0
0.0
0.0
0.0
0.0
0.0
0.0
0.0
0.0
0.0
0.0
0.0
0.0
0.0
0.0
0.0
0.0
0.0
0.0
0.0
0.0
0.0
0.23921568627450984
0.7294117647058824
0.4901960784313726
0.0
0.0
0.0
0.0
0.0
0.0
0.0
0.0
0.0
0.0
0.0
0.0
0.0
0.0
0.0
0.0
0.0
0.0
0.0
0.0
0.0
0.0
0.0
0.0
0.0
0.0
0.0
0.0
0.0
0.0
0.0
0.0
0.0
0.0
0.0
0.0
0.0
0.0
0.0
0.0
0.0
0.0
0.0
0.0
0.0
0.0
0.0
0.0
0.0
0.0
0.0
0.0
0.0
0.0
0.0
0.0
0.0
0.0
0.0
0.0
0.0
0.0
0.0
0.0
0.0
0.0
0.0
0.0
0.0
0.0
0.0
0.0
0.0
0.0
0.0
0.0
0.0
0.0
0.0
0.0
0.0
0.0
0.0
0.0
0.0
0.0
0.0
0.0
0.0
0.0
0.0
0.0
0.0
0.0
0.0
0.0
0.0
0.0
0.0
0.0
0.0
0.0
0.0
0.0
0.0
0.0
0.0
0.0
0.0
0.0
0.0
0.0
0.0
0.0
0.0
0.0
0.0
0.0
0.0
0.0
0.0
0.0
0.0
0.0
0.0
0.0
0.0
0.0
0.0
0.0
0.0
0.0
0.0
0.0
0.0
0.0
0.0
0.0
0.0
0.0
0.0
0.0
0.0
0.0
0.0
0.0
0.0
0.0
0.0
0.0
0.0
0.0
0.0
0.0
0.0
0.0
0.0
0.0
0.0
0.0
0.0
0.0
0.0
0.0
0.0
0.0
0.0
0.0
0.0
0.0
0.0
0.0
0.0
0.0
0.0
0.0
0.0
0.0
0.0
0.0
0.0
0.0
0.0
0.0
