0.0
0.0
0.0
0.0
0.0
0.0
0.0
0.0
0.0
0.0
0.0
0.0
0.0
0.0
0.0
0.0
0.0
0.0
0.0
0.0
0.0
0.0
0.0
0.0
0.0
0.0
0.0
0.0
0.0
0.0
0.0
0.0
0.0
0.0
0.0
0.0
0.0
0.0
0.0
0.0
0.0
0.0
0.0
0.0
0.0
0.0
0.0
0.0
0.0
0.0
0.0
0.0
0.0
0.0
0.0
0.0
0.0
0.0
0.0
0.0
0.0
0.0
0.0
0.0
0.0
0.0
0.0
0.0
0.0
0.0
0.0
0.0
0.0
0.0
0.0
0.0
0.0
0.0
0.0
0.0
0.0
0.0
0.0
0.0
0.0
0.0
0.0
0.0
0.0
0.0
0.0
0.0
0.0
0.0
0.0
0.0
0.0
0.0
0.0
0.0
0.0
0.0
0.0
0.0
0.0
0.0
0.0
0.0
0.0
0.0
0.0
0.0
0.0
0.0
0.0
0.0
0.0
0.0
0.0
0.0
0.0
0.0
0.0
0.0
0.0
0.0
0.0
0.0
0.0
0.0
0.0
0.0
0.0
0.0
0.0
0.0
0.0
0.0
0.0
0.0
0.0
0.0
0.0
0.0
0.0
0.0
0.0
0.0
0.0
0.0
0.0
0.0
0.0
0.0
0.0
0.0
0.0
0.21568627450980393
0.996078431372549
0.996078431372549
0.996078431372549
0.3921568627450981
0.0
0.0
0.0
0.0
0.0
0.0
0.0
0.0
0.0
0.0
0.0
0.0
0.0
0.1568627450980392
0.5686274509803921
0.40784313725490196
0.0
0.0
0.0
0.0
0.0
0.0
0.12941176470588234
0.8549019607843137
0.9921568627450981
0.9921568627450981
0.9921568627450981
0.8313725490196078
0.05490196078431375
0.0
0.0
0.0
0.0
0.0
0.0
0.0
0.0
0.0
0.0
0.0
0.02352941176470591
0.7137254901960784
0.9921568627450981
0.7058823529411764
0.0
0.0
0.0
0.0
0.0
0.0
0.615686274509804
0.9921568627450981
0.9607843137254902
0.8509803921568627
0.9647058823529412
0.9921568627450981
0.388235294117647
0.0
0.0
0.0
0.0
0.0
0.0
0.0
0.0
0.0
0.0
0.0
0.23529411764705888
0.9921568627450981
0.9921568627450981
0.7058823529411764
0.0
0.0
0.0
0.0
0.0
0.0
0.615686274509804
0.9921568627450981
0.6627450980392157
0.0
0.7176470588235294
0.9921568627450981
0.6470588235294117
0.0117647058823529
0.0
0.0
0.0
0.0
0.0
0.0
0.0
0.0
0.0
0.1843137254901961
0.8862745098039215
0.9921568627450981
0.9921568627450981
0.3686274509803922
0.0
0.0
0.0
0.11764705882352944
0.11764705882352944
0.0
0.5019607843137255
0.5137254901960784
0.08235294117647063
0.0
0.33725490196078434
0.9921568627450981
0.9921568627450981
0.04313725490196074
0.0
0.0
0.0
0.0
0.0
0.0
0.0
0.0
0.039215686274509776
0.8941176470588236
0.9921568627450981
0.9921568627450981
0.6745098039215687
0.05490196078431375
0.0
0.0
0.4666666666666667
0.8705882352941177
0.8392156862745098
0.0
0.03529411764705881
0.07843137254901966
0.0
0.0
0.23921568627450984
0.9529411764705882
0.9921568627450981
0.18039215686274512
0.0
0.0
0.0
0.0
0.0
0.0
0.0
0.0
0.207843137254902
0.9921568627450981
0.9921568627450981
0.8392156862745098
0.05490196078431375
0.0
0.0
0.12941176470588234
0.9333333333333333
0.9921568627450981
0.9490196078431372
0.0
0.0
0.0
0.0
0.0
0.0
0.8549019607843137
0.9921568627450981
0.6784313725490196
0.0
0.0
0.0
0.0
0.0
0.0
0.0
0.0
0.34509803921568627
0.9921568627450981
0.9921568627450981
0.39607843137254906
0.0
0.0
0.0
0.788235294117647
0.9921568627450981
0.9921568627450981
0.7686274509803921
0.0
0.0
0.0
0.0
0.0
0.0
0.8549019607843137
0.9921568627450981
0.9921568627450981
0.0
0.0
0.0
0.0
0.0
0.0
0.0
0.0
0.48235294117647054
0.9921568627450981
0.9333333333333333
0.18823529411764706
0.0
0.0
0.14509803921568631
0.9137254901960784
0.9921568627450981
0.9921568627450981
0.4784313725490196
0.0
0.0
0.0
0.0
0.0
0.0
0.6509803921568628
0.9921568627450981
0.9921568627450981
0.0
0.0
0.0
0.0
0.0
0.0
0.0
0.0
0.5215686274509803
0.9921568627450981
0.8509803921568627
0.0
0.0
0.0
0.788235294117647
0.9921568627450981
0.9921568627450981
0.9921568627450981
0.4784313725490196
0.0
0.0
0.0
0.0
0.0
0.0
0.38431372549019605
0.9921568627450981
0.9921568627450981
0.0
0.0
0.0
0.0
0.0
0.0
0.0
0.0
0.5490196078431373
0.996078431372549
0.8549019607843137
0.0
0.0117647058823529
0.7764705882352941
0.996078431372549
0.996078431372549
0.996078431372549
0.996078431372549
0.48235294117647054
0.0
0.0
0.0
0.0
0.0
0.0
0.8588235294117648
0.996078431372549
0.5176470588235293
0.0
0.0
0.0
0.0
0.0
0.0
0.0
0.0
0.996078431372549
0.9921568627450981
0.8509803921568627
0.019607843137254943
0.5372549019607843
0.9921568627450981
0.9921568627450981
0.9921568627450981
0.9921568627450981
0.9921568627450981
0.20392156862745103
0.0
0.0
0.0
0.0
0.0
0.19215686274509802
0.9333333333333333
0.9921568627450981
0.24705882352941178
0.0
0.0
0.0
0.0
0.0
0.0
0.0
0.0
0.9294117647058824
0.9921568627450981
0.8705882352941177
0.5333333333333333
0.9921568627450981
0.9921568627450981
0.9450980392156862
0.6784313725490196
0.9921568627450981
0.9921568627450981
0.07058823529411762
0.0
0.0
0.0
0.0
0.0
0.33725490196078434
0.9921568627450981
0.9921568627450981
0.04313725490196074
0.0
0.0
0.0
0.0
0.0
0.0
0.0
0.0
0.5215686274509803
0.9921568627450981
0.9921568627450981
0.9921568627450981
0.9921568627450981
0.9372549019607843
0.30980392156862746
0.38431372549019605
0.9921568627450981
0.9921568627450981
0.4784313725490196
0.0
0.0
0.0
0.0
0.0
0.4274509803921569
0.9921568627450981
0.9921568627450981
0.04313725490196074
0.0
0.0
0.0
0.0
0.0
0.0
0.0
0.0
0.1725490196078432
0.8901960784313725
0.9921568627450981
0.9921568627450981
0.7098039215686274
0.20392156862745103
0.0
0.1098039215686275
0.9294117647058824
0.9921568627450981
0.4784313725490196
0.0
0.0
0.0
0.0
0.07058823529411762
0.8509803921568627
0.9921568627450981
0.6862745098039216
0.015686274509803977
0.0
0.0
0.0
0.0
0.0
0.0
0.0
0.0
0.0
0.13725490196078427
0.23529411764705888
0.23529411764705888
0.06666666666666665
0.0
0.0
0.0
0.9019607843137255
0.9921568627450981
0.611764705882353
0.0
0.0
0.0
0.207843137254902
0.4901960784313726
0.9921568627450981
0.9921568627450981
0.43137254901960786
0.0
0.0
0.0
0.0
0.0
0.0
0.0
0.0
0.0
0.0
0.0
0.0
0.0
0.0
0.0
0.0
0.0
0.3764705882352941
0.9803921568627451
0.9647058823529412
0.14509803921568631
0.0
0.06666666666666665
0.807843137254902
0.9921568627450981
0.9921568627450981
0.5254901960784314
0.019607843137254943
0.0
0.0
0.0
0.0
0.0
0.0
0.0
0.0
0.0
0.0
0.0
0.0
0.0
0.0
0.0
0.0
0.0
0.0
0.7686274509803921
0.996078431372549
0.9137254901960784
0.8549019607843137
0.8823529411764706
0.9921568627450981
0.9921568627450981
0.7058823529411764
0.019607843137254943
0.0
0.0
0.0
0.0
0.0
0.0
0.0
0.0
0.0
0.0
0.0
0.0
0.0
0.0
0.0
0.0
0.0
0.0
0.0
0.27450980392156865
0.996078431372549
0.9921568627450981
0.9921568627450981
0.9921568627450981
0.9921568627450981
0.8705882352941177
0.15294117647058825
0.0
0.0
0.0
0.0
0.0
0.0
0.0
0.0
0.0
0.0
0.0
0.0
0.0
0.0
0.0
0.0
0.0
0.0
0.0
0.0
0.0
0.2941176470588235
0.5176470588235293
0.5176470588235293
0.5176470588235293
0.40784313725490196
0.03137254901960784
0.0
0.0
0.0
0.0
0.0
0.0
0.0
0.0
0.0
0.0
0.0
0.0
0.0
0.0
0.0
0.0
0.0
0.0
0.0
0.0
0.0
0.0
0.0
0.0
0.0
0.0
0.0
0.0
0.0
0.0
0.0
0.0
0.0
0.0
0.0
0.0
0.0
0.0
0.0
0.0
0.0
0.0
0.0
0.0
0.0
0.0
0.0
0.0
0.0
0.0
0.0
0.0
0.0
0.0
0.0
0.0
0.0
0.0
0.0
0.0
0.0
0.0
0.0
0.0
0.0
0.0
0.0
0.0
0.0
0.0
0.0
0.0
0.0
0.0
0.0
0.0
0.0
0.0
0.0
0.0
0.0
0.0
0.0
0.0
0.0
0.0
0.0
0.0
0.0
0.0
0.0
0.0
