0.0
0.0
0.0
0.0
0.0
0.0
0.0
0.0
0.0
0.0
0.0
0.0
0.0
0.0
0.0
0.0
0.0
0.0
0.0
0.0
0.0
0.0
0.0
0.0
0.0
0.0
0.0
0.0
0.0
0.0
0.0
0.0
0.0
0.0
0.0
0.0
0.0
0.0
0.0
0.0
0.0
0.0
0.0
0.0
0.0
0.0
0.0
0.0
0.0
0.0
0.0
0.0
0.0
0.0
0.0
0.0
0.0
0.0
0.0
0.0
0.0
0.0
0.0
0.0
0.0
0.0
0.0
0.0
0.0
0.0
0.0
0.0
0.0
0.0
0.0
0.0
0.0
0.0
0.0
0.0
0.0
0.0
0.0
0.0
0.0
0.0
0.0
0.0
0.0
0.0
0.0
0.0
0.0
0.0
0.0
0.0
0.0
0.0
0.0
0.0
0.0
0.0
0.0
0.0
0.0
0.0
0.0
0.0
0.0
0.0
0.0
0.0
0.0
0.0
0.0
0.0
0.0
0.0
0.0
0.0
0.0
0.0
0.0
0.0
0.0
0.0
0.0
0.0
0.0
0.0
0.0
0.0
0.0
0.0
0.0
0.0
0.0
0.0
0.0
0.0
0.0
0.0
0.0
0.0
0.0
0.0
0.0
0.0
0.0
0.0
0.0
0.0
0.0
0.0
0.0
0.0
0.0
0.0
0.0
0.0
0.0
0.0
0.0
0.0
0.0
0.0
0.0
0.0
0.0
0.0
0.0
0.0
0.0
0.0
0.0
0.0
0.0
0.0
0.0
0.0
0.0
0.0
0.0
0.0
0.0
0.0
0.0
0.0
0.0
0.0
0.0
0.0
0.0
0.0
0.0
0.0
0.0
0.0
0.0
0.0
0.0
0.0
0.0
0.0
0.0
0.0
0.0
0.0
0.0
0.0
0.0
0.0
0.0
0.0
0.0
0.0
0.0
0.0
0.0
0.0
0.0
0.0
0.0
0.0
0.0
0.0
0.0
0.0
0.0
0.0
0.0
0.0
0.0
0.0
0.0
0.0
0.0
0.0
0.0
0.0
0.0
0.0
0.0
0.0
0.0
0.0
0.0
0.0
0.0
0.0
0.0
0.0
0.0
0.0
0.0
0.0
0.0
0.0
0.14509803921568631
0.9372549019607843
0.8745098039215686
0.5529411764705883
0.05490196078431375
0.0
0.0
0.0
0.0
0.18039215686274512
0.18039215686274512
0.0
0.0
0.0
0.0
0.0
0.0
0.0
0.0
0.0
0.0
0.0
0.0
0.0
0.0
0.0
0.0
0.0
0.5529411764705883
0.9921568627450981
0.9921568627450981
0.9921568627450981
0.7254901960784313
0.03137254901960784
0.0
0.0
0.3411764705882353
0.9568627450980393
0.9607843137254902
0.6274509803921569
0.0
0.0
0.0
0.0
0.0
0.0
0.0
0.0
0.0
0.0
0.0
0.0
0.0
0.0
0.0
0.0
0.611764705882353
0.9921568627450981
0.9921568627450981
0.9921568627450981
0.9921568627450981
0.5294117647058824
0.0
0.33333333333333337
0.9686274509803922
0.9921568627450981
0.996078431372549
0.7960784313725491
0.0
0.0
0.0
0.07450980392156858
0.33725490196078434
0.6862745098039216
0.6862745098039216
0.42352941176470593
0.0
0.0
0.0
0.0
0.0
0.0
0.0
0.0
0.611764705882353
0.9921568627450981
0.9921568627450981
0.9921568627450981
0.9921568627450981
0.03137254901960784
0.19215686274509802
0.9686274509803922
0.9921568627450981
0.9921568627450981
0.996078431372549
0.3254901960784313
0.0
0.0
0.0
0.2549019607843137
0.8352941176470589
0.9450980392156862
0.9921568627450981
0.8156862745098039
0.0
0.0
0.0
0.0
0.0
0.0
0.0
0.0
0.611764705882353
0.9921568627450981
0.9921568627450981
0.8431372549019608
0.9921568627450981
0.6196078431372549
0.9568627450980393
0.9921568627450981
0.9921568627450981
0.9921568627450981
0.9058823529411765
0.09411764705882353
0.0
0.0
0.0
0.09019607843137256
0.0
0.5411764705882354
0.9921568627450981
0.9921568627450981
0.0
0.0
0.0
0.0
0.0
0.0
0.0
0.0
0.8509803921568627
0.996078431372549
0.996078431372549
0.996078431372549
0.996078431372549
1.0
0.996078431372549
0.996078431372549
0.996078431372549
0.996078431372549
0.8196078431372549
0.03529411764705881
0.0
0.0
0.0
0.0
0.13725490196078427
0.8784313725490196
0.996078431372549
0.996078431372549
0.0
0.0
0.0
0.0
0.0
0.0
0.0
0.0
0.9647058823529412
0.9921568627450981
0.9921568627450981
0.9921568627450981
0.9921568627450981
0.996078431372549
0.9843137254901961
0.6470588235294117
0.7803921568627451
0.9921568627450981
0.996078431372549
0.5098039215686274
0.02352941176470591
0.0
0.0
0.13725490196078427
0.8509803921568627
0.9921568627450981
0.9921568627450981
0.9607843137254902
0.0
0.0
0.0
0.0
0.0
0.0
0.0
0.0
0.4980392156862745
0.9921568627450981
0.9921568627450981
0.9921568627450981
0.9921568627450981
0.7176470588235294
0.2823529411764706
0.0
0.2705882352941177
0.9921568627450981
0.996078431372549
0.9921568627450981
0.7803921568627451
0.6862745098039216
0.6862745098039216
0.8784313725490196
0.9921568627450981
0.9921568627450981
0.7647058823529411
0.18823529411764706
0.0
0.0
0.0
0.0
0.0
0.0
0.0
0.0
0.019607843137254943
0.4
0.45882352941176474
0.45882352941176474
0.6
0.03137254901960784
0.0
0.0
0.0117647058823529
0.5137254901960784
0.996078431372549
0.9921568627450981
0.9921568627450981
0.9921568627450981
0.9921568627450981
0.996078431372549
0.9803921568627451
0.5725490196078431
0.06274509803921569
0.0
0.0
0.0
0.0
0.0
0.0
0.0
0.0
0.0
0.0
0.0
0.0
0.0
0.0
0.0
0.0
0.0
0.0
0.0
0.3176470588235294
0.607843137254902
0.607843137254902
0.607843137254902
0.607843137254902
0.607843137254902
0.2666666666666667
0.0
0.0
0.0
0.0
0.0
0.0
0.0
0.0
0.0
0.0
0.0
0.0
0.0
0.0
0.0
0.0
0.0
0.0
0.0
0.0
0.0
0.0
0.0
0.0
0.0
0.0
0.0
0.0
0.0
0.0
0.0
0.0
0.0
0.0
0.0
0.0
0.0
0.0
0.0
0.0
0.0
0.0
0.0
0.0
0.0
0.0
0.0
0.0
0.0
0.0
0.0
0.0
0.0
0.0
0.0
0.0
0.0
0.0
0.0
0.0
0.0
0.0
0.0
0.0
0.0
0.0
0.0
0.0
0.0
0.0
0.0
0.0
0.0
0.0
0.0
0.0
0.0
0.0
0.0
0.0
0.0
0.0
0.0
0.0
0.0
0.0
0.0
0.0
0.0
0.0
0.0
0.0
0.0
0.0
0.0
0.0
0.0
0.0
0.0
0.0
0.0
0.0
0.0
0.0
0.0
0.0
0.0
0.0
0.0
0.0
0.0
0.0
0.0
0.0
0.0
0.0
0.0
0.0
0.0
0.0
0.0
0.0
0.0
0.0
0.0
0.0
0.0
0.0
0.0
0.0
0.0
0.0
0.0
0.0
0.0
0.0
0.0
0.0
0.0
0.0
0.0
0.0
0.0
0.0
0.0
0.0
0.0
0.0
0.0
0.0
0.0
0.0
0.0
0.0
0.0
0.0
0.0
0.0
0.0
0.0
0.0
0.0
0.0
0.0
0.0
0.0
0.0
0.0
0.0
0.0
0.0
0.0
0.0
0.0
0.0
0.0
0.0
0.0
0.0
0.0
0.0
0.0
0.0
0.0
0.0
0.0
0.0
0.0
0.0
0.0
0.0
0.0
0.0
0.0
0.0
0.0
0.0
0.0
0.0
0.0
0.0
0.0
0.0
0.0
0.0
0.0
0.0
0.0
0.0
0.0
0.0
0.0
0.0
0.0
0.0
0.0
0.0
0.0
0.0
0.0
0.0
0.0
0.0
0.0
0.0
0.0
0.0
0.0
0.0
0.0
0.0
0.0
0.0
0.0
0.0
0.0
0.0
0.0
0.0
0.0
0.0
0.0
0.0
0.0
0.0
0.0
0.0
0.0
0.0
0.0
0.0
0.0
0.0
0.0
0.0
0.0
0.0
