0.0
0.0
0.0
0.0
0.0
0.0
0.0
0.0
0.0
0.0
0.0
0.0
0.0
0.0
0.0
0.0
0.0
0.0
0.0
0.0
0.0
0.0
0.0
0.0
0.0
0.0
0.0
0.0
0.0
0.0
0.0
0.0
0.0
0.0
0.0
0.0
0.0
0.0
0.0
0.0
0.0
0.0
0.0
0.0
0.0
0.0
0.0
0.0
0.0
0.0
0.0
0.0
0.0
0.0
0.0
0.0
0.0
0.0
0.0
0.0
0.0
0.0
0.0
0.0
0.0
0.0
0.0
0.0
0.0
0.0
0.0
0.0
0.0
0.0
0.0
0.0
0.0
0.0
0.0
0.0
0.0
0.0
0.0
0.0
0.0
0.0
0.0
0.0
0.0
0.0
0.0
0.0
0.0
0.0
0.0
0.0
0.0
0.0
0.0
0.0
0.0
0.0
0.0
0.0
0.0
0.0
0.0
0.0
0.0
0.0
0.0
0.0
0.0
0.0
0.0
0.0
0.0
0.0
0.0
0.0
0.0
0.0
0.0
0.0
0.0
0.0
0.0
0.0
0.0
0.0
0.0
0.0
0.0
0.0
0.0
0.0
0.0
0.0
0.0
0.0
0.0
0.0
0.0
0.0
0.0
0.0
0.0
0.06274509803921569
0.3176470588235294
0.596078431372549
0.596078431372549
0.584313725490196
0.16470588235294115
0.0
0.0
0.0
0.0
0.0
0.0
0.0
0.0
0.0
0.0
0.0
0.0
0.0
0.0
0.0
0.0
0.0
0.0
0.0
0.0
0.0
0.23529411764705888
0.9019607843137255
0.996078431372549
0.996078431372549
0.996078431372549
0.996078431372549
0.9647058823529412
0.7725490196078432
0.5686274509803921
0.36078431372549025
0.03529411764705881
0.0
0.0
0.0
0.0
0.0
0.0
0.0
0.0
0.0
0.0
0.0
0.0
0.0
0.0
0.0
0.0
0.0
0.8235294117647058
0.996078431372549
0.996078431372549
0.8784313725490196
0.5058823529411764
0.5176470588235293
0.9529411764705882
0.8235294117647058
0.996078431372549
0.996078431372549
0.6431372549019607
0.0
0.0
0.0
0.0
0.0
0.0
0.0
0.0
0.0
0.0
0.0
0.0
0.0
0.0
0.0
0.0
0.0
0.9686274509803922
0.996078431372549
0.8823529411764706
0.16078431372549018
0.0
0.0
0.14509803921568631
0.36078431372549025
0.996078431372549
0.996078431372549
0.9294117647058824
0.10196078431372546
0.0
0.0
0.0
0.0
0.0
0.0
0.0
0.0
0.0
0.0
0.0
0.0
0.0
0.0
0.0
0.0
0.6352941176470588
0.996078431372549
0.4549019607843138
0.0
0.0
0.0
0.0
0.17647058823529416
0.8352941176470589
0.996078431372549
0.996078431372549
0.3647058823529412
0.0
0.0
0.0
0.0
0.0
0.0
0.0
0.0
0.0
0.0
0.0
0.0
0.0
0.0
0.0
0.0
0.41960784313725485
0.996078431372549
0.7568627450980392
0.05490196078431375
0.0
0.0
0.0
0.0
0.580392156862745
0.996078431372549
0.996078431372549
0.6941176470588235
0.0
0.0
0.0
0.0
0.0
0.0
0.0
0.0
0.0
0.0
0.0
0.0
0.0
0.0
0.0
0.0
0.996078431372549
0.996078431372549
0.8431372549019608
0.11372549019607847
0.0
0.0
0.0
0.0
0.9254901960784314
0.996078431372549
0.996078431372549
0.996078431372549
0.27450980392156865
0.0
0.0
0.0
0.0
0.0
0.0
0.0
0.0
0.0
0.0
0.0
0.0
0.0
0.0
0.0
0.9215686274509804
0.996078431372549
0.5333333333333333
0.0
0.0
0.0
0.0
0.06666666666666665
0.8235294117647058
0.996078431372549
0.996078431372549
0.996078431372549
0.2784313725490196
0.0
0.0
0.0
0.0
0.0
0.0
0.0
0.0
0.0
0.0
0.0
0.0
0.0
0.0
0.0
0.6509803921568628
0.996078431372549
0.6823529411764706
0.0
0.0
0.0
0.0
0.2823529411764706
0.996078431372549
0.996078431372549
0.996078431372549
0.996078431372549
0.2784313725490196
0.0
0.0
0.0
0.0
0.0
0.0
0.0
0.0
0.0
0.0
0.0
0.0
0.0
0.0
0.0
0.4862745098039216
0.996078431372549
0.803921568627451
0.0
0.0
0.0
0.0
0.2823529411764706
0.996078431372549
0.996078431372549
0.996078431372549
0.996078431372549
0.2784313725490196
0.0
0.0
0.0
0.0
0.0
0.0
0.0
0.0
0.0
0.0
0.0
0.0
0.0
0.0
0.0
0.2784313725490196
0.996078431372549
0.8862745098039215
0.06666666666666665
0.0
0.0
0.0
0.2823529411764706
0.996078431372549
0.996078431372549
0.996078431372549
0.9921568627450981
0.2588235294117647
0.0
0.0
0.0
0.0
0.0
0.0
0.050980392156862786
0.0
0.0
0.0
0.0
0.0
0.0
0.0
0.0
0.0
0.9490196078431372
0.996078431372549
0.4117647058823529
0.0
0.0
0.0
0.28627450980392155
0.7490196078431373
0.996078431372549
0.996078431372549
0.792156862745098
0.0
0.0
0.0
0.0
0.0
0.0117647058823529
0.18039215686274512
0.9176470588235295
0.0
0.0
0.0
0.0
0.0
0.0
0.0
0.0
0.0
0.7137254901960784
0.996078431372549
0.7411764705882353
0.0
0.0
0.0
0.7725490196078432
0.9764705882352941
0.996078431372549
0.9607843137254902
0.1568627450980392
0.0
0.0
0.0
0.0
0.050980392156862786
0.7529411764705882
0.996078431372549
0.996078431372549
0.0
0.0
0.0
0.0
0.0
0.0
0.0
0.0
0.0
0.196078431372549
0.9725490196078431
0.9921568627450981
0.20392156862745103
0.0
0.0
0.9843137254901961
0.996078431372549
0.9529411764705882
0.27450980392156865
0.0
0.0
0.0862745098039216
0.2666666666666667
0.6588235294117647
0.9725490196078431
0.996078431372549
0.996078431372549
0.996078431372549
0.0
0.0
0.0
0.0
0.0
0.0
0.0
0.0
0.0
0.0
0.8196078431372549
0.996078431372549
0.6196078431372549
0.05882352941176472
0.07450980392156858
0.49411764705882355
0.996078431372549
0.6235294117647059
0.027450980392156876
0.388235294117647
0.9137254901960784
0.9411764705882353
0.996078431372549
0.996078431372549
0.996078431372549
0.996078431372549
0.9137254901960784
0.41960784313725485
0.0
0.0
0.0
0.0
0.0
0.0
0.0
0.0
0.0
0.0
0.4901960784313726
0.996078431372549
0.996078431372549
0.8980392156862745
0.9058823529411765
0.996078431372549
0.996078431372549
0.9254901960784314
0.8784313725490196
0.996078431372549
0.996078431372549
0.996078431372549
0.996078431372549
0.9098039215686274
0.7843137254901961
0.3294117647058824
0.08235294117647063
0.0
0.0
0.0
0.0
0.0
0.0
0.0
0.0
0.0
0.0
0.0
0.039215686274509776
0.2431372549019608
0.8196078431372549
0.9333333333333333
0.996078431372549
0.8745098039215686
0.996078431372549
0.996078431372549
0.996078431372549
0.996078431372549
0.996078431372549
0.5450980392156863
0.19215686274509802
0.0862745098039216
0.0
0.0
0.0
0.0
0.0
0.0
0.0
0.0
0.0
0.0
0.0
0.0
0.0
0.0
0.0
0.0
0.0
0.09411764705882353
0.2431372549019608
0.34509803921568627
0.2666666666666667
0.2431372549019608
0.2431372549019608
0.2431372549019608
0.23921568627450984
0.0
0.0
0.0
0.0
0.0
0.0
0.0
0.0
0.0
0.0
0.0
0.0
0.0
0.0
0.0
0.0
0.0
0.0
0.0
0.0
0.0
0.0
0.0
0.0
0.0
0.0
0.0
0.0
0.0
0.0
0.0
0.0
0.0
0.0
0.0
0.0
0.0
0.0
0.0
0.0
0.0
0.0
0.0
0.0
0.0
0.0
0.0
0.0
0.0
0.0
0.0
0.0
0.0
0.0
0.0
0.0
0.0
0.0
0.0
0.0
0.0
0.0
0.0
0.0
0.0
0.0
0.0
0.0
0.0
0.0
0.0
0.0
0.0
0.0
0.0
0.0
0.0
0.0
0.0
0.0
0.0
0.0
0.0
0.0
0.0
0.0
0.0
0.0
0.0
0.0
0.0
0.0
0.0
0.0
0.0
0.0
0.0
0.0
0.0
0.0
0.0
0.0
0.0
0.0
0.0
0.0
0.0
0.0
0.0
0.0
0.0
0.0
0.0
0.0
0.0
0.0
0.0
0.0
0.0
0.0
0.0
0.0
0.0
0.0
0.0
0.0
0.0
0.0
0.0
0.0
0.0
0.0
0.0
0.0
0.0
0.0
0.0
0.0
0.0
0.0
0.0
0.0
0.0
0.0
0.0
0.0
0.0
0.0
0.0
