0.0
0.0
0.0
0.0
0.0
0.0
0.0
0.0
0.0
0.0
0.0
0.0
0.0
0.0
0.0
0.0
0.0
0.0
0.0
0.0
0.0
0.0
0.0
0.0
0.0
0.0
0.0
0.0
0.0
0.0
0.0
0.0
0.0
0.0
0.0
0.0
0.0
0.0
0.0
0.0
0.0
0.0
0.0
0.0
0.0
0.0
0.0
0.0
0.0
0.0
0.0
0.0
0.0
0.0
0.0
0.0
0.0
0.0
0.0
0.0
0.0
0.0
0.0
0.0
0.0
0.0
0.0
0.0
0.0
0.0
0.0
0.0
0.0
0.0
0.0
0.0
0.0
0.0
0.0
0.0
0.0
0.0
0.0
0.0
0.0
0.0
0.0
0.0
0.0
0.0
0.0
0.0
0.0
0.0
0.0
0.0
0.0
0.0
0.0
0.0
0.0
0.0
0.0
0.0
0.0
0.0
0.0
0.0
0.0
0.0
0.0
0.0
0.0
0.0
0.0
0.0
0.0
0.0
0.0
0.0
0.0
0.0
0.0
0.0
0.0
0.0
0.0
0.0
0.0
0.0
0.0
0.0
0.0
0.0
0.0
0.0
0.0
0.0
0.0
0.0
0.0
0.0
0.0
0.0
0.0
0.0
0.0
0.0
0.0
0.0
0.0
0.0
0.0
0.0
0.0
0.0
0.0
0.0
0.0
0.0
0.0
0.0
0.0
0.0
0.0
0.0
0.0
0.0
0.0
0.0
0.0
0.0
0.0
0.0
0.0
0.0
0.0
0.0
0.0
0.0
0.0
0.0
0.0
0.0
0.0
0.0
0.0
0.16078431372549018
0.6
0.7333333333333334
0.4784313725490196
0.06274509803921569
0.0
0.0
0.0
0.0
0.0
0.0
0.0
0.0
0.0
0.0
0.0
0.0
0.0
0.0
0.0
0.0
0.0
0.0
0.0
0.0
0.0
0.0
0.0
0.7725490196078432
0.9607843137254902
0.9921568627450981
0.9921568627450981
0.596078431372549
0.0
0.0
0.0
0.0
0.0
0.0
0.0
0.0
0.0
0.0
0.0
0.0
0.0
0.0
0.0
0.0
0.0
0.0
0.0
0.0
0.0
0.0
0.0
0.0
0.3137254901960784
0.9529411764705882
0.9921568627450981
0.9921568627450981
0.0
0.0
0.0
0.0
0.0
0.0
0.0
0.0
0.0
0.0
0.0
0.0
0.0
0.0
0.0
0.0
0.0
0.0
0.0
0.0
0.0
0.0
0.0
0.0
0.0
0.4980392156862745
0.9921568627450981
0.8274509803921568
0.0
0.0
0.0
0.0
0.0
0.0
0.0
0.0
0.0
0.0
0.3647058823529412
0.4392156862745098
0.0
0.0
0.0
0.0
0.0
0.0
0.0
0.0
0.0
0.0
0.0
0.0
0.0
0.7137254901960784
0.9921568627450981
0.7254901960784313
0.0
0.0
0.0
0.0
0.0
0.0
0.0
0.0
0.0
0.4862745098039216
0.9215686274509804
0.6588235294117647
0.0
0.0
0.0
0.007843137254901933
0.5372549019607843
0.7529411764705882
0.0862745098039216
0.0
0.0
0.0
0.0
0.0
0.11764705882352944
0.9137254901960784
0.9921568627450981
0.5764705882352941
0.0
0.0
0.0
0.0
0.0
0.0
0.0
0.0
0.0
0.7725490196078432
0.9921568627450981
0.26274509803921564
0.0
0.0
0.015686274509803977
0.5647058823529412
0.9921568627450981
0.9529411764705882
0.16078431372549018
0.0
0.0
0.0
0.0
0.0
0.34901960784313724
0.9921568627450981
0.9921568627450981
0.18039215686274512
0.0
0.0
0.0
0.0
0.0
0.0
0.0
0.0
0.3058823529411765
0.9490196078431372
0.9921568627450981
0.26274509803921564
0.0
0.0
0.22352941176470587
0.9921568627450981
0.9921568627450981
0.788235294117647
0.0
0.0
0.0
0.0
0.0
0.03529411764705881
0.7960784313725491
0.9921568627450981
0.8156862745098039
0.039215686274509776
0.0
0.0
0.0
0.0
0.0
0.0
0.0
0.0
0.5882352941176471
0.9921568627450981
0.6196078431372549
0.007843137254901933
0.0
0.2313725490196078
0.9372549019607843
0.9921568627450981
0.9921568627450981
0.3294117647058824
0.0
0.0
0.0
0.0
0.0
0.5490196078431373
0.9921568627450981
0.9921568627450981
0.37254901960784315
0.0
0.0
0.0
0.0
0.0
0.0
0.0
0.0
0.0
0.8980392156862745
0.9921568627450981
0.44705882352941173
0.0
0.388235294117647
0.9215686274509804
0.9921568627450981
0.9921568627450981
0.9803921568627452
0.13725490196078427
0.0
0.0
0.0
0.0
0.3764705882352941
0.9686274509803922
0.9921568627450981
0.8196078431372549
0.09019607843137256
0.0
0.0
0.0
0.0
0.0
0.0
0.0
0.0
0.0
1.0
0.9921568627450981
0.4627450980392157
0.4274509803921569
0.9333333333333333
0.9921568627450981
0.9098039215686274
0.8117647058823529
0.9921568627450981
0.43529411764705883
0.0
0.0
0.04313725490196074
0.5568627450980392
0.9764705882352941
0.9921568627450981
0.803921568627451
0.09019607843137256
0.0
0.0
0.0
0.0
0.0
0.0
0.0
0.0
0.0
0.0
0.996078431372549
0.9921568627450981
0.8784313725490196
0.9921568627450981
0.9921568627450981
0.9058823529411765
0.19999999999999996
0.28627450980392155
0.9450980392156862
0.9372549019607843
0.7137254901960784
0.5450980392156863
0.8117647058823529
0.9921568627450981
0.9921568627450981
0.8431372549019608
0.22352941176470587
0.0
0.0
0.0
0.0
0.0
0.0
0.0
0.0
0.0
0.0
0.0
0.596078431372549
0.9921568627450981
0.9921568627450981
0.9686274509803922
0.8705882352941177
0.196078431372549
0.0
0.0
0.7647058823529411
0.9607843137254902
0.9921568627450981
0.9921568627450981
0.9921568627450981
0.9490196078431372
0.788235294117647
0.09019607843137256
0.0
0.0
0.0
0.0
0.0
0.0
0.0
0.0
0.0
0.0
0.0
0.0
0.06274509803921569
0.6392156862745098
0.7294117647058824
0.3254901960784313
0.0
0.0
0.0
0.0
0.0
0.19999999999999996
0.6470588235294117
0.7294117647058824
0.7294117647058824
0.17647058823529416
0.0
0.0
0.0
0.0
0.0
0.0
0.0
0.0
0.0
0.0
0.0
0.0
0.0
0.0
0.0
0.0
0.0
0.0
0.0
0.0
0.0
0.0
0.0
0.0
0.0
0.0
0.0
0.0
0.0
0.0
0.0
0.0
0.0
0.0
0.0
0.0
0.0
0.0
0.0
0.0
0.0
0.0
0.0
0.0
0.0
0.0
0.0
0.0
0.0
0.0
0.0
0.0
0.0
0.0
0.0
0.0
0.0
0.0
0.0
0.0
0.0
0.0
0.0
0.0
0.0
0.0
0.0
0.0
0.0
0.0
0.0
0.0
0.0
0.0
0.0
0.0
0.0
0.0
0.0
0.0
0.0
0.0
0.0
0.0
0.0
0.0
0.0
0.0
0.0
0.0
0.0
0.0
0.0
0.0
0.0
0.0
0.0
0.0
0.0
0.0
0.0
0.0
0.0
0.0
0.0
0.0
0.0
0.0
0.0
0.0
0.0
0.0
0.0
0.0
0.0
0.0
0.0
0.0
0.0
0.0
0.0
0.0
0.0
0.0
0.0
0.0
0.0
0.0
0.0
0.0
0.0
0.0
0.0
0.0
0.0
0.0
0.0
0.0
0.0
0.0
0.0
0.0
0.0
0.0
0.0
0.0
0.0
0.0
0.0
0.0
0.0
0.0
0.0
0.0
0.0
0.0
0.0
0.0
0.0
0.0
0.0
0.0
0.0
0.0
0.0
0.0
0.0
0.0
0.0
0.0
0.0
0.0
0.0
0.0
0.0
0.0
0.0
0.0
0.0
0.0
0.0
0.0
0.0
0.0
0.0
0.0
0.0
0.0
0.0
0.0
0.0
0.0
0.0
0.0
0.0
0.0
0.0
0.0
0.0
0.0
0.0
0.0
0.0
0.0
0.0
0.0
0.0
0.0
0.0
0.0
0.0
0.0
0.0
0.0
0.0
0.0
0.0
0.0
0.0
0.0
0.0
0.0
0.0
0.0
0.0
0.0
0.0
0.0
0.0
0.0
0.0
0.0
0.0
0.0
