0.0
0.0
0.0
0.0
0.0
0.0
0.0
0.0
0.0
0.0
0.0
0.0
0.0
0.0
0.0
0.0
0.0
0.0
0.0
0.0
0.0
0.0
0.0
0.0
0.0
0.0
0.0
0.0
0.0
0.0
0.0
0.0
0.0
0.0
0.0
0.0
0.0
0.0
0.0
0.0
0.0
0.0
0.0
0.0
0.0
0.0
0.0
0.0
0.0
0.0
0.0
0.0
0.0
0.0
0.0
0.0
0.0
0.0
0.0
0.0
0.0
0.0
0.0
0.0
0.0
0.0
0.0
0.0
0.0
0.0
0.0
0.0
0.0
0.0
0.0
0.0
0.0
0.0
0.0
0.0
0.0
0.0
0.0
0.0
0.0
0.0
0.0
0.0
0.0
0.0
0.0
0.0
0.0
0.0
0.0
0.0
0.0
0.0
0.0
0.0
0.0
0.0
0.0
0.0
0.0
0.0
0.0
0.0
0.0
0.0
0.0
0.0
0.0
0.0
0.0
0.0
0.0
0.0
0.0
0.0
0.0
0.0
0.0
0.0
0.0
0.0
0.0
0.0
0.0
0.0
0.0
0.0
0.23529411764705888
0.2431372549019608
0.27450980392156865
0.0
0.0
0.0
0.0
0.0
0.0
0.0
0.0
0.0
0.0
0.0
0.0
0.0
0.0
0.0
0.0
0.0
0.0
0.0
0.0
0.0
0.0
0.0
0.0
0.39607843137254906
0.9568627450980391
0.996078431372549
0.9372549019607843
0.2313725490196078
0.0
0.0
0.0
0.0
0.0
0.0
0.0
0.0
0.0
0.0
0.0
0.0
0.0
0.0
0.0
0.0
0.0
0.0
0.0
0.0
0.0
0.0
0.04313725490196074
0.8823529411764706
0.8470588235294118
0.803921568627451
0.996078431372549
0.9450980392156862
0.0
0.0
0.0
0.0
0.0
0.0
0.0
0.0
0.0
0.0
0.0
0.0
0.0
0.0
0.0
0.0
0.0
0.0
0.0
0.0
0.0
0.0
0.0117647058823529
0.584313725490196
0.388235294117647
0.10196078431372546
0.7686274509803921
0.996078431372549
0.0
0.0
0.0
0.0
0.0
0.0
0.0
0.0
0.0
0.0
0.0
0.0
0.0
0.0
0.0
0.0
0.0
0.0
0.0
0.0
0.0
0.0
0.0
0.027450980392156876
0.0
0.0
0.5882352941176471
1.0
0.0
0.0
0.0
0.0
0.0
0.0
0.0
0.0
0.0
0.0
0.0
0.0
0.0
0.0
0.0
0.0
0.0
0.0
0.0
0.0
0.0
0.0
0.0
0.0
0.0
0.0
0.5882352941176471
0.996078431372549
0.0
0.0
0.0
0.0
0.0
0.0
0.0
0.0
0.0
0.0
0.0117647058823529
0.3294117647058824
0.5568627450980392
0.05490196078431375
0.0
0.0
0.0
0.0
0.0
0.0
0.0
0.0
0.0
0.0
0.0
0.0
0.5882352941176471
0.996078431372549
0.0
0.0
0.0
0.0
0.0
0.0
0.0
0.0
0.0
0.0
0.3176470588235294
0.996078431372549
0.7843137254901961
0.019607843137254943
0.0
0.0
0.0
0.4980392156862745
0.35686274509803917
0.0
0.0
0.0
0.0
0.0
0.0
0.0
0.8274509803921568
0.996078431372549
0.0
0.0
0.0
0.0
0.0
0.0
0.0
0.0
0.0
0.0980392156862745
0.8823529411764706
0.996078431372549
0.2941176470588235
0.0
0.0
0.0
0.2431372549019608
0.9568627450980391
0.7254901960784313
0.0
0.0
0.0
0.0
0.0
0.0
0.0
0.9058823529411765
1.0
0.0
0.0
0.0
0.0
0.0
0.0
0.0
0.0
0.0
0.6823529411764706
0.996078431372549
0.603921568627451
0.019607843137254943
0.0
0.0
0.0
0.6980392156862745
0.996078431372549
0.8588235294117648
0.03529411764705881
0.0
0.0
0.0
0.0
0.0
0.0
0.9058823529411765
0.9333333333333333
0.0
0.0
0.0
0.0
0.0
0.0
0.0
0.0
0.12549019607843137
0.9686274509803922
0.9176470588235295
0.07450980392156858
0.0
0.0
0.0
0.039215686274509776
0.8901960784313725
0.996078431372549
0.7098039215686274
0.0
0.0
0.0
0.0
0.0
0.0
0.38431372549019605
0.9882352941176471
0.6
0.0
0.0
0.0
0.0
0.0
0.0
0.0
0.0
0.3686274509803922
0.996078431372549
0.6588235294117647
0.0
0.0
0.0
0.0
0.06666666666666665
0.996078431372549
0.996078431372549
0.4784313725490196
0.0
0.0
0.0
0.0
0.0
0.26274509803921564
0.9686274509803922
0.996078431372549
0.1686274509803921
0.0
0.0
0.0
0.0
0.0
0.0
0.0
0.0
0.9921568627450981
0.996078431372549
0.5254901960784314
0.0
0.0
0.0
0.03137254901960784
0.788235294117647
0.996078431372549
0.996078431372549
0.3764705882352941
0.0
0.0
0.0
0.0
0.015686274509803977
0.607843137254902
0.996078431372549
0.30980392156862746
0.0039215686274509665
0.0
0.0
0.0
0.0
0.0
0.0
0.0
0.0
0.6470588235294117
0.996078431372549
0.4509803921568627
0.0
0.0
0.0
0.6745098039215687
0.9921568627450981
0.8509803921568627
0.996078431372549
0.5019607843137255
0.0
0.0
0.0
0.16078431372549018
0.7647058823529411
0.9843137254901961
0.8
0.027450980392156876
0.0
0.0
0.0
0.0
0.0
0.0
0.0
0.0
0.0
0.11764705882352944
0.9647058823529412
0.7411764705882353
0.2196078431372549
0.14901960784313728
0.7372549019607844
0.9921568627450981
0.6509803921568628
0.1725490196078432
0.9725490196078431
0.9490196078431372
0.7607843137254902
0.4666666666666667
0.7568627450980392
0.8549019607843137
0.996078431372549
0.6823529411764706
0.07843137254901966
0.0
0.0
0.0
0.0
0.0
0.0
0.0
0.0
0.0
0.0
0.0
0.5176470588235293
0.996078431372549
0.9019607843137255
0.9137254901960784
0.996078431372549
0.7725490196078432
0.05882352941176472
0.0
0.4549019607843138
0.9137254901960784
0.8980392156862745
0.9882352941176471
0.9411764705882353
0.9294117647058824
0.7803921568627451
0.1568627450980392
0.0
0.0
0.0
0.0
0.0
0.0
0.0
0.0
0.0
0.0
0.0
0.0
0.04705882352941182
0.7058823529411764
0.8901960784313725
0.8745098039215686
0.584313725490196
0.05882352941176472
0.0
0.0
0.0
0.07450980392156858
0.06274509803921569
0.43137254901960786
0.20392156862745103
0.0862745098039216
0.0
0.0
0.0
0.0
0.0
0.0
0.0
0.0
0.0
0.0
0.0
0.0
0.0
0.0
0.0
0.0
0.050980392156862786
0.04313725490196074
0.0
0.0
0.0
0.0
0.0
0.0
0.0
0.0
0.0
0.0
0.0
0.0
0.0
0.0
0.0
0.0
0.0
0.0
0.0
0.0
0.0
0.0
0.0
0.0
0.0
0.0
0.0
0.0
0.0
0.0
0.0
0.0
0.0
0.0
0.0
0.0
0.0
0.0
0.0
0.0
0.0
0.0
0.0
0.0
0.0
0.0
0.0
0.0
0.0
0.0
0.0
0.0
0.0
0.0
0.0
0.0
0.0
0.0
0.0
0.0
0.0
0.0
0.0
0.0
0.0
0.0
0.0
0.0
0.0
0.0
0.0
0.0
0.0
0.0
0.0
0.0
0.0
0.0
0.0
0.0
0.0
0.0
0.0
0.0
0.0
0.0
0.0
0.0
0.0
0.0
0.0
0.0
0.0
0.0
0.0
0.0
0.0
0.0
0.0
0.0
0.0
0.0
0.0
0.0
0.0
0.0
0.0
0.0
0.0
0.0
0.0
0.0
0.0
0.0
0.0
0.0
0.0
0.0
0.0
0.0
0.0
0.0
0.0
0.0
0.0
0.0
0.0
0.0
0.0
0.0
0.0
0.0
0.0
0.0
0.0
0.0
0.0
0.0
0.0
0.0
0.0
0.0
0.0
0.0
0.0
0.0
0.0
0.0
0.0
0.0
0.0
0.0
0.0
0.0
0.0
0.0
0.0
0.0
0.0
0.0
0.0
0.0
0.0
0.0
0.0
0.0
0.0
0.0
0.0
0.0
0.0
0.0
0.0
0.0
0.0
0.0
0.0
0.0
0.0
0.0
0.0
0.0
0.0
0.0
0.0
0.0
0.0
