0.0
0.0
0.0
0.0
0.0
0.0
0.0
0.0
0.0
0.0
0.0
0.0
0.0
0.0
0.0
0.0
0.0
0.0
0.0
0.0
0.0
0.0
0.0
0.0
0.0
0.0
0.0
0.0
0.0
0.0
0.0
0.0
0.0
0.0
0.0
0.0
0.0
0.0
0.0
0.0
0.0
0.0
0.0
0.0
0.0
0.0
0.0
0.0
0.0
0.0
0.0
0.0
0.0
0.0
0.0
0.0
0.0
0.0
0.0
0.0
0.0
0.0
0.0
0.0
0.0
0.0
0.0
0.0
0.0
0.0
0.0
0.0
0.0
0.0
0.0
0.0
0.0
0.0
0.0
0.0
0.0
0.0
0.0
0.0
0.0
0.0
0.0
0.0
0.0
0.0
0.0
0.0
0.0
0.0
0.0
0.0
0.0
0.0
0.0
0.0
0.0
0.0
0.0
0.0
0.0
0.0
0.0
0.0
0.0
0.0
0.0
0.0
0.0
0.0
0.0
0.0
0.0
0.0
0.0
0.0
0.0
0.0
0.0
0.0
0.0
0.0
0.0
0.0
0.0
0.0
0.0
0.0
0.0
0.0
0.0
0.0
0.0
0.0
0.0
0.0
0.0
0.0
0.0
0.0
0.0
0.0
0.0
0.0
0.0
0.0
0.0
0.0
0.0
0.0
0.0
0.0
0.0
0.0
0.0
0.0
0.0
0.0
0.0
0.0
0.0
0.0
0.0
0.0
0.0
0.0
0.0
0.0
0.0
0.0
0.0
0.0
0.0
0.0
0.0
0.0
0.0
0.03137254901960784
0.22352941176470587
0.41960784313725485
0.07058823529411762
0.0
0.0
0.0
0.0
0.0
0.0
0.0
0.0
0.0
0.0
0.0
0.0
0.0
0.0
0.0
0.0
0.0
0.0
0.0
0.0
0.0
0.0
0.0
0.03529411764705881
0.6784313725490196
0.9921568627450981
0.996078431372549
0.615686274509804
0.0
0.0
0.0
0.0
0.0
0.0
0.0
0.0
0.0
0.0
0.0
0.0
0.0
0.0
0.0
0.0
0.0
0.0
0.0
0.0
0.0
0.0
0.03137254901960784
0.6784313725490196
0.9921568627450981
0.9921568627450981
0.996078431372549
0.788235294117647
0.0
0.0
0.0
0.0
0.0
0.0
0.0
0.0
0.0
0.0
0.0
0.0
0.0
0.0
0.0
0.0
0.0
0.0
0.0
0.0
0.0
0.019607843137254943
0.4980392156862745
0.9921568627450981
0.9921568627450981
0.9921568627450981
0.996078431372549
0.6549019607843137
0.0
0.0
0.0
0.0
0.0
0.1568627450980392
0.4901960784313726
0.23529411764705888
0.0
0.0
0.0
0.0
0.0
0.0
0.0
0.0
0.0
0.0
0.0
0.0
0.0
0.29803921568627456
0.996078431372549
0.9843137254901961
0.7529411764705882
0.996078431372549
1.0
0.5372549019607843
0.0
0.0
0.0
0.0
0.16470588235294115
0.7803921568627451
0.996078431372549
0.8
0.0
0.0
0.0
0.0
0.0
0.0
0.0
0.0
0.0
0.0
0.0
0.0
0.13725490196078427
0.8196078431372549
0.9921568627450981
0.5333333333333333
0.25098039215686274
0.9921568627450981
0.996078431372549
0.24705882352941178
0.0
0.0
0.0
0.1843137254901961
0.8549019607843137
0.9921568627450981
0.9607843137254902
0.6705882352941177
0.0
0.0
0.0
0.0
0.0
0.0
0.0
0.0
0.0
0.0
0.0
0.1843137254901961
0.7490196078431373
0.9843137254901961
0.5333333333333333
0.03529411764705881
0.12549019607843137
0.9607843137254902
0.9647058823529412
0.12549019607843137
0.0
0.0
0.37254901960784315
0.7803921568627451
0.9921568627450981
0.9568627450980393
0.3137254901960784
0.0
0.0
0.0
0.0
0.0
0.0
0.0
0.0
0.0
0.0
0.0
0.04705882352941182
0.7647058823529411
0.9921568627450981
0.6784313725490196
0.0
0.0
0.0
0.9333333333333333
0.9333333333333333
0.0
0.0
0.5686274509803921
0.9843137254901961
0.996078431372549
0.8431372549019608
0.2549019607843137
0.0
0.0
0.0
0.0
0.0
0.0
0.0
0.0
0.0
0.0
0.0
0.0
0.5764705882352941
0.9921568627450981
0.8941176470588236
0.11764705882352944
0.0
0.0
0.0
0.9333333333333333
0.9333333333333333
0.039215686274509776
0.6235294117647059
0.9843137254901961
0.9921568627450981
0.8588235294117648
0.21176470588235297
0.0
0.0
0.0
0.0
0.0
0.0
0.0
0.0
0.0
0.0
0.0
0.0039215686274509665
0.4745098039215686
0.996078431372549
0.9019607843137255
0.23529411764705888
0.0
0.0
0.0
0.1725490196078432
0.9764705882352941
0.9803921568627451
0.8196078431372549
0.996078431372549
0.996078431372549
0.8588235294117648
0.0980392156862745
0.0
0.0
0.0
0.0
0.0
0.0
0.0
0.0
0.0
0.0
0.0
0.0
0.33725490196078434
0.9921568627450981
0.9921568627450981
0.2784313725490196
0.0
0.0
0.0
0.0
0.25098039215686274
0.9921568627450981
0.996078431372549
0.9921568627450981
0.9921568627450981
0.6274509803921569
0.09411764705882353
0.0
0.0
0.0
0.0
0.0
0.0
0.0
0.0
0.0
0.0
0.0
0.0
0.0
0.9372549019607843
0.9294117647058824
0.2431372549019608
0.02352941176470591
0.0
0.0
0.0
0.0
0.30980392156862746
0.9921568627450981
0.996078431372549
0.9921568627450981
0.43137254901960786
0.02352941176470591
0.0
0.0
0.0
0.0
0.0
0.0
0.0
0.0
0.0
0.0
0.0
0.0
0.0
0.0
0.9176470588235294
0.8
0.12549019607843137
0.0
0.0
0.0
0.0
0.2431372549019608
0.9372549019607843
0.9921568627450981
0.9803921568627451
0.3764705882352941
0.02352941176470591
0.0
0.0
0.0
0.0
0.0
0.0
0.0
0.0
0.0
0.0
0.0
0.0
0.0
0.0
0.0
0.16078431372549018
0.37254901960784315
0.4392156862745098
0.039215686274509776
0.0
0.11764705882352944
0.4901960784313726
0.9607843137254902
0.9921568627450981
0.9921568627450981
0.9333333333333333
0.0
0.0
0.0
0.0
0.0
0.0
0.0
0.0
0.0
0.0
0.0
0.0
0.0
0.0
0.0
0.0
0.0
0.0
0.0
0.050980392156862786
0.23921568627450984
0.5686274509803921
1.0
0.996078431372549
0.9843137254901961
0.8549019607843137
0.13725490196078427
0.196078431372549
0.0
0.0
0.0
0.0
0.0
0.0
0.0
0.0
0.0
0.0
0.0
0.0
0.0
0.0
0.0
0.0
0.0
0.027450980392156876
0.5725490196078431
0.9450980392156862
0.9921568627450981
0.9921568627450981
0.9490196078431372
0.8666666666666667
0.7019607843137254
0.0
0.0
0.0
0.0
0.0
0.0
0.0
0.0
0.0
0.0
0.0
0.0
0.0
0.0
0.0
0.0
0.0
0.0
0.0
0.0
0.0117647058823529
0.7333333333333334
0.9568627450980393
0.803921568627451
0.7058823529411764
0.21568627450980393
0.0
0.0
0.0
0.0
0.0
0.0
0.0
0.0
0.0
0.0
0.0
0.0
0.0
0.0
0.0
0.0
0.0
0.0
0.0
0.0
0.0
0.0
0.0
0.05490196078431375
0.10196078431372546
0.0
0.0
0.0
0.0
0.0
0.0
0.0
0.0
0.0
0.0
0.0
0.0
0.0
0.0
0.0
0.0
0.0
0.0
0.0
0.0
0.0
0.0
0.0
0.0
0.0
0.0
0.0
0.0
0.0
0.0
0.0
0.0
0.0
0.0
0.0
0.0
0.0
0.0
0.0
0.0
0.0
0.0
0.0
0.0
0.0
0.0
0.0
0.0
0.0
0.0
0.0
0.0
0.0
0.0
0.0
0.0
0.0
0.0
0.0
0.0
0.0
0.0
0.0
0.0
0.0
0.0
0.0
0.0
0.0
0.0
0.0
0.0
0.0
0.0
0.0
0.0
0.0
0.0
0.0
0.0
0.0
0.0
0.0
0.0
0.0
0.0
0.0
0.0
0.0
0.0
0.0
0.0
0.0
0.0
0.0
0.0
0.0
0.0
0.0
0.0
0.0
0.0
0.0
0.0
0.0
0.0
0.0
0.0
0.0
0.0
0.0
0.0
0.0
0.0
0.0
0.0
0.0
0.0
0.0
0.0
0.0
0.0
0.0
0.0
0.0
0.0
0.0
0.0
0.0
0.0
0.0
0.0
